Test #1


Test #2
832 835 988 

Test #3


Test #4
204 253 257 393 

Test #5
244 477 556 608 654 668 691 731 746 791 

Test #6
393 428 678 708 714 767 796 844 858 886 900 946 947 960 

Test #7
924 986 1251 1323 1325 1340 1384 

Test #8


Test #9
8 60 115 126 136 154 272 377 391 423 430 433 452 465 469 474 482 497 503 523 529 532 543 544 565 576 580 595 596 602 616 651 

Test #10
35 463 491 577 615 670 702 711 727 738 813 820 821 841 856 868 871 877 879 880 883 891 899 903 909 935 937 940 

Test #11


Test #12
1111 1214 1283 1319 

Test #13
54 68 312 315 333 435 457 487 498 504 506 527 540 552 555 573 578 586 588 597 601 603 605 606 622 679 683 700 

Test #14


Test #15
38 140 179 193 273 284 428 434 478 499 500 506 508 519 527 545 547 562 569 584 594 612 629 

Test #16


Test #17
38 77 393 680 708 709 714 717 766 767 796 844 849 863 886 946 947 959 960 

Test #18


Test #19


Test #20


Test #21
336 393 1011 1018 1036 1045 1089 1150 

Test #22


Test #23


Test #24
63 134 315 324 353 539 645 741 952 961 967 971 974 1046 1075 1077 1086 1087 1090 1097 1146 1167 1186 1189 1190 1198 1200 1204 1209 1210 1211 1212 1218 1219 1220 1224 1233 1234 1237 1238 1244 1249 1250 1252 1265 1273 1274 1278 1279 1286 1289 1299 1301 1305 1309 1331 

Test #25
835 836 

Test #26


Test #27


Test #28
942 954 1069 1153 1161 1177 1213 1240 1275 1285 1302 

Test #29
254 355 561 578 651 806 871 1020 1025 1042 1059 1062 1081 1093 1094 1124 1147 

Test #30
282 482 591 640 652 654 

Test #31
545 561 563 667 709 723 760 806 818 829 830 847 851 855 

Test #32
531 567 

Test #33


Test #34


Test #35


Test #36


Test #37
184 422 

Test #38
984 985 1000 1059 1173 1230 1239 

Test #39


Test #40


Test #41
198 274 491 577 615 670 684 694 702 710 719 722 732 749 752 789 796 802 813 820 822 835 838 

Test #42
709 1011 

Test #43


Test #44
19 35 272 427 615 662 727 738 790 798 867 890 911 920 931 950 953 966 969 984 1001 1004 1008 1009 1018 1019 1021 1023 1030 1040 1041 1045 1051 1057 1071 1088 1092 1095 1121 1122 

Test #45
655 769 843 

Test #46


Test #47


Test #48
832 836 1135 

Test #49
254 336 355 578 651 746 806 838 871 1006 1020 1025 1038 1042 1059 1062 1093 1094 1124 

Test #50
269 380 396 461 536 596 599 609 620 633 636 637 642 646 653 657 663 673 699 725 734 779 

Test #51
14 34 49 85 133 150 160 206 251 252 298 321 414 429 432 460 509 521 

Test #52


Test #53
740 798 

Test #54


Test #55
1254 

Test #56
945 

Test #57


Test #58
563 784 1029 1044 1070 1083 1092 1097 1120 1134 1141 1152 1170 1178 1191 1194 

Test #59


Test #60
138 352 784 1027 1029 1044 1055 1073 1083 1092 1095 1097 1120 1134 1152 1178 1184 1194 1203 

Test #61
832 835 836 

Test #62


Test #63


Test #64
924 989 993 1054 1071 1078 1102 1114 1116 

Test #65
828 

Test #66


Test #67
35 272 427 558 630 727 738 798 852 866 966 986 995 1001 1028 1034 1040 1043 1051 1053 1059 1085 1086 1088 1092 1095 1103 1105 1109 1121 1122 1125 1139 1140 1143 1158 1177 

Test #68


Test #69


Test #70


Test #71
18 31 43 54 63 79 83 103 106 112 123 140 148 179 183 232 254 273 274 284 297 312 318 401 415 419 426 431 434 453 467 476 478 481 484 485 489 495 498 499 500 501 506 508 519 525 527 547 552 564 569 574 584 587 590 603 610 615 

Test #72
678 717 766 796 828 879 1067 

Test #73
998 1063 1213 1240 1251 

Test #74
77 134 336 355 377 380 539 563 572 631 632 661 669 680 717 722 723 732 749 754 761 765 766 770 771 784 788 789 793 796 797 803 809 821 823 824 827 840 842 850 854 856 859 863 865 877 885 906 

Test #75
2 8 27 35 37 69 84 91 94 97 99 109 122 124 136 148 180 198 216 217 222 239 247 267 312 314 319 326 328 343 373 380 401 423 426 432 433 439 443 445 449 453 459 467 473 474 476 477 479 493 501 503 510 516 520 523 526 530 536 543 544 

Test #76


Test #77


Test #78


Test #79
63 103 105 162 254 274 278 312 377 390 453 466 474 501 525 542 552 553 564 570 574 590 593 603 605 615 632 645 656 

Test #80
861 

Test #81
485 506 552 648 700 707 708 744 

Test #82
540 

Test #83
35 272 427 558 727 738 798 852 867 890 986 1028 1034 1041 1043 1051 1053 1059 1076 1088 1092 1095 1096 1103 1109 1121 1122 1125 1140 1143 1144 1151 1154 1158 1167 1177 

Test #84


Test #85
128 132 420 523 535 607 681 704 

Test #86


Test #87
836 848 853 883 892 905 912 926 927 949 963 972 985 987 1004 

Test #88


Test #89
128 132 358 559 914 961 980 1013 1024 1049 1054 1063 1090 1101 1103 1115 1119 1133 1136 1145 1146 1155 1161 1168 1174 1177 1179 1181 1186 1193 1208 1231 1236 

Test #90


Test #91


Test #92
984 985 1000 1230 1239 

Test #93


Test #94
476 549 

Test #95
127 186 338 

Test #96


Test #97
1359 

Test #98


Test #99


Test #100


Test #101
700 

Test #102
49 78 85 150 160 190 206 216 221 247 256 267 303 308 311 314 348 391 416 430 441 511 550 553 

Test #103


Test #104
531 567 688 

Test #105
560 

Test #106


Test #107
701 831 924 986 989 993 997 999 1008 1015 1037 1050 1053 1054 1060 1071 1078 1084 1090 1114 1116 1118 1130 1131 1146 1148 1151 1154 1169 

Test #108


Test #109
264 671 774 

Test #110
128 914 954 961 998 1040 1069 1104 1119 1129 1133 1161 1177 1181 1193 

Test #111
648 723 806 829 851 855 904 913 928 942 

Test #112


Test #113
19 35 221 272 319 358 424 459 463 560 628 635 662 691 692 693 701 710 713 721 727 731 732 734 738 745 764 768 775 787 789 796 800 804 807 810 822 825 826 839 848 849 867 869 871 873 879 

Test #114
264 349 643 1049 

Test #115
128 420 442 535 

Test #116


Test #117
756 771 884 

Test #118
35 630 677 866 1076 1127 1140 1157 1189 1190 1193 1198 1208 1218 1224 1227 1234 1236 1242 1246 1249 1252 1273 1274 1278 1279 1282 1286 1305 1318 1331 1346 

Test #119


Test #120


Test #121
38 140 193 264 284 361 434 515 545 557 584 629 631 667 671 674 683 695 714 720 735 754 

Test #122


Test #123
38 103 112 115 123 278 349 377 424 428 452 453 465 474 478 482 495 497 506 532 545 552 553 564 569 574 576 591 593 605 608 625 632 634 647 656 660 

Test #124
264 349 361 643 651 730 746 774 782 783 793 811 834 868 870 872 883 

Test #125


Test #126


Test #127


Test #128
422 

Test #129


Test #130


Test #131


Test #132
24 128 202 277 279 328 367 370 442 469 480 595 

Test #133
954 998 1069 1153 1161 1177 1213 1240 

Test #134


Test #135
27 60 69 82 122 136 222 373 401 433 445 453 459 465 467 473 474 495 501 510 543 544 

Test #136
832 836 1135 

Test #137


Test #138
504 

Test #139
556 911 941 989 997 1054 1118 

Test #140
723 760 806 818 829 830 847 851 

Test #141


Test #142


Test #143


Test #144
488 

Test #145


Test #146
450 578 806 853 952 1093 1146 1194 1204 1241 1257 1263 1266 1270 1271 1279 1286 1290 1291 1299 1301 1308 1311 1320 1327 1335 1339 1347 1357 1374 

Test #147
403 500 535 604 696 769 

Test #148


Test #149


Test #150


Test #151
31 54 63 79 103 140 162 183 193 254 273 274 312 318 361 390 415 426 427 431 434 466 470 478 484 489 491 498 499 500 501 506 508 519 525 527 542 552 562 564 569 570 574 577 584 586 590 594 603 605 610 612 615 629 650 

Test #152


Test #153
31 54 183 312 339 487 489 504 506 522 561 566 571 573 578 593 603 605 618 625 670 679 683 719 736 753 

Test #154
403 655 696 747 769 

Test #155


Test #156
771 

Test #157
836 

Test #158


Test #159


Test #160
31 549 563 

Test #161
8 14 19 28 53 77 97 98 119 120 124 156 160 161 166 174 206 228 235 260 276 281 289 295 328 331 339 394 411 423 439 447 450 453 494 522 

Test #162
428 659 678 767 828 844 886 946 

Test #163


Test #164
1001 1029 1134 1167 1192 1212 1241 1257 1294 

Test #165


Test #166


Test #167


Test #168


Test #169


Test #170


Test #171
507 531 688 740 755 

Test #172
559 790 831 928 980 986 1023 1063 1078 1115 1118 1169 1179 1186 1197 1202 1210 1233 1267 1268 1296 

Test #173
549 760 

Test #174
564 

Test #175


Test #176


Test #177


Test #178
77 709 921 951 1011 1018 1089 1150 

Test #179
420 559 701 790 831 928 980 986 1023 1063 1115 1118 1130 1154 1169 1179 1186 1197 1202 1210 1233 1267 1268 1296 

Test #180
24 45 56 62 104 181 202 230 244 279 317 329 367 386 416 428 469 488 506 507 

Test #181
128 535 782 

Test #182
128 132 535 559 746 783 808 811 833 834 918 934 936 

Test #183


Test #184
709 

Test #185
128 264 349 535 604 643 782 783 870 

Test #186
328 370 420 535 575 621 628 686 

Test #187
19 269 319 424 463 653 690 692 722 734 749 758 773 777 785 787 796 799 802 804 805 810 853 860 

Test #188
202 488 

Test #189


Test #190
779 

Test #191


Test #192


Test #193
670 836 

Test #194


Test #195
5 459 913 978 988 1003 1051 1073 1082 1088 1091 1102 1114 1123 1141 1149 1151 1173 1178 1187 1215 1223 1256 1258 1261 1266 

Test #196
126 269 374 531 550 670 693 721 740 773 798 832 835 836 859 899 956 962 993 1016 1026 

Test #197


Test #198


Test #199


Test #200


Test #201
771 

Test #202
90 126 221 224 531 560 644 653 672 693 721 743 773 795 805 816 817 848 880 893 

Test #203


Test #204
954 961 998 1069 1119 1213 

Test #205


Test #206


Test #207


Test #208


Test #209


Test #210
182 383 663 809 853 862 865 896 910 920 921 951 1014 

Test #211
182 321 383 470 538 638 641 694 705 706 709 711 763 

Test #212


Test #213


Test #214


Test #215


Test #216
113 221 560 635 672 691 693 710 713 721 731 743 775 789 810 822 826 848 867 880 892 893 894 912 

Test #217
8 19 34 99 107 109 118 119 133 174 189 224 289 293 298 331 336 344 356 380 411 432 446 455 456 503 509 510 511 514 516 518 520 521 524 526 528 530 533 534 536 546 554 568 571 585 609 618 623 

Test #218


Test #219


Test #220
38 315 540 661 680 714 717 741 766 770 774 796 840 850 859 863 888 898 906 910 915 917 938 939 944 

Test #221


Test #222
403 515 575 604 

Test #223
1058 1081 

Test #224


Test #225
328 370 532 580 600 602 607 621 628 655 

Test #226
727 908 1023 1028 1046 1077 1096 1115 1118 1174 1208 1210 1219 1220 1233 1237 1265 1267 1278 1280 1287 1292 1299 1302 1314 1318 1321 1334 1343 

Test #227


Test #228
284 508 560 730 

Test #229


Test #230
384 422 

Test #231


Test #232


Test #233


Test #234
2 10 12 17 18 22 25 37 50 52 55 60 61 74 75 81 84 91 99 109 115 122 126 141 148 154 170 176 180 190 200 201 202 208 216 217 222 230 239 247 260 267 268 272 277 281 284 287 308 312 314 326 328 343 351 362 367 376 377 397 408 409 414 415 417 426 431 442 443 445 449 476 493 501 

Test #235


Test #236
911 1112 

Test #237
557 579 

Test #238
32 130 141 159 223 435 457 483 485 487 504 527 540 552 555 588 

Test #239
504 

Test #240
832 836 1135 

Test #241
68 504 540 

Test #242
128 299 328 367 370 420 480 515 535 602 607 

Test #243


Test #244
37 53 98 156 166 180 217 228 235 281 328 331 336 411 447 494 

Test #245
32 71 169 204 207 257 302 310 315 393 395 407 483 485 487 504 555 573 588 

Test #246
68 393 571 605 606 648 659 700 707 708 744 770 

Test #247
63 162 183 193 254 274 318 361 390 427 428 466 491 506 519 525 542 545 551 557 558 562 577 593 594 603 605 610 612 625 629 632 634 650 658 659 670 675 684 693 698 710 720 

Test #248
1162 1196 1205 1206 1216 

Test #249
1153 

Test #250
19 90 113 427 615 644 662 817 976 1015 1034 1041 1060 1073 1103 1123 1124 1132 1137 1155 1168 1190 1193 1215 1228 1235 1236 1239 1243 1249 1255 1258 1261 1268 1272 1274 1297 1300 1303 1304 1305 1310 1315 1332 1337 1338 1345 1349 1358 1369 

Test #251


Test #252


Test #253
132 559 790 980 1023 1028 1115 1119 1169 1174 1179 1186 1210 1219 1231 1233 1267 1280 1292 

Test #254
126 224 507 531 550 560 644 688 693 739 780 795 845 

Test #255
984 1295 1364 

Test #256


Test #257
63 103 162 183 254 274 278 312 318 321 390 466 474 479 491 501 522 525 542 552 562 564 570 571 574 577 590 599 603 605 610 615 617 636 637 645 657 675 677 

Test #258


Test #259
54 79 140 179 193 273 284 428 434 478 498 499 500 506 508 519 527 547 569 584 594 612 629 

Test #260
5 396 663 694 770 790 795 800 809 819 827 832 835 836 853 859 864 874 875 887 921 922 926 973 

Test #261


Test #262
198 274 628 693 732 745 787 

Test #263


Test #264
1111 1319 1363 

Test #265


Test #266
8 38 112 123 126 132 282 328 377 428 442 452 469 482 493 497 506 519 523 529 532 544 545 565 580 595 596 600 602 616 619 624 

Test #267


Test #268


Test #269


Test #270


Test #271
28 450 566 578 708 797 806 853 952 971 1001 1025 1029 1035 1066 1086 1097 1101 1122 1134 1158 1160 1167 1189 1192 1194 1198 1200 1204 1209 1212 1217 1218 1219 1220 1221 1232 1237 1241 1244 1248 1257 1262 1263 1265 1270 1271 1286 1289 1290 1291 1294 1299 1301 1309 

Test #272
68 504 540 

Test #273


Test #274


Test #275
41 422 479 538 598 

Test #276


Test #277


Test #278
1254 

Test #279


Test #280


Test #281


Test #282
32 43 54 66 68 130 135 141 142 159 223 310 333 339 364 435 457 483 485 487 498 504 519 527 537 541 552 555 566 570 578 588 594 597 599 606 622 

Test #283


Test #284


Test #285
422 440 502 542 557 561 563 579 

Test #286


Test #287
403 420 535 575 604 696 

Test #288


Test #289
678 708 767 796 844 886 900 946 947 960 

Test #290


Test #291
983 1001 1029 1101 1122 1167 1263 1311 1329 1342 1351 

Test #292


Test #293
837 853 1017 1029 1033 1044 1058 1070 1081 1083 1097 1108 1120 1134 1141 1152 1160 1165 1180 

Test #294
79 

Test #295
112 500 514 655 769 782 794 833 843 889 

Test #296


Test #297


Test #298


Test #299
1015 1109 1111 1132 1137 1199 1214 

Test #300
993 1078 1102 1114 1131 1132 1137 

Test #301


Test #302


Test #303


Test #304
19 90 615 1015 1034 1041 1073 1103 1109 1111 1124 1168 1199 1202 1214 1243 1255 1300 1315 1319 

Test #305


Test #306


Test #307


Test #308


Test #309
1112 1152 

Test #310
107 224 298 336 380 404 410 425 450 455 461 463 503 514 528 534 536 546 554 568 571 609 618 620 633 636 642 646 663 

Test #311
956 

Test #312
31 95 223 321 561 563 593 618 638 670 694 702 706 709 719 736 760 778 784 

Test #313
5 28 138 182 383 450 631 663 770 771 809 819 827 838 859 862 864 874 885 887 908 910 920 921 943 951 

Test #314


Test #315


Test #316
688 740 798 

Test #317
427 809 850 856 859 877 896 909 910 916 920 921 935 940 969 986 1028 

Test #318


Test #319


Test #320
911 1112 1152 

Test #321


Test #322
14 34 59 90 91 109 120 133 174 216 247 289 303 326 331 374 456 473 511 524 553 568 635 639 649 

Test #323


Test #324
924 976 1078 1102 

Test #325


Test #326


Test #327


Test #328
224 739 780 795 845 

Test #329
35 94 126 272 358 424 514 528 585 595 608 628 633 649 664 665 680 690 691 692 697 703 715 718 723 726 729 732 733 768 

Test #330
984 1295 1364 

Test #331
422 627 706 

Test #332


Test #333


Test #334
373 374 507 531 589 636 757 

Test #335


Test #336


Test #337


Test #338
269 670 988 1009 1047 1068 1098 

Test #339


Test #340
90 491 550 890 970 985 988 1000 1009 1026 1098 1111 

Test #341


Test #342


Test #343


Test #344


Test #345
19 90 427 615 1015 1034 1041 1073 1103 1111 1124 1168 1202 1214 1239 1249 1255 1272 1300 1303 1304 1315 1319 1332 1338 1345 1358 1363 1380 

Test #346
254 315 741 774 782 844 849 858 879 881 891 897 921 944 948 951 955 960 969 991 995 1036 1037 1044 

Test #347
8 24 27 34 35 69 94 122 124 126 136 154 198 272 319 358 373 391 423 430 432 433 465 477 495 507 510 514 523 528 529 543 553 564 572 574 582 585 593 596 623 649 689 

Test #348


Test #349
31 43 54 79 140 183 193 231 265 273 284 312 318 333 361 382 390 415 426 427 431 434 466 470 476 478 485 489 491 498 499 500 501 506 508 519 527 538 542 552 562 569 570 574 577 584 586 594 603 612 629 650 

Test #350


Test #351
94 128 132 358 535 559 888 914 928 952 961 989 997 1013 1035 1037 1053 1054 1084 1101 1105 1115 1136 1151 

Test #352


Test #353
1078 1202 1233 1283 

Test #354
540 888 901 

Test #355
198 427 491 577 595 615 670 677 680 681 684 687 702 710 711 719 732 736 752 768 772 783 789 813 820 821 822 823 841 842 849 852 868 871 877 879 882 883 899 903 

Test #356


Test #357


Test #358
45 62 181 240 317 416 426 506 

Test #359
128 132 535 

Test #360
672 810 826 

Test #361


Test #362
604 643 

Test #363


Test #364


Test #365
998 1069 

Test #366


Test #367
35 113 126 221 319 358 424 459 463 608 620 633 635 664 665 668 672 689 690 691 692 693 701 713 718 723 726 727 729 731 732 734 739 764 775 777 

Test #368


Test #369


Test #370


Test #371
31 54 63 79 103 140 162 183 193 254 265 273 274 312 318 361 390 415 427 428 431 466 470 489 491 498 499 500 501 506 519 525 527 542 552 557 558 562 564 569 570 574 577 584 586 590 594 603 605 610 612 629 650 658 675 

Test #372


Test #373
90 615 890 920 976 993 1015 1047 1057 1059 1098 1102 1107 1109 1113 1114 1132 1137 1143 1199 1214 

Test #374
946 967 998 1104 1133 1153 1168 

Test #375
2 13 24 38 43 45 47 54 56 60 67 75 86 104 108 115 121 126 128 157 170 171 181 200 202 211 216 229 230 232 244 267 273 277 278 279 314 329 365 367 370 379 386 392 398 409 416 417 428 442 469 480 488 503 507 519 

Test #376
28 138 182 383 450 631 749 770 771 809 819 827 838 859 862 864 874 875 885 887 910 920 943 951 

Test #377


Test #378
336 1147 

Test #379


Test #380
876 

Test #381
452 

Test #382
19 269 463 599 636 637 653 657 663 664 665 673 690 699 713 722 734 749 758 779 785 787 796 

Test #383
860 945 

Test #384
690 756 771 884 

Test #385
560 

Test #386
24 33 114 266 288 299 420 454 

Test #387


Test #388
162 198 274 491 560 577 615 628 633 662 693 710 717 719 723 726 732 738 745 752 764 768 787 807 849 

Test #389
1104 1133 

Test #390
183 315 393 428 571 648 649 659 678 707 708 770 840 858 

Test #391
63 198 315 324 353 539 645 741 908 931 942 946 952 966 967 989 997 1001 1019 1035 1046 1074 1077 1084 1086 1089 1101 1117 1122 1124 1126 1128 1146 1158 1179 1182 1190 1200 1204 1218 1219 1224 1249 

Test #392


Test #393
183 315 393 428 578 648 649 661 678 707 708 709 714 770 840 847 858 878 888 898 901 

Test #394


Test #395


Test #396
35 272 427 558 630 677 727 738 798 817 852 867 1034 1049 1076 1096 1103 1121 1124 1127 1140 1143 1155 1157 1158 1167 1168 1189 1190 1193 1212 1215 1218 1225 1227 1234 1235 1236 1242 1249 1279 1282 

Test #397


Test #398
324 353 551 645 808 882 928 943 952 957 980 997 998 1011 1024 1035 1037 1051 1061 1063 1072 1109 1126 

Test #399
575 604 

Test #400


Test #401


Test #402


Test #403


Test #404
32 485 487 504 552 573 

Test #405


Test #406


Test #407
77 134 336 355 377 380 539 563 631 632 641 667 707 722 732 749 754 765 766 770 771 778 784 788 793 796 797 803 809 815 821 823 827 829 837 842 856 859 885 

Test #408


Test #409
38 77 393 680 708 709 714 717 766 828 849 863 879 921 946 951 960 983 1020 1024 1067 

Test #410


Test #411


Test #412


Test #413


Test #414
828 

Test #415
5 182 383 396 913 1003 1012 1044 1065 1073 1082 1088 1092 1095 1102 1110 1113 1114 1123 1141 1149 1178 1183 1187 1207 1215 1223 1229 

Test #416
1161 1177 

Test #417
19 113 615 644 790 817 890 920 976 993 1015 1023 1041 1043 1057 1059 1060 1071 1076 1102 1109 1113 1114 1132 1137 1143 1151 1154 1167 1185 1189 1199 

Test #418


Test #419
967 1129 

Test #420


Test #421


Test #422


Test #423


Test #424


Test #425


Test #426
38 45 47 55 62 67 104 115 121 139 157 181 202 217 230 232 239 240 279 317 329 364 367 377 386 416 426 503 506 507 

Test #427


Test #428


Test #429


Test #430


Test #431


Test #432


Test #433


Test #434


Test #435
355 538 748 750 756 788 

Test #436


Test #437
5 352 396 694 725 749 770 790 796 819 827 832 835 836 838 862 874 875 887 922 

Test #438
656 733 747 804 808 833 843 846 945 

Test #439


Test #440
550 890 985 1000 1059 1230 1277 1281 

Test #441


Test #442
507 531 554 688 740 

Test #443


Test #444
77 134 138 182 318 336 355 377 383 427 447 539 546 632 638 642 649 659 661 670 675 678 684 687 693 694 702 705 706 710 711 719 723 736 752 763 765 792 803 819 

Test #445


Test #446
717 766 1067 1089 

Test #447


Test #448
34 77 103 162 274 377 466 474 491 525 546 553 571 577 593 599 615 618 625 632 634 636 637 642 649 657 658 659 678 682 687 

Test #449
128 132 358 908 914 961 980 1013 1049 1090 1096 1115 1119 1133 1146 1155 1161 1168 1174 1177 1179 1181 1186 1193 1208 1210 1231 1233 1236 1280 

Test #450


Test #451
507 531 554 688 740 755 798 

Test #452
254 336 393 540 566 578 651 708 746 767 786 806 838 871 879 897 921 940 942 946 948 951 971 991 1011 1018 1020 1024 1025 1032 1034 1036 1037 1038 1039 1046 1059 1062 1066 1106 

Test #453


Test #454
24 38 43 45 47 56 60 62 67 75 86 104 115 121 139 157 181 202 230 244 273 277 278 279 317 329 367 370 377 386 398 416 428 442 469 488 503 506 507 519 

Test #455
128 132 954 961 998 1069 1096 1119 1133 1153 1161 1164 1177 1193 1208 1213 1231 1292 1302 

Test #456
954 967 

Test #457
8 14 19 28 37 53 77 98 99 118 119 120 124 160 161 166 174 180 189 206 217 224 228 252 260 276 281 289 293 298 321 328 331 336 344 356 394 411 423 439 446 447 449 450 453 456 460 462 474 479 494 514 516 518 521 522 526 533 546 

Test #458
1093 

Test #459


Test #460
942 1048 1153 1161 1177 1275 1285 1302 

Test #461


Test #462
305 560 

Test #463
109 189 224 303 331 410 433 446 524 554 574 635 636 639 722 749 

Test #464


Test #465
514 656 843 846 

Test #466
94 272 358 635 701 793 825 831 860 866 875 907 909 923 936 941 952 953 965 977 979 984 999 1001 1008 1031 

Test #467
5 182 383 396 911 1003 1012 1044 1073 1082 1088 1092 1095 1102 1110 1113 1114 1123 1141 1149 1178 1183 1187 1207 1215 1223 1229 1266 1272 1276 

Test #468
94 358 701 793 825 831 875 893 911 941 953 965 977 984 989 997 999 1008 1015 1035 1050 1053 1054 1057 1060 1071 1084 

Test #469
38 77 680 709 714 717 766 849 863 879 951 1020 1024 1067 

Test #470
984 1173 

Test #471


Test #472
94 128 132 535 559 793 888 918 941 943 952 979 1011 1013 1035 

Test #473
206 308 441 589 

Test #474
186 220 384 422 492 

Test #475


Test #476
19 615 644 790 817 890 920 976 993 1015 1023 1041 1043 1059 1060 1078 1098 1102 1109 1114 1130 1131 1132 1137 1143 1151 1154 1185 1199 1210 1214 1234 

Test #477


Test #478


Test #479
32 71 130 135 142 145 159 169 204 223 257 302 310 315 342 364 395 407 437 457 466 472 483 512 

Test #480


Test #481


Test #482
34 38 140 162 324 349 377 434 466 474 491 515 542 545 553 560 562 577 583 593 594 602 616 624 625 629 630 631 632 634 645 649 656 658 659 667 671 674 677 682 693 695 714 720 735 737 772 

Test #483
77 680 708 709 717 766 849 863 879 946 951 960 1020 1024 

Test #484
860 870 888 914 941 954 958 961 1052 1069 1156 

Test #485
989 

Test #486
700 

Test #487
678 714 796 828 886 946 947 

Test #488


Test #489
118 224 281 298 336 404 521 536 568 571 609 646 

Test #490


Test #491
678 796 828 886 946 

Test #492
1135 1259 

Test #493
836 

Test #494


Test #495
352 

Test #496


Test #497
403 515 535 

Test #498


Test #499


Test #500


