Test #1


Test #2


Test #3
35 60 115 120 192 272 297 393 442 477 517 596 615 646 671 748 980 1023 1047 1084 1280 1311 

Test #4


Test #5
189 542 701 732 741 928 1035 1722 2039 2138 2230 2348 2436 2587 2734 2898 3081 3111 3121 3145 3150 3201 3217 3554 3591 3630 

Test #6


Test #7


Test #8


Test #9
3279 3442 3569 3696 3773 3795 3796 

Test #10


Test #11


Test #12
629 967 2083 3142 3244 3273 

Test #13


Test #14


Test #15


Test #16


Test #17


Test #18
659 1792 

Test #19
662 775 

Test #20
542 741 928 1052 1786 2039 2734 2795 2936 3045 3081 3121 3146 3160 3324 3364 3566 3573 3598 3607 3648 3862 3884 3933 3935 

Test #21
659 749 840 1341 1663 1703 1739 1792 1834 1837 1848 1886 1950 1994 2179 2184 2199 

Test #22
128 642 

Test #23


Test #24


Test #25


Test #26


Test #27


Test #28


Test #29


Test #30


Test #31
2037 2198 2232 2538 3222 

Test #32
189 542 701 732 741 928 1035 1454 1722 2138 2230 2436 2587 2734 2768 2773 2898 2968 2998 3081 3111 3116 3121 3135 3137 3153 3165 3175 3184 3201 3215 3221 3229 3276 3278 3331 3388 3441 

Test #33
59 553 1035 1722 1963 2342 2448 2463 2604 2767 2902 

Test #34
50 143 160 223 228 261 285 311 368 373 381 420 485 503 541 590 599 609 620 628 701 820 928 1025 1026 1261 1266 1269 1321 1384 1405 1436 1438 1454 1477 1487 1532 1563 1646 1659 1683 1719 1725 1730 1743 1769 

Test #35
285 355 542 701 711 736 928 1454 1619 1963 2015 2038 2039 2108 2227 2261 2342 2388 2407 2419 2430 2468 2494 2524 2567 2594 2648 2687 

Test #36
151 867 1197 1297 1533 1814 1816 1901 1925 2025 2065 

Test #37
3774 4094 

Test #38


Test #39


Test #40


Test #41
2131 3172 

Test #42


Test #43
143 173 564 1384 1795 2070 2523 2676 2678 2686 2764 2812 2839 2862 2919 2924 2953 2957 2993 

Test #44
1001 1643 1872 1899 

Test #45


Test #46
567 1089 1243 1515 2570 2752 3069 3133 3214 3370 3391 3454 3531 

Test #47


Test #48


Test #49
136 236 396 417 542 601 719 1009 1183 1200 1364 1392 1408 1477 1517 

Test #50
403 557 749 770 840 875 891 1010 1042 1113 1341 1554 1663 1696 1703 1810 1837 1886 1895 1935 1944 1950 1958 1978 1989 1994 2000 2049 2050 2051 2055 2099 2184 2199 2224 

Test #51
285 736 2230 2824 3054 3116 

Test #52
327 1008 1461 1844 2170 2216 

Test #53
1 436 675 732 773 1083 1111 1228 1231 1364 1619 1620 1727 1963 1977 2009 2019 2038 2041 2058 2092 2108 2164 2227 2230 2293 2298 2329 2342 2359 2430 

Test #54
454 787 1684 

Test #55


Test #56
101 484 557 1042 1795 2017 2283 2293 2945 2983 3131 3206 3399 3408 3464 3543 3693 3797 3835 3836 3852 3854 3917 3920 3941 3952 3984 3988 

Test #57


Test #58
4023 

Test #59
341 737 1166 1456 1697 

Test #60
2131 2139 2550 3172 3373 

Test #61


Test #62
58 95 143 287 441 447 503 551 567 578 597 608 769 779 801 901 1049 1089 1143 1198 1202 1216 1235 1294 1300 1355 1384 1416 1427 1461 1481 1482 1532 1577 1596 1603 1606 1618 1622 1631 1638 1659 1668 1675 1679 1698 1713 1726 1730 1735 1744 1756 1760 1769 1784 1787 1795 1800 1805 1828 1864 1892 

Test #63
2131 2305 2550 2615 

Test #64
320 1106 1169 

Test #65
3943 

Test #66


Test #67


Test #68
1737 2276 2571 

Test #69


Test #70


Test #71
115 119 242 375 413 587 763 785 849 902 970 986 1022 1078 1147 1212 1254 1308 1372 1390 1409 1455 1514 1558 1580 1612 1625 1649 1660 1712 1738 1826 1834 1845 1871 1875 1876 1895 1900 1919 1932 1936 1947 1949 1955 1963 

Test #72


Test #73
173 389 566 860 1143 1594 1682 1791 1795 2070 2283 2361 2402 2523 2583 2605 2649 2664 2676 2683 2760 2788 2796 2801 2805 2832 2843 

Test #74
564 663 1297 1453 1562 1585 1648 

Test #75


Test #76
17 29 99 157 195 207 230 312 331 338 412 455 465 466 504 505 511 538 551 562 566 575 578 580 600 606 656 667 676 696 709 716 733 756 793 817 833 835 848 954 989 997 1016 1055 1073 1091 1116 1117 1189 1221 1223 1275 1280 1311 1317 1327 1351 1355 1372 1407 1409 1457 1460 1463 1470 1472 1484 1505 

Test #77
59 360 541 553 711 1007 1261 1633 1721 1921 1963 2023 2138 2157 2342 2348 2388 2432 2444 2463 2517 2520 2553 2581 2641 2653 2681 2735 2736 2739 2773 2807 2827 2841 2848 2885 2899 2902 2905 

Test #78
3692 4012 4078 4080 4119 

Test #79
119 970 1022 1390 1514 1649 1857 

Test #80
922 2562 2840 

Test #81


Test #82


Test #83
840 885 1750 1925 2334 2433 

Test #84


Test #85


Test #86


Test #87


Test #88
1432 

Test #89


Test #90
58 754 1089 1515 2165 2366 2383 2570 2635 2639 2702 2733 2739 2769 2815 2846 2873 2972 3126 3136 3151 3246 3300 3346 3352 3359 3365 3417 3438 3505 3653 3666 3702 3725 3727 3733 3747 3780 3809 3823 3846 3849 3880 3881 3888 3902 3912 3916 3925 3969 3985 

Test #91
31 35 101 133 152 175 176 179 214 237 283 291 310 321 339 350 384 390 428 429 442 444 452 484 491 523 528 530 557 561 577 587 629 630 668 673 754 773 785 796 806 825 839 840 860 861 895 917 967 1023 1033 1040 1042 1060 1095 1101 1108 1184 1188 1203 1254 1270 1272 1274 1298 1313 1315 1322 1337 1363 1381 1402 1420 1432 1468 1474 1488 1499 1502 1509 1510 1511 1520 1544 1579 1598 1610 1619 1628 1645 1670 1671 1672 1677 

Test #92
483 1048 1277 1650 2112 2129 2179 2265 2272 2353 2363 2377 

Test #93


Test #94
2013 

Test #95
1048 1127 1649 1716 1750 2211 2595 2659 2692 2866 2940 2945 2992 3167 3193 3231 3280 3356 3372 3394 3398 3407 3411 3450 3471 3485 3486 3489 3493 3559 3565 3566 3582 3647 

Test #96
341 731 737 

Test #97


Test #98


Test #99


Test #100
3869 

Test #101
1358 

Test #102
58 143 381 447 503 504 608 779 1380 1384 1427 1532 1543 1604 1786 1804 1849 2001 2082 2165 2219 2222 2264 2281 2311 2330 2348 2366 2375 2409 2436 2483 2499 2522 2523 2551 2553 2605 2632 2703 2733 2735 2742 2775 2776 2792 2815 2827 2829 2841 2846 

Test #103


Test #104
26 95 112 466 472 563 994 1168 1366 1380 1478 1590 1768 1800 1804 1820 1853 1875 1942 1960 1964 1993 2061 2082 2200 2208 2245 2281 2306 

Test #105


Test #106


Test #107
101 484 557 922 1048 1277 1650 1848 1953 1991 2000 2101 2334 2387 2405 2562 2577 2580 2597 2636 2644 2656 2667 2689 2698 2718 2723 2740 2753 2765 2772 2804 

Test #108
95 152 504 566 1201 1590 1761 1800 1820 1840 1960 1993 2011 2032 2061 2081 2091 2098 2200 2246 

Test #109


Test #110
48 218 747 749 1048 1132 1162 1341 1352 1616 1696 1773 1796 

Test #111
3 4 78 94 114 118 220 241 270 275 360 390 428 491 501 527 604 732 735 757 789 840 854 870 875 894 899 916 940 965 1012 1040 1237 1252 1307 1323 1331 1337 1368 1391 1396 1399 1420 1424 1425 1434 1438 1443 1452 1466 1476 1518 

Test #112


Test #113
191 1312 1877 

Test #114
370 1924 2410 2561 2615 2721 2860 2913 2942 2987 2990 3016 3037 3042 3043 

Test #115


Test #116
381 564 597 829 874 1726 2201 2440 2676 2818 2888 2975 2980 3023 3152 3198 3257 3267 3334 3371 3383 3406 3449 3458 3487 3546 3569 3651 3677 3698 3701 3731 

Test #117
389 480 564 582 663 846 867 1197 1358 1453 1521 1592 1634 1636 

Test #118
142 988 1069 1152 1302 1523 1560 1564 1594 

Test #119
62 78 118 126 136 148 150 210 217 236 270 292 428 458 546 547 626 698 711 726 771 791 824 862 873 912 1024 1062 1076 1107 1176 1191 1260 1276 1281 1312 1318 1337 1348 

Test #120
31 35 60 115 120 192 272 342 393 411 442 455 477 517 523 530 561 577 596 615 630 646 671 679 748 775 806 895 925 961 980 1023 1047 1060 1074 1084 1162 1244 1246 1254 1262 1324 1336 1357 1439 1448 1463 

Test #121
846 885 908 922 1320 1692 1806 1814 

Test #122
2026 2501 2657 2833 

Test #123


Test #124


Test #125


Test #126
2281 2392 3351 3401 3742 

Test #127
787 

Test #128
125 908 922 1320 1601 1692 

Test #129


Test #130
436 1486 2371 2501 

Test #131


Test #132


Test #133
39 64 71 74 101 169 176 242 277 339 363 375 384 403 418 456 460 574 629 673 699 744 763 785 842 849 911 968 970 978 1022 1092 1102 1126 1131 1174 1203 1212 1249 1257 1274 1400 1410 1417 1435 1441 1445 1468 1474 1488 1499 1501 1502 1508 1509 1511 1513 1520 

Test #134
428 1402 1857 

Test #135
1372 1440 1990 2013 2417 

Test #136


Test #137


Test #138
2903 3115 3247 3395 

Test #139


Test #140
1 20 38 77 84 110 116 124 143 201 216 264 274 326 337 364 372 378 404 417 493 503 520 541 618 655 715 719 720 747 828 945 999 1014 1030 1049 1105 1114 1200 1219 1222 1231 1258 1261 1291 1300 

Test #141


Test #142
341 

Test #143
101 891 922 1127 1443 1649 1716 1887 2142 2326 2357 2479 2560 2562 2580 2597 2636 2654 2672 2697 2722 2753 2772 2834 

Test #144
2013 

Test #145
174 938 1120 2333 

Test #146
268 1107 1176 1455 1486 

Test #147
3943 

Test #148
1312 1399 1486 1850 1877 

Test #149
436 974 

Test #150
112 1820 2251 2493 2645 2679 

Test #151


Test #152


Test #153
108 116 126 326 417 493 542 655 675 719 824 873 912 999 1009 1014 1030 1200 1239 1416 1483 

Test #154
670 1718 2334 2361 2433 

Test #155
3297 

Test #156


Test #157


Test #158


Test #159
381 564 1726 2201 2430 2440 2818 2900 2975 2980 3170 3198 3306 3360 3414 3446 3447 3458 3495 3540 3546 3550 3552 3569 3654 

Test #160


Test #161


Test #162
381 541 564 711 829 874 1726 1921 2070 2201 2335 2432 2440 2731 2888 2900 2975 2980 3023 3152 3198 3257 3306 3334 3360 3383 3406 3434 3449 3458 3461 3472 3487 3540 3546 3569 3599 3610 3651 3654 3677 3698 3701 3731 

Test #163
26 472 994 1188 1272 1515 1672 1696 1820 2103 2201 2217 2218 2251 2287 2382 2438 2484 2486 2493 2502 2570 2589 2613 2639 2645 2679 2696 2724 2744 2749 2765 2770 2779 2787 2799 2816 2867 

Test #164


Test #165
381 541 711 874 1007 1261 1380 1604 1786 1921 2023 2082 2293 2430 2432 2520 2676 2706 2739 2795 2878 2888 2923 2932 2936 2978 3108 3123 3132 3140 3145 3146 3174 3185 3195 3211 3230 3231 3233 3237 3251 3255 3278 3288 3338 

Test #166
2276 3395 

Test #167


Test #168
84 564 807 893 1132 1416 1493 1748 1779 1791 1814 1920 1933 2025 2033 2125 2129 2193 

Test #169
2013 2187 2233 2326 

Test #170


Test #171


Test #172


Test #173


Test #174


Test #175


Test #176
737 1963 2392 2695 3222 3390 3421 3451 

Test #177


Test #178
659 922 1650 1848 2150 2482 2504 2577 

Test #179
2013 

Test #180
1646 2403 2676 2916 2977 3201 3222 3276 3302 3374 3401 3421 3451 3465 3487 3526 3557 3677 3708 3784 3829 3850 3853 3859 3870 3905 

Test #181
729 829 1035 1361 

Test #182


Test #183
2013 

Test #184
436 1486 1727 2501 

Test #185


Test #186
701 732 2348 2587 3145 3160 3337 3532 3821 3862 3939 3977 3996 

Test #187
1486 2083 2306 3003 

Test #188
3279 3442 3602 3696 3712 

Test #189
403 557 659 749 875 891 1042 1554 1605 1918 1978 2000 2144 2155 2192 2199 2242 2302 

Test #190


Test #191


Test #192


Test #193
174 501 938 1139 2269 2271 2362 2510 2571 

Test #194
4 32 887 970 1022 1189 1472 1701 2163 2194 2217 2238 2302 2341 2450 2493 2542 2599 2741 2780 2849 2866 2903 2939 2941 2948 2954 2972 3017 3109 3119 3126 3136 3151 3156 3191 3203 3204 3207 3209 3214 3224 3246 3250 3261 3265 3277 3316 

Test #195
1254 1528 1572 

Test #196


Test #197


Test #198


Test #199
829 2440 2568 

Test #200


Test #201


Test #202
189 285 701 732 1035 1111 1454 1722 2138 2331 2436 2452 2587 2773 2898 2911 2933 3111 3217 3338 3432 3469 3554 3685 

Test #203
1049 1300 1961 2017 2177 2361 2515 2556 2664 

Test #204


Test #205
2274 2302 

Test #206


Test #207
15 146 1266 1301 

Test #208


Test #209


Test #210


Test #211
63 749 816 1120 1197 1352 

Test #212
285 355 732 967 1111 1454 2178 2454 2468 2534 2623 2688 2706 2808 2824 2827 2841 2853 2887 2971 2997 3046 3054 3062 3076 3089 3096 3116 3162 3167 

Test #213
15 327 1951 2270 2344 2428 2443 2445 2465 2506 2514 

Test #214
2281 2392 3117 3742 

Test #215


Test #216
285 542 736 741 928 1235 1454 1620 1845 1936 2039 2159 2178 2230 2293 2335 2403 2454 2623 2688 2708 2768 2777 2808 2813 2827 2828 2841 2894 2901 2906 2915 2949 2954 2960 3010 3054 3081 3089 3096 

Test #217


Test #218


Test #219


Test #220
2862 3059 3688 

Test #221


Test #222
58 466 504 567 1089 1380 1804 1820 2082 2157 2181 2231 2251 2389 2469 2478 2483 2493 2518 2522 2527 

Test #223
285 355 360 542 711 1052 1305 1852 1979 2035 2039 2110 2120 2191 2241 2274 2332 2367 

Test #224


Test #225
885 2566 2723 3280 3317 3372 3667 3734 3769 

Test #226
1663 

Test #227


Test #228


Test #229
2288 2336 2514 2771 2810 

Test #230


Test #231
885 1716 2566 2940 3280 3317 3471 3534 3667 3669 3706 3718 3723 3734 3769 

Test #232
177 2545 

Test #233
1418 1447 

Test #234


Test #235
89 246 263 278 346 351 411 559 596 611 613 778 786 795 889 937 961 969 981 1015 1038 1088 1110 1139 1148 1168 1339 1341 1383 1394 1428 1462 1467 1481 1489 1498 1526 1527 1534 1548 1560 1584 1587 1630 

Test #236
436 582 612 801 1338 

Test #237


Test #238


Test #239


Test #240


Test #241


Test #242


Test #243
133 554 629 673 967 1231 1260 1274 1305 1852 1908 1922 1936 2024 2110 2159 2194 2224 2289 2329 2335 2346 2374 2391 2396 2403 2410 2444 2462 2463 2476 2490 2500 2552 2564 2585 2590 2596 2602 2624 

Test #244
48 208 266 333 397 443 445 500 572 591 595 607 647 658 728 760 814 852 886 891 923 925 1010 1053 1061 1074 1104 1124 1162 1165 1227 1250 1277 1285 1327 1336 1385 1386 1448 1470 1546 1569 1618 

Test #245
1042 2283 2293 3399 3795 3796 3797 3835 3920 3941 3988 

Test #246
756 763 970 1022 1165 2163 2282 2345 2487 2595 2624 2679 2722 2809 2831 2866 2883 2893 2907 2938 3022 3044 3053 3114 3119 

Test #247
4 32 424 763 887 970 1025 1189 1391 1472 1491 1661 1701 1745 1894 1932 2024 2075 2163 2345 2410 2493 2533 2597 2599 2602 2622 2693 2741 2831 2860 2865 2938 2950 3039 3077 3091 3095 3113 3189 3210 3213 3245 3277 3299 3304 3339 3341 3344 3348 3377 3423 3424 3425 3430 3431 3439 3479 3504 3509 3511 3516 3527 3529 3533 3543 3545 3555 3556 3572 3574 3577 3609 3636 

Test #248
1205 

Test #249


Test #250
4 32 101 291 339 343 629 717 754 756 800 938 1029 1120 1127 1139 1165 1212 1243 1381 1390 1391 1443 1472 1568 1625 1672 1716 1780 1797 1803 1887 1891 1908 1922 1937 1943 1953 1963 1989 2040 2057 2092 2096 2108 2121 2122 2150 2154 2183 2186 2192 2204 2212 2227 2234 2287 

Test #251
69 275 426 458 655 671 732 741 827 1111 1127 1184 1260 1389 1404 1445 1476 1496 1582 1598 1662 1737 1754 

Test #252
2588 

Test #253


Test #254
2657 

Test #255
45 65 163 390 456 763 890 894 1022 1031 1040 1246 1249 1342 1390 1401 1514 1518 1541 1565 1573 1625 1649 1651 

Test #256
767 1540 1572 

Test #257
3113 3553 

Test #258


Test #259


Test #260


Test #261
177 320 546 922 1401 1623 1650 1848 1991 2105 2157 

Test #262


Test #263
2274 2487 2510 2571 2673 2883 2908 3044 

Test #264


Test #265


Test #266


Test #267
2464 

Test #268
4023 

Test #269
1022 2163 2282 2722 2829 2831 2893 2921 2928 3016 3053 

Test #270


Test #271
291 422 454 629 673 754 777 785 822 849 911 970 1113 1126 1188 1354 1368 1376 

Test #272


Test #273


Test #274
58 567 1089 1243 1515 2165 2347 2366 2388 2438 2498 2807 2815 2846 2962 3069 3099 3140 3207 3214 3367 3370 3391 3417 3454 3593 3628 

Test #275
320 454 642 884 1106 1169 1249 1270 1541 1573 

Test #276


Test #277


Test #278


Test #279


Test #280


Test #281
1048 1127 1532 1594 2402 2557 2692 2807 2866 2992 3193 3290 3357 3416 3424 3452 3456 3470 3534 3543 3617 3664 3718 3720 3772 3786 3819 3822 3849 3858 3900 

Test #282
3 782 818 1661 2257 2519 

Test #283


Test #284


Test #285
2035 2097 

Test #286


Test #287


Test #288


Test #289
59 104 106 111 113 224 228 262 298 304 340 349 356 368 373 462 524 533 553 628 674 783 820 918 928 931 1007 1059 1112 1130 1138 1205 1253 1268 1293 1345 

Test #290


Test #291
764 1301 1606 1675 1695 1859 1951 2080 2126 2136 2149 2232 2381 2443 

Test #292
82 280 317 611 1021 1383 1606 1730 1899 1951 1952 1961 1970 2046 2056 2103 2107 2126 2160 2185 2190 2202 

Test #293
564 2046 2049 2554 2580 

Test #294


Test #295


Test #296
348 378 684 692 737 762 918 1150 2149 

Test #297
42 1078 1550 2074 

Test #298
564 935 1292 1653 1659 1791 1842 1851 1860 1901 1916 2065 2124 2188 2207 2221 2244 2296 2323 2330 2337 2379 2395 2406 2426 

Test #299
814 1233 2125 2180 2187 2253 2369 2383 2420 2510 

Test #300


Test #301
19 134 153 290 319 492 697 713 715 797 802 829 843 865 874 892 912 1035 1045 1535 1690 1722 1770 1779 1818 1827 

Test #302
48 137 218 303 566 694 853 887 945 1000 1038 1048 1132 1139 1168 1339 1341 1373 1378 1422 1433 1493 1494 1530 1542 1602 1616 1628 1693 1696 1773 1796 1858 

Test #303
69 174 1233 1254 1666 1990 2182 2233 2277 2326 2355 

Test #304
428 748 787 1684 1857 

Test #305


Test #306
2083 

Test #307


Test #308


Test #309


Test #310
1822 2344 2514 

Test #311


Test #312


Test #313


Test #314
10 20 46 58 77 82 84 99 109 110 159 160 168 201 223 238 261 264 274 287 288 323 327 328 337 344 364 372 377 420 447 459 462 485 496 549 567 578 584 609 689 720 733 747 779 788 802 807 808 811 896 945 987 991 1021 1026 1036 1049 1056 1071 1080 1089 1114 1123 1143 1173 1198 1202 1223 1234 1258 1282 1300 1310 1311 1326 1366 1387 1395 1405 1426 1429 1444 1473 1478 1487 1537 1551 1570 1581 1644 1654 1655 1657 1665 1668 

Test #315
935 1049 1300 1750 1791 1916 1925 2322 2363 2435 

Test #316


Test #317
409 424 1491 1632 1661 1894 2235 2410 2415 2533 2741 2844 2907 2920 2942 2945 2964 2972 2979 2999 3000 3049 3055 3086 3095 3110 3127 3136 3143 3153 3157 3180 3196 3200 3203 

Test #318


Test #319


Test #320


Test #321


Test #322


Test #323


Test #324


Test #325


Test #326


Test #327


Test #328
1822 2167 

Test #329
58 1089 1532 1672 2001 2081 2402 2635 2649 2696 2700 2742 2796 2832 2840 3027 3035 3139 3178 3218 

Test #330


Test #331
564 597 829 1726 2201 2335 2440 2975 3023 3080 3267 3322 3371 3381 3441 3453 3541 3546 3562 3569 3585 3630 3680 3726 3789 3810 3890 3914 3926 3947 3949 

Test #332


Test #333


Test #334


Test #335


Test #336


Test #337


Test #338


Test #339
48 107 166 180 266 397 411 445 483 538 572 595 656 658 659 662 679 716 728 770 826 880 891 944 1000 1004 1028 1053 1061 1074 1078 1124 1162 1165 1179 1227 1262 1277 1308 1336 1415 1448 1457 1530 1538 1549 1559 1569 1618 1622 

Test #340


Test #341


Test #342


Test #343


Test #344
846 885 1244 1925 2022 2026 

Test #345
717 1048 2194 2566 3395 3425 3643 3707 3778 3929 3932 3973 3982 3989 4009 4014 4022 

Test #346


Test #347


Test #348
1000 1048 1592 1636 1703 1734 1763 1798 1810 1891 1911 1931 1978 1989 2055 

Test #349


Test #350


Test #351


Test #352
2281 2744 3046 3064 3117 3222 3298 

Test #353
737 1706 1811 1822 2196 2308 

Test #354


Test #355
15 146 462 1266 

Test #356
970 1022 1472 1701 2163 2238 2302 2688 2693 2792 2831 2938 3091 3095 3245 3254 3277 3333 3452 3462 3479 3530 3536 3543 3545 3597 3612 

Test #357


Test #358


Test #359
317 327 874 901 1008 1035 1358 1386 1429 1526 1618 1622 1675 1722 1765 1794 1811 1869 1914 1952 1961 2031 2036 2056 

Test #360


Test #361


Test #362


Test #363


Test #364
42 255 291 310 321 333 350 491 557 754 760 773 852 886 917 986 1033 1113 1124 1188 1250 1270 1275 1285 1381 1398 1432 1470 1499 1504 1510 1544 1558 1579 1591 1671 1672 

Test #365
3947 

Test #366


Test #367


Test #368
20 37 38 77 84 94 110 124 136 143 147 148 172 184 201 210 211 255 264 270 283 292 337 364 372 378 385 390 404 417 426 428 479 491 506 520 528 531 542 594 626 675 698 715 720 722 726 747 796 807 861 862 888 894 948 1040 1049 1114 1142 1219 1222 1258 1281 1282 

Test #369
10 247 684 803 1859 

Test #370


Test #371
189 285 701 732 1035 1111 1454 1722 2138 2331 2452 2587 2773 2898 2911 3081 3111 3145 3160 3324 3364 3457 3511 3523 3527 3532 3598 3603 3679 3721 3783 

Test #372


Test #373


Test #374


Test #375
840 885 1300 2566 2774 

Test #376
408 1535 1811 2167 

Test #377


Test #378


Test #379
447 779 2520 2769 2980 3449 3466 3540 3652 3733 3763 3916 3966 3969 3994 3998 

Test #380


Test #381


Test #382


Test #383
1572 2125 2333 2601 2633 

Test #384
2276 

Test #385
112 1543 1820 2122 2181 2231 2408 2426 2502 2522 2638 

Test #386
875 1300 1864 2405 2779 2904 3097 3242 

Test #387


Test #388


Test #389


Test #390


Test #391


Test #392


Test #393
1887 3317 3674 

Test #394


Test #395
8 52 61 83 85 89 91 107 125 180 185 244 253 324 329 345 359 389 423 495 496 516 568 584 588 613 614 683 749 780 786 808 815 826 844 880 944 958 960 973 976 984 1058 1078 1120 1124 1144 1147 

Test #396


Test #397


Test #398
1663 

Test #399
1384 2017 2177 2254 2283 2706 3206 3236 3286 3399 3466 3567 3580 3602 

Test #400
1921 2023 

Test #401


Test #402


Test #403


Test #404
101 483 484 557 1042 1277 1594 1957 1991 2000 2402 2480 2630 2823 2896 2925 3112 3196 3243 3260 3272 3327 3357 3398 3407 3416 3450 3456 3486 3524 

Test #405


Test #406
28 49 113 122 141 222 245 248 263 405 440 447 500 571 610 617 663 706 709 716 719 751 797 800 883 919 952 1013 1032 1075 1112 1130 1205 1225 

Test #407
114 343 370 554 629 673 782 967 1260 1389 1391 1661 1783 1845 1857 1887 1904 1954 1963 1977 2004 2009 2024 2038 2041 2072 2092 2108 2134 2159 2164 2186 2227 2228 2235 2269 2279 2292 

Test #408
151 252 564 632 633 654 739 867 963 1159 1197 1533 1585 1648 1748 1750 1791 

Test #409


Test #410
3869 

Test #411


Test #412


Test #413
133 370 424 554 782 1260 1274 1391 1632 1661 1924 1960 2006 2024 2194 2304 2306 2331 2339 2355 2410 2446 2558 2561 2564 2567 2596 2602 2622 2624 2650 2659 2661 2690 2752 2761 2778 2798 2803 2809 2813 

Test #414


Test #415


Test #416
1792 2487 

Test #417


Test #418


Test #419
748 787 1684 

Test #420


Test #421
1372 1440 1666 

Test #422


Test #423


Test #424
32 242 291 380 717 754 785 863 887 1010 1127 1189 1255 1366 1381 1472 1649 1957 2061 2107 2231 2233 2238 2302 2326 2357 2380 2397 2480 2491 2496 2509 2535 2552 2580 2585 2631 2634 2636 2642 2662 2691 2702 2713 2717 2729 2737 2751 2800 2865 

Test #425
840 875 885 1277 1750 1925 1991 2334 2433 2537 

Test #426
341 713 

Test #427


Test #428
12 228 236 373 381 628 701 820 900 1140 1293 1356 1392 1454 1557 1567 1597 1623 1640 1646 

Test #429
566 935 1143 1953 2017 2177 2517 2556 2572 3094 3102 3242 3314 3332 3379 

Test #430
26 242 717 785 891 922 1302 2194 2211 2219 2341 2383 2450 2502 2595 2692 2792 2866 2945 2972 3110 3136 3151 3167 3235 3246 3254 3280 3311 3328 3333 3353 3358 3372 3381 3394 3435 3459 3493 3542 3575 

Test #431


Test #432


Test #433
176 277 431 454 605 785 849 884 911 970 1126 1174 1208 1224 1271 1379 1417 1435 

Test #434
69 291 321 347 403 744 754 785 814 849 981 1148 1419 1431 1467 1527 1580 1625 1666 1673 1738 1755 1857 1860 1875 1876 1888 1895 1922 1932 1963 2038 2041 2045 

Test #435


Test #436
483 1048 1302 1554 2217 2228 2234 2254 2323 2357 2377 2404 2405 2458 2459 2467 2516 2607 

Test #437


Test #438
338 389 1073 1726 1748 2091 2183 2219 2327 2330 2352 2453 2464 2505 2540 2547 2593 2598 2604 2605 2627 

Test #439


Test #440
1042 1277 1594 1953 2000 2142 2402 2479 2577 2583 2630 2728 2896 3001 3296 3327 

Test #441
78 217 458 601 1062 1083 

Test #442
409 424 756 763 970 1389 1491 1572 1632 1661 1701 1876 1894 1932 2075 2107 2235 2277 2345 2380 2415 2452 2533 2595 2599 2624 2631 2692 2693 2741 2762 2769 2780 2817 2850 2863 2868 2872 2875 2876 2892 2907 2911 2914 2920 2921 2922 2938 2969 2973 2976 2979 2995 3006 3009 3013 3029 

Test #443


Test #444


Test #445
935 1384 3518 3567 3692 3732 3975 4018 4078 4080 4085 4107 

Test #446
1052 

Test #447
189 285 542 701 732 741 928 1035 1454 1722 2138 2230 2436 2587 2734 2768 2773 2898 2968 2998 3063 3081 3111 3116 3121 3135 3137 3153 3165 3175 3184 3201 3215 3221 3229 3276 3278 3331 3388 3441 

Test #448


Test #449
875 1300 1750 2515 2728 

Test #450


Test #451


Test #452


Test #453


Test #454
4 32 424 763 970 1010 1022 1025 1189 1391 1472 1491 1701 1745 1894 1932 2024 2163 2238 2302 2345 2410 2597 2599 2693 2792 2831 2938 3077 3091 3095 3113 3210 3213 3244 3254 3277 3311 3333 3344 3345 3353 3377 3425 3439 3479 3504 3529 3533 3536 3545 3551 3556 3572 3597 3613 3620 3623 3632 3689 3702 

Test #455


Test #456


Test #457


Test #458


Test #459
1822 

Test #460


Test #461
65 213 403 744 767 834 1174 1203 

Test #462
935 1143 1953 2556 2572 3094 3102 3332 3466 3472 

Test #463
32 386 763 970 1255 1472 2238 2345 2493 2510 2574 2688 2693 2786 2831 2938 2995 3066 3091 3095 3113 3247 3260 3270 3277 3353 3377 3404 3413 3439 3478 3489 3513 3530 3555 3586 3594 3612 3625 3633 3638 3729 3751 3755 3765 3770 3778 3779 3798 3802 3807 

Test #464


Test #465
409 424 749 763 970 1022 1029 1165 1341 1389 1491 1572 1876 1894 2163 2277 2345 2415 2567 2569 2621 2631 2669 2673 2692 2693 2731 2741 2769 2780 2809 2817 2831 2844 2850 2861 2863 2866 2868 2876 2892 2895 2907 2914 2920 2921 2922 2938 2969 2972 2973 2976 2995 

Test #466


Test #467
1440 

Test #468
749 908 922 1244 1352 

Test #469
566 1302 1499 1653 1718 1732 1761 1840 1918 1958 1996 2055 2188 

Test #470


Test #471


Test #472
189 701 2138 2587 3081 3217 3338 3554 3573 3630 3679 

Test #473
436 612 801 1299 

Test #474
737 1646 3153 3351 3401 3421 3451 3550 3557 3708 3829 

Test #475
69 96 111 241 275 343 360 426 671 703 732 741 1012 1043 1059 1097 1105 1111 1200 1260 1411 1445 1450 1476 1496 1582 1598 1662 1737 1766 1771 1817 

Test #476
542 701 732 928 1786 2348 2587 2734 2911 2936 3081 3121 3145 3160 3324 3364 3422 3483 3527 3609 3618 3673 3710 3719 3750 3783 3801 

Test #477
1052 1356 

Test #478


Test #479
3280 3372 

Test #480
3869 

Test #481
564 1292 1659 1748 1851 1916 1933 1961 2188 2205 2207 2221 2244 2296 2307 2318 2330 2337 2357 2379 

Test #482
89 173 189 246 263 278 346 411 596 611 613 778 795 937 961 1015 1038 1088 1148 1168 1294 1339 1341 1360 1382 1383 1428 1431 1467 1481 1494 1498 1526 1534 1548 1560 1564 1584 1587 1616 1630 

Test #483


Test #484
814 1233 2004 2123 2176 2187 2424 2451 2462 2745 2814 2856 2881 2912 2951 

Test #485


Test #486


Test #487


Test #488


Test #489
1440 2013 2095 

Test #490
360 701 711 736 928 1235 1261 1454 1582 1633 1698 1721 1857 1929 1934 2015 2033 2039 2060 2090 2171 2202 2208 2261 2288 2332 2336 2375 2432 2437 2468 2499 2530 2546 

Test #491
566 860 1590 2050 2087 2123 2217 2281 2319 2360 2380 

Test #492
1205 2083 

Test #493
173 503 557 1042 1427 1795 2293 2983 3131 3205 3296 3408 3438 3446 3464 3466 3472 3481 3495 3510 3512 3518 3611 3639 3759 

Test #494
101 1384 1443 1795 2017 2177 2283 2556 2718 3332 3424 3464 3543 3639 3659 3664 3693 3720 3732 3835 3836 3852 3854 3901 3917 3941 3981 3988 

Test #495


Test #496
115 

Test #497


Test #498


Test #499
15 764 829 1598 1951 2210 2381 2428 2445 2465 2506 2508 2525 2532 2557 2576 2579 2581 2584 2591 

Test #500
3101 3716 

