Test #1
12 14 26 37 45 57 60 81 82 104 113 123 133 138 142 143 145 148 173 187 188 201 214 215 216 221 225 229 231 240 248 250 253 254 256 260 261 264 269 270 278 280 282 284 285 289 292 295 297 299 303 305 308 309 310 312 315 318 321 322 323 324 325 327 331 333 334 335 337 339 345 348 352 355 359 369 374 375 378 382 387 388 393 395 398 

Test #2
15 29 35 75 92 114 168 170 175 185 206 208 209 239 242 

Test #3


Test #4
291 301 367 

Test #5
45 57 62 100 116 142 145 216 249 260 285 290 291 325 327 334 336 348 

Test #6
19 23 33 35 37 81 114 143 168 170 174 181 186 208 213 217 227 233 239 257 258 259 265 277 280 283 294 302 303 314 316 331 342 343 344 347 358 360 361 364 367 368 370 372 

Test #7
100 215 269 287 393 399 411 429 457 

Test #8
75 429 542 579 589 605 608 

Test #9
12 14 188 228 310 320 331 348 374 420 432 447 448 462 

Test #10
106 

Test #11


Test #12
13 40 118 126 189 224 268 281 291 306 311 317 334 354 355 356 366 367 377 380 381 385 390 391 401 403 406 407 410 412 421 423 424 425 428 429 437 446 455 456 458 463 466 479 

Test #13
57 187 202 252 359 368 370 415 438 450 461 467 482 498 505 515 518 540 552 553 554 556 558 563 564 566 572 574 577 580 582 583 584 585 588 601 604 605 606 609 622 624 629 631 632 634 635 644 647 649 656 667 673 

Test #14
126 259 298 312 334 343 363 391 394 403 406 408 414 421 439 444 445 453 460 461 467 484 486 488 514 

Test #15
17 18 20 27 29 65 71 80 92 93 95 151 160 168 170 176 185 192 194 217 218 227 236 239 240 243 252 255 258 265 267 278 283 286 300 306 314 319 328 

Test #16
117 135 207 268 

Test #17
0 1 6 10 14 24 26 28 32 34 36 38 42 45 48 50 52 57 59 60 62 63 67 70 74 77 82 88 91 99 100 105 106 109 113 116 117 118 120 123 125 126 127 129 130 132 133 137 138 142 144 145 148 149 150 152 164 167 168 170 171 172 173 174 177 179 180 187 188 195 200 201 211 212 215 216 217 220 225 229 230 231 232 244 246 247 248 249 250 251 253 254 256 258 260 261 263 264 269 270 271 272 276 280 282 285 289 291 292 297 312 315 318 

Test #18
18 27 71 80 95 115 135 169 191 192 210 238 241 268 273 278 296 301 313 326 332 

Test #19
33 53 57 60 104 128 143 173 215 240 248 264 269 278 286 287 291 295 300 305 306 308 309 318 321 324 325 333 334 335 345 346 352 355 356 365 369 375 378 382 387 390 391 395 399 402 405 406 409 411 412 413 417 423 424 429 430 434 435 442 

Test #20
18 27 71 80 95 115 169 191 192 196 198 210 219 223 238 241 268 278 326 332 

Test #21
100 269 333 393 446 449 451 469 474 477 

Test #22
23 33 53 104 118 126 128 173 202 208 213 221 233 240 248 258 266 270 272 274 275 278 284 286 287 291 293 294 295 298 299 300 303 308 310 312 317 329 330 331 333 334 335 337 343 344 345 346 353 356 360 364 367 376 382 383 385 391 

Test #23
464 528 

Test #24
394 429 440 444 453 460 468 533 535 

Test #25
207 291 363 391 445 

Test #26
317 380 421 454 471 474 479 484 486 490 493 503 507 509 513 517 519 535 538 540 552 559 573 580 593 596 602 

Test #27
386 390 409 416 420 422 423 431 432 433 443 447 448 452 459 489 506 508 

Test #28
202 224 248 252 268 281 332 338 354 366 377 387 391 392 406 407 410 413 414 415 421 425 429 430 435 436 437 439 442 443 444 445 455 456 458 460 461 464 465 466 467 471 472 473 474 475 476 479 481 483 484 486 488 495 496 498 499 502 503 505 512 513 514 515 518 522 523 525 527 532 537 

Test #29
40 53 126 128 143 215 248 281 286 287 291 300 306 317 334 345 346 355 356 360 365 375 380 387 390 391 399 401 402 406 407 409 410 411 412 413 423 424 429 430 434 435 437 444 446 455 457 463 476 

Test #30
464 521 538 546 557 574 614 620 638 641 642 644 

Test #31
38 59 135 147 158 237 257 281 349 

Test #32
53 100 215 269 281 287 290 295 300 306 333 345 346 355 356 375 390 399 411 412 424 429 

Test #33
269 290 

Test #34
386 

Test #35
13 40 189 224 281 317 380 421 454 464 471 525 535 538 540 552 557 562 563 575 578 580 587 595 596 602 611 616 617 619 623 630 631 635 640 

Test #36
6 10 12 14 15 19 29 30 35 37 47 58 61 65 67 68 73 75 80 81 86 92 114 143 158 168 170 175 178 181 185 186 200 205 206 208 209 216 217 239 242 258 265 280 283 302 303 314 

Test #37
368 370 378 400 414 438 445 450 458 464 468 482 494 500 502 516 526 529 537 539 541 545 553 554 556 558 566 570 572 600 

Test #38
8 23 33 34 38 40 48 53 54 59 70 73 87 101 104 113 117 118 123 126 135 140 142 146 149 158 164 183 194 200 208 213 220 221 225 229 233 235 239 240 247 251 253 256 257 266 269 270 272 274 275 276 278 281 284 287 290 291 295 298 299 300 305 308 310 312 317 318 321 324 329 330 333 343 345 346 349 351 

Test #39
215 412 474 490 519 538 559 

Test #40
1 6 14 79 109 127 130 171 214 222 228 229 253 254 280 309 

Test #41
37 45 57 62 100 116 133 138 142 145 187 188 201 216 229 231 248 271 282 285 289 290 291 315 322 323 325 327 334 336 339 348 378 

Test #42
57 189 202 224 317 380 421 454 461 467 471 498 503 505 507 517 518 525 535 538 540 552 557 562 563 573 574 575 578 580 583 584 587 593 596 601 602 603 604 609 611 616 619 630 631 634 640 646 648 659 

Test #43
321 357 405 419 464 

Test #44
490 526 581 583 592 598 

Test #45
464 521 527 528 533 538 546 557 574 614 617 620 623 

Test #46
57 202 206 252 281 415 430 438 439 450 461 467 471 474 498 505 512 515 518 521 525 533 535 537 540 545 548 553 557 558 560 563 565 574 577 579 580 583 584 585 587 588 589 594 600 601 604 605 607 609 619 632 634 635 636 643 645 647 649 

Test #47
12 53 57 60 81 104 128 143 145 173 187 197 264 286 287 289 322 331 333 344 345 355 359 364 369 375 378 382 386 387 390 393 395 397 398 399 400 402 404 405 406 409 410 412 413 416 417 422 423 424 427 431 432 433 434 435 442 444 446 449 451 452 454 459 463 469 477 487 489 492 

Test #48
126 291 363 391 445 460 461 467 484 486 488 514 527 546 

Test #49
40 118 126 270 272 281 290 291 298 300 306 317 328 345 346 349 356 390 407 423 424 

Test #50
269 411 474 519 

Test #51


Test #52
354 529 590 

Test #53
12 14 26 37 81 82 106 113 123 138 143 174 187 188 197 221 225 229 230 231 248 253 256 260 261 264 278 280 282 284 285 292 297 299 303 309 310 315 323 324 331 337 355 376 

Test #54
57 173 202 317 366 380 392 410 414 415 421 424 430 435 442 443 444 445 446 454 455 458 463 464 465 467 474 475 476 479 482 484 486 490 493 495 497 498 503 505 507 509 513 515 516 517 518 521 537 538 540 543 557 563 

Test #55


Test #56
317 380 412 421 446 474 479 484 486 490 503 504 507 513 535 538 540 552 

Test #57
23 103 106 134 197 233 245 307 

Test #58
225 321 357 360 379 

Test #59
207 268 301 367 

Test #60
542 590 

Test #61
386 

Test #62
40 189 224 281 317 380 410 412 421 429 435 446 455 456 458 463 464 466 474 479 484 486 490 499 503 504 507 512 513 517 523 537 538 540 544 552 

Test #63
82 225 321 323 331 337 342 344 347 355 357 360 364 369 376 379 384 396 397 405 441 

Test #64


Test #65
15 20 29 30 33 35 65 92 93 143 151 158 160 161 168 170 185 217 218 236 239 255 258 265 283 304 306 314 316 

Test #66


Test #67
12 60 81 133 145 240 289 309 322 331 333 348 374 375 378 387 388 390 393 398 400 404 405 409 412 413 416 422 426 427 431 432 433 434 444 446 447 449 451 452 454 459 

Test #68
135 204 207 238 268 301 

Test #69


Test #70
45 62 100 133 269 322 327 348 378 393 398 

Test #71


Test #72
40 215 281 306 317 355 380 399 410 411 412 421 423 424 429 437 446 457 463 474 479 484 490 499 503 504 507 509 517 519 

Test #73
13 40 189 281 464 471 521 525 527 528 533 535 538 540 546 557 562 563 574 575 578 580 587 595 602 614 616 617 619 620 623 635 640 644 

Test #74
378 405 569 

Test #75
13 126 189 224 252 259 268 291 301 343 354 367 377 391 392 394 403 406 407 408 410 414 421 425 428 429 435 437 439 444 445 453 455 456 458 460 461 466 467 473 479 481 483 484 486 488 495 496 498 503 512 513 514 523 

Test #76
40 224 281 317 380 421 446 471 474 479 484 486 490 499 503 504 507 513 535 538 540 552 575 

Test #77
53 145 187 197 264 287 289 322 344 359 392 399 451 454 465 479 484 486 490 491 492 493 495 497 503 507 513 517 520 524 526 529 530 531 535 536 538 540 541 550 553 554 555 556 559 562 564 567 568 573 576 582 583 584 586 593 596 597 599 603 606 610 611 612 615 618 621 624 625 627 628 631 

Test #78
33 81 82 128 143 173 174 197 225 240 248 260 278 286 303 321 323 331 334 335 337 344 345 355 357 360 364 369 376 378 379 382 384 387 391 395 396 397 405 406 409 413 435 441 

Test #79
53 287 344 399 420 486 513 526 541 559 562 576 583 584 598 603 610 613 615 618 621 624 626 627 628 650 652 653 654 657 660 674 680 

Test #80
40 118 126 215 270 272 281 291 306 317 328 345 346 349 354 356 380 390 401 407 410 412 423 424 429 437 

Test #81
13 18 22 23 27 71 80 95 117 128 135 146 155 158 169 189 191 192 194 202 207 213 224 227 233 235 236 240 243 252 257 259 267 278 279 283 284 286 288 294 296 298 300 302 304 306 311 312 313 328 329 332 340 341 343 349 350 351 353 354 366 367 371 377 380 381 

Test #82
386 

Test #83
75 206 354 400 429 438 450 468 472 502 540 542 545 553 558 560 561 579 589 590 600 605 608 

Test #84
75 206 354 429 430 438 450 468 471 472 488 502 525 540 542 545 548 553 558 560 561 579 589 600 605 608 

Test #85
135 207 268 291 301 312 329 363 367 414 445 

Test #86
590 

Test #87
6 10 11 12 14 17 18 19 22 23 24 26 29 35 37 47 56 58 65 67 68 73 81 89 90 92 95 101 103 104 106 108 112 114 123 133 134 138 139 143 148 156 165 166 168 170 174 181 185 186 194 197 200 205 207 208 213 215 216 217 221 226 230 233 235 239 242 245 251 253 257 258 265 266 280 284 295 297 299 302 303 307 310 

Test #88


Test #89
37 

Test #90
109 127 216 254 

Test #91
2 4 13 17 18 22 23 27 71 80 95 117 128 135 136 146 155 158 169 176 178 189 192 194 202 207 213 221 223 224 227 233 235 236 240 243 253 257 259 267 278 279 283 284 286 288 294 296 298 300 302 304 306 311 313 328 329 340 341 351 353 

Test #92
18 27 71 80 95 169 192 210 241 252 273 278 286 296 300 306 312 313 319 326 328 329 332 340 350 

Test #93
59 281 

Test #94
100 215 269 412 

Test #95
213 227 252 255 258 283 300 306 314 316 319 328 334 342 350 358 361 362 370 372 384 394 

Test #96
420 541 549 562 584 598 603 613 618 628 652 660 

Test #97
13 40 189 252 281 435 439 460 461 464 467 471 474 483 488 498 512 514 518 521 522 523 525 527 528 532 533 535 537 538 540 546 557 558 563 565 574 575 577 578 580 583 584 585 587 594 595 607 609 614 617 619 620 623 

Test #98
559 599 603 621 654 672 675 

Test #99
12 188 228 331 409 420 423 432 447 448 452 462 478 506 547 

Test #100
29 35 75 92 114 168 170 186 206 217 227 239 242 258 265 283 302 303 331 338 342 344 347 358 362 364 368 

Test #101
12 37 53 57 60 81 82 104 133 143 145 173 187 215 221 231 240 248 264 278 289 295 300 303 305 309 310 318 321 322 323 324 325 327 331 333 334 335 336 337 339 345 346 348 352 355 356 359 364 365 369 374 375 378 382 387 388 390 393 395 397 398 400 402 404 405 406 409 412 413 416 422 426 427 431 433 434 442 444 

Test #102
13 40 57 189 202 252 281 430 439 461 464 467 471 474 498 505 512 515 518 521 522 525 533 535 537 538 540 546 557 558 563 565 574 575 577 578 580 583 584 585 587 594 595 600 601 607 609 614 616 617 619 623 632 635 636 640 647 649 

Test #103
33 82 143 174 197 225 286 303 321 323 331 337 344 347 355 357 360 361 364 369 376 378 379 384 391 396 397 405 441 

Test #104
4 6 7 10 11 12 14 16 17 18 19 22 23 24 26 28 33 34 36 37 47 48 52 56 59 60 67 68 70 71 73 77 81 89 90 92 95 99 101 103 104 106 108 109 111 112 113 116 117 118 123 133 134 138 142 143 148 156 163 165 166 168 170 173 174 180 181 194 195 197 200 205 207 208 213 215 216 217 221 225 226 229 230 232 233 235 239 240 245 247 248 251 253 256 257 258 260 262 266 270 272 274 276 280 282 284 293 295 297 299 303 308 310 312 321 329 

Test #105
126 444 460 486 533 535 546 565 

Test #106
35 37 114 170 225 242 357 360 379 

Test #107
53 145 197 228 287 420 490 507 517 526 534 541 549 550 569 573 581 583 584 592 598 606 609 613 618 624 626 628 629 650 652 653 657 660 679 

Test #108
13 40 57 189 202 224 252 281 439 454 461 467 471 498 505 512 515 518 521 525 533 535 538 540 546 557 558 562 563 565 574 575 577 578 580 583 584 585 587 594 595 600 601 602 604 609 611 614 616 617 619 623 631 632 634 635 640 644 647 649 656 661 

Test #109
10 12 14 15 19 20 23 29 30 35 37 47 65 68 73 81 89 90 92 103 112 114 134 139 143 156 165 166 168 170 175 181 185 186 205 207 208 209 216 217 233 239 242 257 258 259 265 280 283 302 303 314 316 

Test #110
8 10 11 12 14 24 26 28 33 34 36 37 48 53 57 60 67 77 81 82 87 101 104 108 113 117 118 123 126 133 138 140 142 143 148 149 173 174 179 187 188 200 208 215 216 220 221 225 229 230 232 240 245 247 248 250 251 253 256 258 260 261 262 264 266 269 270 271 272 274 276 278 280 282 284 290 291 295 297 298 299 300 303 305 308 310 312 318 321 323 324 325 329 333 334 335 336 339 346 352 356 359 

Test #111
10 12 14 24 26 37 45 57 60 82 100 104 113 116 123 127 133 138 142 145 148 149 174 179 187 188 201 215 216 221 225 229 231 240 248 250 253 254 256 260 261 263 264 269 270 271 272 276 280 282 284 285 289 291 292 295 297 299 305 309 310 312 315 318 321 322 323 324 325 327 333 334 335 336 337 339 348 352 359 369 378 

Test #112
75 206 354 429 542 561 579 590 605 608 

Test #113


Test #114
13 17 18 23 27 71 80 95 117 135 155 169 176 178 189 191 192 194 204 207 210 219 223 236 238 240 241 243 252 259 267 273 278 286 288 296 300 304 306 311 313 326 328 329 332 340 350 

Test #115
207 291 301 312 363 367 391 414 445 467 486 488 

Test #116
53 57 60 128 143 145 173 187 197 264 286 287 289 322 344 355 359 364 378 387 390 393 395 397 399 400 404 405 406 409 410 412 413 416 417 422 423 424 427 430 431 432 433 434 435 442 443 444 446 449 451 452 454 457 459 463 469 477 487 491 492 493 497 500 501 508 509 510 

Test #117
215 490 

Test #118
399 420 485 486 490 506 508 511 524 530 541 549 550 551 562 603 613 

Test #119
53 104 143 215 269 287 355 382 390 393 399 402 410 411 412 423 424 434 442 446 457 463 474 477 487 490 

Test #120


Test #121
27 64 95 115 135 191 192 196 204 210 238 241 243 268 273 278 296 301 313 326 332 

Test #122
269 393 485 

Test #123
464 

Test #124


Test #125
100 269 

Test #126
53 145 264 287 289 322 344 399 443 451 454 463 465 469 479 484 485 486 487 490 491 492 493 495 497 500 501 509 510 511 513 520 524 529 530 531 534 536 541 549 550 551 553 554 556 562 564 567 568 576 

Test #127


Test #128
12 37 81 82 104 106 123 133 143 173 174 197 215 221 225 230 240 242 248 253 258 260 278 280 282 284 295 297 299 303 307 308 310 312 318 321 323 331 334 335 337 355 357 360 364 369 376 382 

Test #129
13 18 27 71 80 95 117 135 155 169 189 191 192 207 210 238 241 243 259 268 273 278 286 288 296 298 301 311 312 313 326 329 332 340 351 

Test #130


Test #131
18 27 71 80 95 115 117 135 191 192 204 207 210 238 241 268 273 278 286 288 296 301 313 326 332 363 

Test #132
291 301 367 

Test #133
12 14 81 188 221 228 310 331 348 374 375 386 420 432 433 448 

Test #134
75 206 227 338 358 362 384 389 419 

Test #135
0 6 10 12 14 26 28 37 58 65 67 77 81 82 89 92 106 109 116 123 130 133 138 143 144 148 168 170 174 180 181 197 200 211 215 216 217 230 232 233 244 245 248 250 253 258 261 269 270 271 280 282 285 297 315 

Test #136
13 57 202 224 252 281 317 415 439 454 461 471 498 505 515 518 525 540 558 562 563 574 578 580 583 584 585 587 588 594 595 600 601 602 604 609 611 616 619 622 623 630 631 632 634 635 640 643 644 645 647 649 656 658 661 667 670 671 678 681 683 690 692 693 

Test #137
8 21 24 32 34 36 38 42 45 48 54 59 62 67 69 70 74 87 88 96 100 113 116 117 118 120 121 126 132 135 140 142 145 149 150 152 164 167 170 173 179 188 195 200 220 225 229 247 249 250 251 256 260 261 269 270 272 276 285 290 291 298 305 

Test #138
40 53 59 87 117 118 126 146 158 183 220 235 257 270 272 275 281 287 290 291 295 298 300 306 317 328 330 333 341 345 346 349 351 354 356 

Test #139
17 18 27 64 71 80 95 159 169 176 191 192 196 204 210 218 219 223 238 240 241 243 252 273 278 286 296 300 306 313 326 328 332 340 

Test #140
53 57 60 81 128 143 145 187 197 264 287 289 322 333 344 355 359 364 374 375 378 382 387 390 393 395 397 398 399 400 402 404 405 406 409 410 412 413 416 422 423 424 426 427 431 432 433 434 442 443 444 446 447 449 451 452 454 459 463 469 477 485 487 489 491 492 500 501 506 508 509 

Test #141
255 300 319 394 

Test #142
53 228 420 479 490 495 507 520 526 530 534 541 547 551 556 564 569 582 592 598 606 613 629 

Test #143
357 464 

Test #144


Test #145
379 

Test #146
269 

Test #147
75 429 430 470 475 533 535 579 

Test #148
95 115 135 204 210 238 241 268 301 

Test #149
95 135 207 238 268 301 363 

Test #150
12 188 228 331 409 420 447 448 462 478 506 

Test #151
2 13 17 18 22 23 27 31 71 80 95 112 117 128 135 146 155 158 159 169 176 178 183 189 191 192 194 202 204 207 218 219 221 223 224 227 235 236 237 240 243 252 253 257 259 267 273 278 279 283 286 288 296 300 304 306 311 313 328 

Test #152
13 18 27 31 49 64 71 80 85 95 128 131 135 140 155 159 169 176 183 186 189 191 192 198 204 218 219 223 238 241 243 273 278 286 288 296 311 313 

Test #153
12 14 37 45 57 60 81 104 113 123 133 143 145 187 188 215 221 231 240 264 289 303 305 309 310 318 321 322 323 324 325 327 331 333 334 335 336 337 339 345 348 352 355 359 369 374 375 378 382 387 388 390 393 398 400 404 405 412 413 416 422 426 427 431 433 434 

Test #154
2 13 18 22 27 31 64 71 80 85 95 128 135 146 155 158 159 169 176 189 191 192 194 198 204 207 210 218 219 223 227 235 236 238 241 243 253 257 273 278 279 286 288 296 311 313 

Test #155
368 370 378 405 458 468 526 529 537 539 541 553 554 556 561 566 570 572 

Test #156
75 170 206 225 227 338 357 358 379 389 419 

Test #157
187 359 368 370 392 438 450 461 465 467 468 482 498 515 518 526 529 537 541 543 553 554 556 561 563 564 566 570 571 572 574 582 583 584 586 588 591 601 604 605 606 609 622 624 626 629 634 637 651 

Test #158
18 117 135 155 207 259 268 291 298 301 312 326 329 332 343 351 363 367 403 408 414 445 

Test #159
287 289 344 359 380 399 421 451 454 465 486 498 503 507 513 515 517 518 530 535 552 559 562 568 573 576 583 584 586 587 593 596 599 603 609 611 612 619 621 624 625 626 627 631 639 648 654 668 669 671 672 674 

Test #160
13 40 118 126 189 202 224 248 252 259 268 281 291 298 306 311 312 313 326 332 334 341 343 350 354 356 360 366 367 373 377 380 381 383 385 390 391 392 401 403 406 407 408 410 413 414 415 421 423 425 428 429 435 436 437 442 443 444 445 455 456 458 461 465 466 472 476 479 481 483 

Test #161
18 27 71 80 95 169 191 192 210 241 252 278 286 296 300 306 313 319 326 328 329 332 340 350 

Test #162
15 20 29 33 65 68 92 93 151 158 160 161 168 170 185 218 239 252 255 265 300 306 

Test #163
8 10 11 12 14 24 26 28 34 36 37 45 48 57 60 67 77 81 82 87 100 104 113 116 117 118 123 126 133 138 140 142 143 145 148 149 173 174 179 180 187 188 195 200 201 215 216 220 221 225 229 230 231 232 240 245 247 248 250 251 253 256 258 260 261 262 263 264 266 269 270 271 272 274 276 278 280 282 284 285 290 291 295 297 298 299 303 305 308 310 312 315 318 321 323 324 325 333 334 335 336 337 339 346 348 352 356 359 

Test #164
386 

Test #165
29 35 37 75 114 170 206 208 209 242 

Test #166
227 358 362 384 

Test #167
354 529 537 542 590 605 633 663 

Test #168
1 6 50 63 79 82 127 130 137 157 171 174 180 201 212 214 222 229 246 249 254 292 

Test #169
464 

Test #170
206 354 429 430 438 439 450 468 471 472 475 488 502 512 518 522 525 533 535 540 545 548 553 558 560 561 565 577 579 583 584 585 589 594 600 

Test #171
12 60 81 133 145 187 240 264 289 309 322 331 333 348 374 375 378 387 388 390 393 398 400 404 405 409 412 413 416 422 426 427 431 432 433 434 444 446 447 449 451 452 454 459 

Test #172
18 71 207 252 259 268 298 301 312 313 326 329 332 334 340 343 351 363 403 408 414 421 

Test #173
53 420 479 490 495 507 526 530 547 551 556 569 606 629 

Test #174
675 

Test #175
145 393 399 434 446 449 451 454 463 469 474 477 485 491 492 497 501 511 524 

Test #176
12 37 57 60 81 82 104 106 133 143 173 174 197 221 225 230 240 248 260 278 284 295 297 299 303 307 308 310 312 318 321 323 331 334 335 337 345 355 357 360 364 369 376 382 387 395 396 397 406 

Test #177
632 

Test #178
135 204 207 268 

Test #179


Test #180
252 338 354 370 377 394 406 414 421 425 429 430 435 436 437 438 439 444 445 450 453 456 458 460 461 464 465 466 467 468 471 472 473 474 475 481 483 488 495 496 498 502 512 514 515 518 521 522 523 525 527 533 535 537 545 546 548 560 565 

Test #181
12 188 228 331 409 420 432 447 448 462 478 506 

Test #182
206 313 323 332 334 338 341 354 362 368 369 370 385 389 418 425 429 436 438 440 450 453 460 465 468 470 471 472 473 475 481 502 518 

Test #183
75 206 225 362 389 419 429 453 470 475 

Test #184
12 81 221 278 289 303 309 310 331 337 348 364 374 375 386 387 388 390 398 400 405 412 416 422 426 427 431 433 447 449 452 459 

Test #185


Test #186
13 57 202 224 252 281 317 380 415 421 454 461 467 471 498 503 505 507 513 515 518 521 525 535 537 538 540 552 557 562 563 574 577 578 580 583 584 585 587 588 593 595 596 601 602 604 609 611 616 617 619 622 623 630 631 634 635 640 647 649 

Test #187
82 202 206 248 338 354 366 368 370 392 400 413 414 415 418 425 429 430 435 436 438 442 443 444 445 450 455 458 460 464 465 466 467 468 470 471 472 473 475 476 480 481 483 488 494 495 498 502 505 512 515 518 521 525 526 533 537 539 541 545 548 558 

Test #188
29 75 92 168 170 206 239 338 

Test #189
53 143 269 287 390 393 399 411 412 423 424 434 442 446 449 454 463 469 474 477 485 487 509 524 

Test #190
23 35 37 89 103 114 134 208 209 242 307 

Test #191


Test #192


Test #193
12 81 331 364 374 375 386 390 398 400 409 412 416 422 423 427 431 432 433 447 449 452 459 489 

Test #194
507 552 

Test #195


Test #196
53 57 82 128 173 187 197 248 286 287 344 355 359 364 366 378 381 387 390 391 392 397 399 400 405 406 409 410 411 412 413 414 415 417 423 424 429 430 435 441 442 443 444 446 455 457 458 463 464 465 476 482 493 494 495 497 505 510 516 

Test #197
53 145 197 228 287 322 344 420 465 479 486 490 492 495 507 513 520 526 530 534 541 547 549 550 551 553 556 564 569 576 582 583 586 592 597 598 606 610 613 615 618 627 628 629 

Test #198
37 209 242 

Test #199
100 269 305 325 336 393 

Test #200
4 13 18 22 23 40 71 80 117 118 128 135 146 147 155 158 169 178 189 194 202 207 213 224 227 233 235 240 257 259 267 278 279 283 284 286 288 291 294 296 298 300 302 304 306 311 312 313 328 329 341 349 351 353 354 366 371 

Test #201
464 620 641 642 655 

Test #202
1 6 14 79 130 171 180 214 222 228 229 253 254 280 309 

Test #203
348 387 393 398 426 447 

Test #204
62 100 104 215 269 290 295 300 305 318 321 324 325 333 345 346 352 355 356 365 375 393 402 

Test #205
321 378 405 464 

Test #206


Test #207
37 

Test #208
13 118 126 189 224 259 268 291 301 326 343 354 367 377 380 391 401 403 407 408 410 414 421 423 425 428 429 435 437 445 456 458 461 466 467 479 481 483 484 486 488 496 499 503 512 513 514 

Test #209
8 45 53 59 62 87 100 117 118 126 183 220 247 269 270 272 275 276 281 287 290 291 295 298 300 305 317 325 330 333 345 346 356 

Test #210
291 367 391 528 

Test #211
225 355 357 360 379 389 396 419 

Test #212
12 57 81 128 143 187 221 264 278 289 303 309 322 331 333 345 355 359 364 369 374 375 378 382 386 387 388 390 393 395 397 398 400 404 405 406 409 412 413 416 422 423 424 426 427 431 432 433 442 444 447 449 452 454 459 

Test #213


Test #214
37 106 242 357 360 

Test #215
82 128 173 202 248 268 286 306 317 323 334 335 337 343 344 355 356 360 366 367 369 376 381 382 383 384 385 387 390 391 392 395 406 409 410 411 412 413 415 417 423 424 429 430 435 441 442 443 444 446 455 463 472 476 

Test #216


Test #217
13 40 126 189 224 281 391 421 435 445 456 458 460 461 464 466 467 471 474 479 483 484 486 488 499 503 512 513 514 523 527 528 533 535 537 538 540 544 546 575 578 

Test #218
62 100 269 290 305 

Test #219
215 224 281 287 317 366 380 392 399 410 412 414 421 435 442 443 444 445 446 454 455 457 458 463 464 465 474 476 479 484 486 487 490 493 495 499 503 504 505 507 509 513 517 519 521 536 538 540 543 555 557 559 

Test #220
13 40 126 189 202 224 248 252 281 354 377 391 392 394 406 408 413 414 421 425 429 435 437 439 442 444 445 453 455 456 458 460 461 464 465 466 467 471 472 473 474 475 476 479 481 483 484 486 488 495 496 498 499 502 503 512 513 514 515 518 522 523 527 528 532 533 535 537 544 546 

Test #221
82 225 321 323 338 344 354 366 368 370 378 379 400 405 414 418 419 436 438 441 458 464 468 471 472 473 480 494 502 526 539 

Test #222


Test #223
45 57 62 100 116 216 249 290 322 

Test #224
490 526 569 583 592 

Test #225
29 92 168 170 227 239 362 

Test #226
289 359 380 421 451 454 461 467 471 482 498 503 507 515 517 518 525 530 535 552 559 562 568 573 580 583 584 586 587 593 596 599 603 609 611 612 619 621 622 624 625 626 630 631 639 648 668 669 671 673 674 

Test #227
75 206 425 429 450 453 460 468 470 475 533 560 

Test #228
13 117 118 126 155 169 189 207 224 233 252 259 268 286 291 296 298 301 306 311 312 313 326 328 329 332 334 340 341 343 349 350 351 353 354 356 366 367 371 377 380 381 385 391 392 394 401 403 407 408 410 414 421 425 428 439 

Test #229
357 

Test #230
10 12 14 37 81 82 90 103 106 133 143 174 197 208 215 216 217 225 230 233 242 245 257 258 260 280 297 303 307 355 357 

Test #231
53 264 287 289 344 399 451 454 479 484 485 486 487 490 492 493 497 503 507 509 511 513 517 519 524 531 536 538 554 555 559 562 567 568 573 586 599 603 

Test #232
12 14 19 23 33 37 81 104 106 123 143 174 181 186 197 208 213 217 221 225 230 232 233 239 240 245 251 253 257 258 260 265 266 274 278 280 284 295 297 299 302 303 307 308 310 312 329 331 335 343 347 355 364 367 

Test #233
13 40 189 435 464 523 528 533 538 552 575 602 616 617 

Test #234
6 8 10 11 12 14 24 26 28 33 34 36 37 48 57 59 60 67 73 74 77 81 82 87 101 104 106 108 109 113 117 118 123 126 133 138 140 142 143 148 149 173 174 179 180 187 188 194 195 197 200 208 213 215 216 217 220 221 225 229 230 232 233 235 240 245 247 248 250 251 253 256 258 260 261 262 264 266 269 270 271 272 274 276 278 280 282 284 285 291 295 297 298 299 303 305 308 310 312 318 321 323 324 325 329 334 335 336 339 346 

Test #235
228 409 420 490 506 530 547 581 598 

Test #236
53 57 60 100 104 128 143 145 173 215 240 264 269 287 300 305 306 309 333 345 355 356 365 369 375 378 382 387 390 393 395 398 399 402 405 406 409 410 411 412 413 417 423 424 429 433 434 435 442 444 446 449 451 457 463 469 474 

Test #237


Test #238


Test #239


Test #240
12 81 82 197 221 278 303 309 321 323 331 337 355 364 369 375 376 378 386 390 397 400 405 412 416 427 431 449 452 

Test #241
357 

Test #242
57 128 173 187 197 344 359 366 368 370 392 400 410 414 415 424 430 441 442 443 444 445 458 463 464 465 467 468 476 479 482 484 486 490 491 493 494 495 497 500 502 505 509 510 513 515 516 521 526 529 537 539 541 543 545 553 554 556 557 563 566 570 571 572 574 

Test #243
380 421 454 530 535 552 559 562 573 587 593 596 603 611 619 621 630 631 646 647 648 659 668 671 687 688 

Test #244


Test #245


Test #246
57 202 354 368 370 400 414 415 430 438 445 450 458 461 464 465 467 468 471 472 475 488 494 498 502 505 512 515 518 521 525 526 537 539 540 541 545 548 553 554 556 557 558 560 561 563 570 572 574 577 579 583 584 585 588 589 594 600 601 604 

Test #247
40 224 281 317 380 410 412 421 429 446 463 474 479 484 486 490 499 503 504 507 513 538 540 552 

Test #248
37 106 357 

Test #249
75 225 227 338 379 389 419 

Test #250
95 268 301 363 

Test #251
225 321 357 362 379 389 419 464 471 

Test #252
13 40 118 126 128 189 202 224 248 268 281 286 291 298 302 306 311 312 313 328 332 334 335 341 343 346 349 351 353 354 356 360 366 367 371 373 377 380 381 383 385 387 390 391 392 401 403 406 407 410 413 415 421 423 424 425 428 429 436 437 443 456 458 

Test #253
485 511 

Test #254
100 269 

Test #255


Test #256
2 17 18 20 22 27 31 33 34 54 71 76 80 90 93 95 101 111 123 128 136 146 151 158 159 160 161 165 176 178 186 190 192 194 199 202 207 218 221 224 227 235 236 240 243 252 253 255 257 259 265 267 277 278 279 283 286 294 300 304 306 

Test #257
13 40 189 202 224 252 281 439 461 464 467 471 474 498 505 512 518 521 525 527 533 535 537 538 540 546 557 558 562 563 565 574 575 577 578 580 583 584 585 587 594 595 601 602 604 609 614 616 617 619 623 632 634 635 640 647 649 

Test #258
354 368 370 438 450 468 482 529 537 553 554 556 561 564 566 572 590 591 600 604 605 606 608 634 637 645 651 662 682 685 

Test #259
40 215 224 281 317 380 412 421 446 463 474 479 484 486 490 499 503 504 507 513 517 538 540 552 559 

Test #260
23 33 128 194 202 213 224 227 233 240 243 252 258 259 265 277 278 283 286 294 300 302 304 306 308 312 313 314 328 329 331 332 334 335 337 341 342 343 344 350 353 354 356 360 361 366 367 368 370 372 373 376 381 383 384 385 392 410 

Test #261
13 117 118 126 135 155 169 189 207 224 259 268 291 296 298 301 306 311 312 313 326 328 329 332 340 341 343 349 351 354 356 366 367 371 377 380 381 401 403 407 408 410 414 425 428 

Test #262
206 425 429 450 453 460 468 470 475 533 535 560 

Test #263
206 338 354 368 370 400 414 429 430 435 438 439 442 445 450 458 460 461 464 465 466 467 468 470 471 472 473 475 476 480 481 483 488 494 495 498 502 512 515 518 521 522 523 525 526 532 533 535 537 540 545 548 557 558 560 561 563 577 579 583 584 589 

Test #264
429 542 590 

Test #265
13 40 189 281 464 471 521 525 527 528 533 535 538 540 546 557 558 562 563 574 575 578 580 587 595 607 609 614 616 617 619 620 623 632 635 636 638 640 642 644 647 

Test #266
378 386 405 

Test #267


Test #268


Test #269
225 321 357 378 379 396 405 419 464 

Test #270
2 4 17 18 22 23 27 33 34 56 71 80 95 101 104 111 112 117 123 128 135 136 146 155 158 163 176 178 183 186 190 192 194 202 207 213 218 221 224 227 233 234 235 236 237 239 240 243 253 255 257 259 267 277 278 279 283 284 286 288 293 294 300 304 306 311 328 329 

Test #271
378 405 

Test #272


Test #273
569 591 

Test #274


Test #275
57 81 82 128 143 187 197 321 323 331 344 345 355 359 364 369 375 378 382 386 387 390 397 400 405 406 409 412 413 416 423 424 427 433 442 444 449 459 

Test #276
29 75 114 170 206 242 338 357 

Test #277
464 527 528 

Test #278
27 95 117 135 207 268 301 329 363 367 414 

Test #279
537 591 634 

Test #280
13 40 118 126 189 224 268 281 291 298 306 311 317 332 334 343 346 354 356 366 367 377 380 381 390 391 401 403 406 407 408 410 414 421 423 424 425 428 429 437 456 458 466 479 

Test #281
45 62 

Test #282
75 170 206 225 227 239 338 357 379 389 

Test #283
12 81 188 228 331 374 375 386 390 398 400 409 416 420 422 423 431 432 433 447 448 452 459 462 478 489 506 508 

Test #284
6 10 11 12 14 24 26 28 36 37 45 48 50 57 60 77 79 81 82 100 104 113 116 123 133 138 142 143 145 148 173 174 179 180 187 188 195 201 215 216 221 225 229 230 231 240 248 249 250 251 253 256 258 260 261 262 263 264 269 270 271 272 276 278 280 282 284 285 289 292 295 297 299 303 308 309 310 312 315 318 321 323 324 325 327 334 335 336 337 339 348 352 359 

Test #285
40 53 59 87 117 118 126 135 147 158 183 220 247 257 270 272 275 281 287 290 291 295 298 300 317 328 330 333 345 346 349 351 354 356 

Test #286
82 128 174 202 213 233 248 268 278 286 302 306 308 312 313 323 329 331 332 334 335 337 341 342 343 344 347 350 353 354 356 360 361 364 366 367 368 369 370 372 373 376 377 381 383 384 385 387 391 392 406 407 409 410 415 436 441 443 

Test #287
29 35 37 75 81 92 114 143 168 170 174 181 186 206 208 209 217 239 242 258 265 302 303 331 338 

Test #288
409 423 479 489 490 547 569 

Test #289


Test #290
57 202 252 366 368 370 392 400 414 415 430 435 438 442 444 445 450 458 461 464 465 466 467 468 471 472 473 474 475 481 482 483 488 493 494 495 498 502 505 512 514 515 516 518 521 522 523 525 526 532 535 537 540 543 545 553 557 558 563 571 574 577 583 584 585 587 588 

Test #291
53 187 197 287 289 322 344 359 378 392 443 465 479 490 491 492 493 495 497 500 501 507 510 516 520 521 526 529 530 534 536 539 541 547 550 551 553 554 556 564 566 582 586 597 599 

Test #292
215 412 490 

Test #293
8 24 45 48 62 100 113 116 142 145 148 149 188 215 216 225 229 249 250 256 260 261 269 270 272 276 285 290 291 295 305 318 321 322 324 325 327 334 336 339 348 352 369 

Test #294
75 206 227 239 283 316 337 338 342 358 362 384 389 419 

Test #295


Test #296
53 128 143 145 187 264 287 289 322 344 359 364 390 393 397 399 400 404 409 410 412 416 422 423 424 426 427 431 432 433 434 442 443 444 446 447 449 451 452 454 459 463 469 477 479 485 487 489 491 492 493 497 500 501 506 508 509 510 511 520 524 529 530 531 534 

Test #297
18 27 71 80 95 115 192 210 241 268 278 301 326 332 363 

Test #298
13 40 126 189 281 435 460 461 464 467 471 474 483 484 486 488 512 513 514 521 523 525 527 528 533 535 537 538 540 546 557 563 575 595 

Test #299
291 367 391 528 

Test #300
2 4 10 12 14 15 17 18 19 20 22 23 26 29 30 33 35 47 65 68 71 73 80 81 90 92 93 95 101 102 103 104 108 110 111 112 123 128 136 139 143 146 158 163 165 166 168 170 176 178 181 184 185 186 190 192 194 202 205 207 208 213 216 217 221 224 227 233 234 235 236 239 240 253 255 257 258 259 265 267 277 278 279 283 284 293 294 300 302 303 304 306 314 316 

Test #301


Test #302
13 22 40 117 118 128 135 146 155 158 169 189 207 235 257 268 279 288 296 298 300 306 311 328 341 349 351 354 366 371 

Test #303
8 38 45 59 96 135 225 281 305 

Test #304
10 12 14 24 26 37 45 57 60 81 82 100 104 113 116 123 133 138 142 143 145 148 149 173 174 179 180 187 188 201 214 215 216 221 222 225 229 231 240 247 248 250 253 254 256 260 261 264 269 270 271 272 276 278 280 282 284 285 289 291 292 295 297 299 300 303 305 308 309 310 312 315 318 321 322 323 324 325 327 331 333 334 335 336 337 339 345 346 348 352 356 359 365 369 375 378 387 388 

Test #305
75 82 206 323 332 338 354 368 370 389 400 414 418 425 429 430 436 438 440 441 443 450 453 458 460 464 465 466 468 470 471 472 473 475 480 481 483 488 494 502 515 518 525 526 533 

Test #306
100 269 393 474 

Test #307


Test #308
12 57 60 81 82 128 143 145 187 197 240 264 278 286 289 303 309 321 322 323 331 333 344 345 355 359 364 369 375 378 382 386 387 390 391 395 397 400 404 405 406 409 412 413 416 422 423 424 427 431 432 433 434 442 444 449 452 454 459 

Test #309
206 354 366 368 370 400 414 429 430 438 450 458 464 465 468 471 472 475 480 488 494 502 525 526 537 539 541 545 548 553 554 556 558 560 561 570 572 588 589 

Test #310
57 202 224 252 281 317 366 380 392 414 415 421 430 435 445 454 458 461 464 465 466 467 471 473 474 475 479 482 483 484 486 490 493 495 497 498 503 505 507 512 513 514 515 516 517 518 521 523 525 532 535 537 538 540 543 552 557 563 571 574 577 580 583 584 585 587 588 596 601 604 

Test #311
2 3 4 5 6 7 9 10 11 12 14 16 17 18 19 20 22 23 24 26 28 29 30 33 37 47 52 56 58 59 60 65 66 67 68 71 73 77 80 81 83 86 89 90 92 95 99 101 102 103 104 106 108 109 110 111 112 116 123 133 134 138 139 143 146 148 153 156 163 165 166 168 170 178 180 181 182 184 186 192 194 200 205 207 208 213 215 216 217 221 226 230 232 233 234 235 239 240 245 251 253 257 258 266 267 274 280 284 293 295 299 302 303 

Test #312
464 521 527 528 533 538 546 557 574 614 617 620 623 638 641 642 644 655 

Test #313


Test #314
35 37 209 242 

Test #315
82 174 225 260 297 303 321 323 331 337 342 344 347 355 357 360 364 369 376 379 384 396 397 

Test #316
40 189 224 281 317 380 421 454 471 474 484 486 503 507 513 525 535 538 540 544 552 575 578 580 587 596 602 616 

Test #317
312 363 408 467 486 

Test #318
75 170 206 225 227 239 242 338 357 358 379 389 

Test #319


Test #320
0 6 8 10 14 24 26 28 32 34 36 38 42 45 48 52 56 57 59 62 67 69 70 74 77 88 89 91 95 98 99 100 105 106 109 113 116 117 118 120 123 125 126 127 129 130 132 137 138 140 142 144 145 148 149 150 152 164 167 168 170 172 173 174 177 179 180 187 188 195 200 201 211 212 215 216 217 220 225 229 230 231 232 244 246 247 248 249 250 251 253 256 258 260 261 263 264 269 270 271 272 276 280 282 285 289 290 291 297 312 

Test #321
291 367 

Test #322


Test #323


Test #324
57 128 173 202 224 248 268 281 317 355 366 377 380 381 387 391 392 406 410 412 413 414 415 421 423 424 425 429 430 435 437 442 443 444 445 446 455 456 458 463 464 465 466 472 473 474 475 476 479 482 483 484 486 490 493 495 497 498 499 503 505 507 512 515 516 517 523 532 

Test #325
100 269 

Test #326
269 

Test #327
357 379 464 

Test #328


Test #329
126 252 281 435 439 444 445 460 461 464 467 471 474 475 481 483 486 488 498 502 512 513 514 515 518 521 522 523 525 527 528 533 535 537 538 540 546 557 558 563 565 574 577 583 584 585 587 594 

Test #330
29 35 37 75 114 170 175 206 208 209 242 

Test #331
2 4 13 17 18 20 22 27 31 34 48 49 54 64 71 76 80 85 90 93 95 101 102 103 111 112 123 124 128 131 135 136 140 146 151 155 158 159 160 165 169 176 178 183 184 186 189 190 191 192 194 199 202 204 207 218 219 221 223 224 227 235 236 237 240 241 243 252 253 257 259 267 273 278 279 283 284 286 288 294 296 300 306 311 313 

Test #332
13 40 126 189 291 367 391 408 435 445 456 458 460 461 464 466 467 479 483 484 486 488 513 514 523 527 528 546 

Test #333
40 224 281 317 380 412 421 446 471 474 479 484 486 490 499 503 504 507 512 513 535 538 540 552 575 

Test #334
675 

Test #335
228 490 526 569 581 583 592 598 653 657 

Test #336
228 409 420 490 526 541 581 592 598 613 

Test #337
100 269 

Test #338
12 386 390 409 416 420 422 423 431 432 433 443 447 448 452 459 489 506 508 510 530 

Test #339
549 

Test #340
75 389 429 453 470 475 

Test #341
13 18 22 27 71 80 117 118 128 135 146 155 158 169 189 192 194 207 224 235 236 243 257 259 268 278 286 288 296 298 300 306 311 312 313 328 329 332 340 341 349 351 354 366 371 377 380 381 

Test #342
13 126 189 252 281 377 391 394 406 408 414 421 429 435 437 439 444 445 453 455 456 458 460 461 464 466 467 471 473 474 479 481 483 484 486 488 495 496 498 503 512 513 514 522 523 527 528 533 535 537 546 

Test #343
6 14 171 188 228 229 253 280 309 310 320 374 

Test #344
57 202 224 252 281 415 430 439 461 467 471 498 505 512 515 518 521 525 535 537 538 540 545 553 557 558 560 562 563 571 574 577 578 579 580 583 584 585 587 588 594 600 601 604 605 609 611 619 622 632 634 635 640 643 645 647 649 

Test #345
215 490 

Test #346
386 

Test #347
37 209 

Test #348


Test #349
12 81 278 303 331 375 386 390 400 409 412 416 427 431 452 459 

Test #350
40 53 59 117 118 126 146 158 257 270 272 281 287 290 291 298 300 306 317 328 330 333 345 346 349 351 354 356 390 

Test #351
57 202 252 281 415 430 438 439 450 461 467 468 471 474 498 505 512 515 518 521 525 533 535 537 540 545 546 548 553 556 557 558 560 563 574 577 579 580 583 584 585 587 588 594 600 601 604 605 609 619 622 634 643 

Test #352
429 537 542 

Test #353
0 6 10 11 12 14 16 22 23 24 26 28 36 37 52 56 58 59 60 65 66 67 77 81 84 89 90 91 92 95 98 99 103 104 105 106 108 109 116 123 130 133 134 138 143 144 148 168 170 173 174 180 181 194 197 200 203 213 215 216 217 221 225 230 232 233 235 245 251 253 257 258 260 262 266 269 270 271 274 280 282 297 307 308 

Test #354
228 420 490 526 541 581 583 592 598 613 626 652 653 

Test #355
228 420 486 490 524 530 541 549 581 598 603 613 615 618 628 

Test #356
13 40 117 118 126 189 224 268 270 272 281 286 291 296 298 300 306 311 312 317 328 329 334 341 343 345 346 349 351 353 354 356 366 367 371 377 380 381 385 390 391 392 401 403 407 410 423 424 425 428 429 437 

Test #357
13 40 189 435 464 483 521 523 527 528 533 538 546 557 563 574 575 578 616 617 623 

Test #358
45 57 62 100 116 129 172 177 216 230 248 249 263 271 290 

Test #359
75 170 206 227 239 338 358 379 389 

Test #360
419 429 542 

Test #361
13 18 22 23 71 80 117 118 128 135 146 155 158 169 189 194 202 207 224 227 233 235 236 240 243 257 259 267 268 278 279 283 286 288 291 294 296 298 300 302 304 306 311 312 313 328 329 332 340 341 343 346 349 350 351 353 354 366 367 371 377 380 381 385 

Test #362
12 14 81 113 123 188 221 310 331 348 374 375 386 433 

Test #363
10 11 12 14 24 26 28 36 37 45 57 60 79 81 82 104 113 123 133 138 142 143 148 173 174 179 180 187 188 195 201 215 216 221 225 229 230 231 240 248 250 251 253 256 258 260 261 262 263 264 269 270 271 272 276 278 280 282 284 285 289 292 295 297 299 303 308 309 310 312 315 318 321 323 324 325 327 334 335 337 339 348 359 

Test #364
53 145 187 197 287 289 322 344 359 368 392 399 451 461 465 467 486 492 498 503 507 513 515 517 518 520 526 530 534 541 550 554 559 562 564 566 568 569 573 576 582 583 584 586 596 597 599 603 605 606 609 610 611 612 613 618 621 624 625 626 627 629 639 648 650 654 657 660 669 672 673 674 679 

Test #365
225 321 357 378 379 396 405 464 494 

Test #366
12 188 228 331 409 420 447 448 462 478 506 

Test #367
75 429 453 460 470 475 533 

Test #368
81 386 390 416 423 

Test #369
53 57 128 143 173 215 287 306 355 366 390 392 399 406 409 410 411 412 413 423 424 429 430 434 435 442 443 444 445 446 454 455 457 463 465 474 476 479 482 484 487 490 493 495 497 509 516 517 519 521 524 531 

Test #370
215 412 490 

Test #371
126 207 259 291 301 312 343 363 367 391 403 408 414 445 461 467 484 486 488 

Test #372
379 

Test #373
490 526 541 549 583 584 598 613 

Test #374
33 53 57 60 104 128 133 143 173 215 240 248 264 269 270 272 275 278 286 287 290 291 295 300 303 305 306 308 309 310 312 318 321 323 324 325 330 331 333 334 335 336 337 339 345 346 348 352 355 356 359 364 365 369 375 378 382 387 390 391 395 397 399 402 405 406 409 411 412 417 424 429 430 434 

Test #375
2 4 6 7 10 11 12 14 16 17 18 19 22 23 24 26 28 29 33 37 47 52 56 65 67 68 71 73 77 81 83 89 90 92 95 99 101 102 103 104 106 108 109 110 111 112 116 123 133 134 136 138 139 143 146 148 153 158 163 165 166 168 170 174 176 181 184 186 190 192 194 200 202 205 207 208 213 215 216 217 221 224 226 227 230 232 233 234 235 239 240 245 251 253 257 258 265 266 267 274 279 280 282 283 284 293 294 295 297 299 302 303 304 310 

Test #376
354 529 590 

Test #377
13 40 189 435 454 464 538 552 575 578 587 602 616 617 623 

Test #378
13 40 189 224 281 317 421 435 464 471 474 486 513 523 525 528 533 535 537 538 540 544 552 563 575 578 580 587 595 602 616 617 619 623 

Test #379


Test #380
12 14 37 57 60 81 82 104 106 113 123 133 138 143 148 173 174 187 188 197 215 221 225 230 231 240 248 253 260 261 264 278 280 282 284 285 289 292 295 297 299 303 308 309 310 312 315 318 321 323 324 331 334 335 337 345 355 359 364 369 375 376 382 387 404 

Test #381
213 227 233 252 259 302 312 313 319 323 329 332 334 337 338 341 342 343 344 350 356 358 361 368 369 370 372 373 376 384 385 391 392 394 410 418 421 436 438 439 440 

Test #382
12 14 37 45 57 60 81 104 113 123 133 143 145 187 188 215 221 231 240 264 278 280 289 303 305 309 310 318 321 322 323 324 325 327 331 333 334 335 337 339 345 348 352 355 359 364 369 374 375 378 382 387 388 390 393 398 400 404 405 406 412 413 416 422 426 427 431 433 434 

Test #383
14 188 228 229 253 280 309 310 331 348 374 386 

Test #384
24 45 62 100 116 142 145 149 250 269 290 291 305 325 333 334 336 348 369 

Test #385


Test #386
321 378 379 405 464 494 

Test #387
224 317 380 421 454 471 474 479 484 486 490 503 507 509 513 517 519 535 538 540 552 559 580 593 596 602 

Test #388
19 29 33 35 65 75 81 92 93 114 143 151 168 170 181 185 186 206 213 217 218 227 239 255 258 259 265 277 283 294 302 303 314 316 331 342 344 347 

Test #389
187 359 368 370 438 450 461 467 468 482 498 515 518 526 529 537 553 554 556 558 561 564 566 571 572 574 582 583 584 590 591 601 604 605 606 609 622 624 626 629 634 637 651 662 673 

Test #390
202 224 248 252 268 313 323 332 334 337 338 341 343 354 356 360 366 368 369 370 376 377 381 383 385 387 391 392 406 407 410 413 414 415 421 425 429 430 435 436 437 438 439 442 443 444 445 450 455 456 458 461 465 466 468 471 472 473 475 476 481 483 495 496 498 502 505 

Test #391
464 474 521 527 528 533 538 546 557 558 565 574 587 607 609 614 620 623 632 636 638 642 644 

Test #392
75 206 227 258 294 302 313 314 316 319 331 337 338 341 342 344 350 358 361 362 368 369 370 372 376 384 385 389 418 419 

Test #393
126 252 259 291 298 326 332 334 343 354 367 377 385 391 394 403 406 408 410 414 421 425 429 436 437 439 444 445 453 460 461 465 467 472 473 481 484 486 488 496 498 

Test #394


Test #395
53 264 287 289 393 399 411 423 449 451 454 463 469 474 477 479 484 485 487 490 491 492 497 501 509 511 524 531 549 554 

Test #396
53 57 128 143 145 173 215 264 287 306 355 382 387 390 393 399 406 409 410 411 412 413 417 423 424 429 430 434 435 442 443 444 446 449 451 454 457 463 469 474 477 487 492 493 497 509 

Test #397
19 33 35 37 114 143 174 208 213 227 233 258 265 277 283 286 294 302 303 314 316 331 335 337 342 343 344 347 358 360 361 362 364 367 368 370 372 376 384 

Test #398
0 6 10 14 24 26 28 34 36 37 45 48 57 59 60 62 63 67 74 77 82 91 100 109 113 116 117 118 120 123 126 127 133 138 140 142 145 148 149 150 173 174 177 179 180 187 188 195 200 201 215 216 217 220 221 225 229 230 231 232 244 246 247 248 249 250 251 253 256 258 260 261 263 264 269 270 271 272 276 280 282 284 285 289 290 291 292 295 297 299 312 315 318 321 322 323 324 325 327 334 

Test #399


Test #400
12 14 81 188 228 310 331 348 374 375 386 388 390 400 420 432 433 447 448 452 459 462 478 

Test #401


Test #402
187 368 370 378 392 405 458 468 492 526 529 537 539 541 550 553 554 556 564 566 570 572 582 591 

Test #403
354 368 370 438 450 468 482 529 537 540 553 554 556 558 560 561 564 566 572 579 585 590 591 594 600 601 604 605 606 608 622 634 637 643 645 651 662 666 682 

Test #404
2 13 17 18 20 22 27 31 34 49 71 76 80 85 90 93 95 101 111 123 128 135 136 140 146 151 155 158 159 160 165 169 176 178 183 186 189 190 191 192 194 196 199 202 204 207 218 219 221 223 224 227 235 236 240 241 243 252 253 257 259 265 267 278 279 283 286 288 294 300 304 306 311 

Test #405
386 423 

Test #406
354 529 542 590 605 633 

Test #407
207 291 312 363 391 445 467 486 

Test #408
4 8 11 17 18 21 22 23 26 32 34 36 38 40 48 53 54 56 59 69 70 71 87 88 90 94 95 101 102 103 104 108 110 112 113 117 118 119 121 123 124 126 132 135 138 140 141 142 146 147 149 152 153 158 163 164 165 179 183 184 194 195 207 220 221 227 229 233 235 237 239 240 247 253 256 257 272 275 276 281 284 287 293 298 317 

Test #409


Test #410
128 173 202 224 248 268 281 286 306 317 334 335 354 355 356 360 366 367 377 381 383 385 387 390 391 392 406 407 409 410 411 412 413 415 417 421 423 424 425 429 430 435 437 442 443 444 446 455 456 457 458 463 472 476 482 483 

Test #411


Test #412
18 22 23 33 71 80 117 128 146 158 194 202 207 213 224 227 233 236 240 243 252 255 257 258 259 267 277 278 279 283 286 293 294 296 298 300 302 304 306 312 313 314 319 328 329 332 334 335 341 343 349 350 351 353 354 361 366 367 370 372 373 383 385 392 

Test #413
53 57 128 143 173 187 197 264 287 289 322 344 359 378 390 392 397 399 400 409 410 412 413 423 424 430 433 435 442 443 444 445 446 449 454 455 457 463 465 469 477 479 482 484 487 490 491 492 493 495 497 500 501 509 510 516 521 524 529 531 534 536 538 543 

Test #414
291 367 

Test #415
13 117 126 155 189 207 259 268 291 298 301 311 312 313 326 329 332 343 351 367 391 403 408 410 414 445 

Test #416


Test #417
33 82 128 174 213 227 248 265 278 286 294 297 302 308 312 313 323 329 331 334 335 337 341 342 343 344 347 350 360 361 362 364 367 368 369 370 372 373 376 381 383 384 385 391 397 415 

Test #418


Test #419
13 40 126 189 202 224 248 252 281 354 377 380 391 392 406 408 413 414 421 425 429 435 436 437 439 442 444 445 455 456 458 460 461 464 465 466 467 471 472 473 474 475 476 479 481 483 484 486 488 495 496 498 499 502 503 512 513 514 515 518 522 523 527 528 532 535 537 544 546 

Test #420
646 659 

Test #421
17 18 20 23 27 29 33 65 71 80 92 93 95 151 158 160 168 170 178 185 186 190 192 194 217 218 227 236 239 240 243 252 255 258 259 265 267 277 278 283 286 294 300 302 304 306 314 316 319 328 331 342 344 

Test #422
215 412 490 

Test #423
490 526 569 583 591 598 626 657 

Test #424
430 439 460 461 464 474 512 521 522 525 527 533 535 538 540 546 557 558 565 574 580 584 585 587 594 607 609 614 617 623 632 636 

Test #425
100 269 393 

Test #426


Test #427
4 19 22 23 26 33 34 40 47 53 59 87 101 104 108 113 117 118 123 126 128 135 138 140 142 164 166 183 194 207 208 213 220 221 229 232 233 235 239 240 247 251 253 256 257 266 270 272 274 275 276 278 281 284 287 291 293 294 295 298 299 300 308 310 312 317 329 330 333 335 343 345 346 

Test #428
225 357 379 419 464 

Test #429


Test #430
207 291 301 367 

Test #431
464 521 533 538 546 557 574 614 617 620 623 638 641 642 644 655 

Test #432
13 18 27 31 49 51 71 80 85 93 95 111 128 131 135 140 142 155 159 169 176 183 186 189 191 192 199 204 218 219 223 243 278 286 288 296 311 

Test #433


Test #434
82 197 225 321 323 331 337 344 355 357 360 364 369 376 378 379 396 397 405 

Test #435
12 14 188 228 310 320 331 348 374 388 420 432 433 447 448 462 

Test #436
40 380 412 474 490 507 

Test #437
464 

Test #438
215 281 317 380 410 412 421 429 446 474 479 484 486 490 503 504 507 513 

Test #439
378 405 569 591 

Test #440
591 

Test #441
53 57 128 145 187 197 264 287 289 322 344 359 392 399 424 443 445 451 454 463 465 469 474 479 482 484 486 487 490 491 492 493 495 497 500 501 503 507 509 510 513 516 517 519 520 521 524 526 529 530 531 536 538 540 541 543 550 553 554 555 556 559 563 564 566 567 568 573 574 580 582 

Test #442
40 53 59 87 117 118 126 147 183 220 247 269 270 272 275 281 287 290 291 295 298 300 305 317 330 333 345 346 356 

Test #443
12 14 37 45 57 60 81 82 104 113 123 133 142 143 145 148 173 187 188 201 215 221 225 231 240 248 264 278 280 284 289 295 299 303 305 308 309 310 312 315 318 321 322 323 324 325 327 331 333 334 335 337 339 345 348 352 355 359 364 369 374 375 378 382 387 388 393 395 398 400 404 405 406 412 413 416 422 426 427 

Test #444
378 405 458 464 494 541 572 

Test #445
75 354 529 561 585 590 605 608 633 651 663 676 686 

Test #446
18 27 71 80 95 159 160 169 176 191 192 210 218 219 223 240 241 243 252 278 286 296 300 306 313 319 326 328 332 340 

Test #447
75 206 354 429 430 472 488 525 540 542 545 548 553 560 561 579 589 605 608 

Test #448
12 37 53 57 60 81 82 100 104 128 133 143 145 173 187 197 215 225 240 248 264 269 270 278 286 287 289 291 295 300 303 305 306 308 309 310 318 321 322 323 324 325 331 333 334 335 336 337 339 345 346 348 352 355 356 359 364 365 369 375 376 378 382 387 390 393 395 397 399 402 404 405 406 409 411 412 413 417 429 430 434 435 

Test #449
135 207 268 

Test #450
53 57 128 143 173 187 197 264 287 289 322 344 359 392 399 400 409 410 411 423 424 430 433 435 442 443 444 445 446 449 454 455 457 463 465 469 477 479 482 484 487 490 491 492 493 495 497 500 501 509 510 516 517 521 524 526 529 531 534 536 538 539 540 543 553 554 

Test #451


Test #452


Test #453
53 57 128 143 173 187 215 264 286 287 306 344 355 359 366 378 387 390 392 397 399 400 405 406 409 410 411 412 413 423 424 429 430 433 434 435 442 443 444 446 449 454 455 457 463 465 474 479 482 487 493 495 497 500 501 509 516 517 519 521 524 

Test #454
75 206 354 450 529 540 542 545 553 558 560 561 579 585 589 590 600 605 606 608 633 645 663 

Test #455
12 14 37 45 53 57 60 81 82 104 113 123 133 142 143 145 148 173 187 188 201 215 221 231 240 248 264 278 284 289 295 299 300 303 305 309 310 315 318 321 322 323 324 325 327 331 333 334 335 336 337 339 345 346 348 352 355 356 359 364 365 369 374 375 378 382 387 388 390 393 395 398 400 402 404 405 406 412 413 416 422 426 427 

Test #456
29 35 75 92 114 168 170 206 227 239 242 338 

Test #457
13 18 27 71 80 95 117 135 155 169 189 192 207 210 238 243 259 268 273 278 286 288 296 298 301 311 312 313 326 329 332 340 351 

Test #458
82 173 248 313 321 323 332 338 341 344 354 362 366 368 369 370 378 381 385 387 391 392 400 405 406 413 414 425 429 430 435 436 438 441 442 443 444 450 455 458 464 465 468 471 472 473 475 476 480 494 495 502 505 

Test #459


Test #460


Test #461
215 287 399 410 412 446 454 457 463 474 479 484 486 490 493 497 503 507 509 513 517 519 531 536 538 540 555 559 562 573 

Test #462
13 18 23 27 71 80 117 128 135 155 169 189 192 194 207 210 213 224 233 243 252 259 268 278 286 288 294 296 298 300 302 304 306 311 312 313 319 326 328 329 332 334 340 341 343 350 351 353 356 366 367 373 381 385 392 394 408 

Test #463
393 474 

Test #464
269 

Test #465
12 128 322 386 390 397 400 404 409 416 420 422 423 427 432 433 443 444 447 448 449 452 459 478 489 491 495 500 501 506 508 510 520 529 530 534 

Test #466
33 82 128 143 173 197 248 268 278 286 303 308 312 321 323 331 334 335 337 343 344 345 355 360 364 366 367 369 376 378 381 382 383 384 387 391 392 395 397 405 406 409 413 415 417 430 435 441 443 455 

Test #467
40 118 126 291 311 377 380 381 390 407 423 425 428 437 466 

Test #468
27 95 135 204 207 238 241 268 273 296 313 

Test #469
13 40 189 281 435 460 464 471 474 521 522 523 525 527 528 533 535 537 538 540 544 546 557 563 574 575 578 580 587 595 614 616 617 619 620 623 635 

Test #470
13 202 252 281 430 439 461 471 505 521 525 533 538 540 557 558 562 563 565 574 577 578 580 583 584 585 587 588 594 595 600 601 602 607 609 611 614 616 617 619 623 631 632 633 635 636 640 643 644 647 649 656 661 664 667 

Test #471
224 281 317 380 412 421 446 454 474 479 484 486 490 503 504 507 509 513 517 519 535 538 540 552 559 

Test #472
10 12 14 37 45 57 100 113 123 133 138 142 145 180 187 188 201 214 216 221 222 229 231 253 254 256 280 282 285 289 292 309 310 315 322 323 324 325 327 334 336 337 348 378 387 388 393 

Test #473
53 145 264 287 289 322 344 399 409 420 423 443 451 454 463 465 469 477 479 484 485 486 487 489 490 491 492 493 495 497 500 501 506 508 509 510 511 513 520 524 529 530 531 534 536 547 549 550 551 553 554 556 562 564 567 568 576 

Test #474
92 168 170 206 227 239 255 258 265 283 314 316 319 338 358 361 362 370 372 

Test #475
117 126 207 259 268 291 298 301 312 326 329 332 343 351 363 367 391 403 408 410 414 421 445 453 461 467 

Test #476
13 117 118 126 189 202 213 224 252 259 268 291 298 301 306 311 312 313 326 329 332 334 341 343 349 350 351 353 354 356 360 366 367 371 373 377 380 381 385 391 392 394 401 403 406 407 408 410 414 421 425 428 429 436 437 439 453 456 458 461 466 

Test #477
57 82 173 202 248 344 354 366 368 370 392 400 413 414 415 425 429 430 435 438 441 442 443 444 445 450 455 458 464 465 466 467 468 471 472 473 475 476 480 481 482 483 488 493 494 495 497 498 502 505 512 515 516 518 521 526 537 539 541 543 545 

Test #478
12 14 37 57 60 81 82 104 113 123 133 138 142 143 187 188 201 215 221 229 231 240 248 253 264 278 280 282 284 289 295 299 303 309 310 312 315 318 321 323 324 325 327 331 334 335 337 345 348 355 359 369 374 375 378 382 387 388 398 400 406 412 

Test #479
18 27 71 80 192 312 326 329 332 334 394 408 

Test #480
37 

Test #481


Test #482
291 486 546 

Test #483
12 81 187 188 228 289 331 364 374 375 378 386 387 388 390 398 400 404 405 409 412 413 416 420 422 423 426 427 431 432 433 444 447 448 449 452 459 462 478 489 

Test #484
53 60 100 104 133 143 145 215 240 264 269 287 300 309 333 345 355 375 378 382 390 393 398 399 402 405 410 411 412 413 423 424 433 434 442 446 449 451 454 469 474 477 

Test #485
18 27 71 80 95 115 135 169 191 192 204 210 219 223 238 241 243 268 273 278 286 296 313 326 332 340 

Test #486
40 215 224 281 317 380 412 421 446 474 479 484 486 490 499 503 504 507 513 535 538 540 552 

Test #487
75 206 354 430 438 439 450 468 471 472 488 512 518 525 533 535 540 545 548 553 558 560 561 565 577 579 584 585 589 594 600 605 608 

Test #488
40 252 281 430 439 521 525 533 538 540 546 557 558 562 563 565 574 577 580 583 584 585 587 594 607 609 611 614 617 619 620 623 631 632 633 635 636 638 640 642 644 647 649 656 664 678 

Test #489


Test #490
106 225 242 357 360 379 

Test #491
40 118 126 291 328 349 390 407 437 

Test #492
29 35 75 92 114 168 170 206 208 209 239 242 338 

Test #493
57 82 128 173 197 248 323 344 366 368 370 378 381 387 392 400 405 406 413 414 424 430 435 441 442 443 444 445 455 458 464 465 471 476 480 482 493 494 495 497 502 505 516 526 

Test #494
75 206 313 332 337 338 341 342 350 354 358 361 362 368 369 370 372 376 384 385 389 418 419 425 436 438 440 450 453 460 465 468 470 473 475 

Test #495
13 18 22 23 27 71 80 95 117 128 135 155 158 169 189 191 192 194 202 207 210 224 227 233 236 241 243 252 257 259 267 268 278 279 283 286 288 294 296 298 300 302 304 306 311 312 313 319 326 328 329 332 340 341 343 350 351 353 366 367 

Test #496
81 82 106 143 174 197 225 230 242 260 297 302 303 307 321 323 331 337 342 347 355 357 360 364 369 376 396 397 

Test #497
225 419 429 542 

Test #498
0 1 6 10 14 50 79 82 109 127 130 138 171 174 180 188 195 201 214 222 228 229 231 246 249 253 254 256 280 282 289 309 327 

Test #499


Test #500
12 37 57 60 81 82 104 113 123 128 133 142 143 145 148 173 187 197 215 221 225 231 240 248 260 264 278 284 286 289 295 299 303 305 308 309 310 312 315 318 321 323 324 325 331 333 334 335 336 337 339 345 348 352 355 359 364 369 375 376 378 382 387 391 395 397 400 404 405 406 409 412 413 416 417 427 

