16847 42577 65668 334828 4976 14876
12220 37950 89199 358359 7751 17651
19524 45254 100463 369623 4098 13998
17101 42831 92809 361969 1149 11049
22263 47993 104540 373700 4881 14781
19701 45431 117642 386802 2717 12617
1048 26778 62028 331188 410 10310
4109 29839 180613 449773 9186 19086
16982 42712 99962 369122 2034 11934
21677 47407 149033 418193 5632 15532
22838 48568 8955 278115 1107 11007
21748 47478 78834 347994 609 10509
9678 35408 147982 417142 7000 16900
12524 38254 63155 332315 700 10600
18558 44288 54672 323832 3905 13805
7650 33380 48386 317546 3661 13561
4208 29938 42259 311419 2435 12335
7911 33641 10230 279390 9461 19361
19110 44840 149133 418293 1457 11357
480 26210 30316 299476 9665 19565
790 26520 27773 296933 9031 18931
9896 35626 206828 475988 5874 15774
12376 38106 34128 303288 4434 14334
2363 28093 219673 488833 2958 12858
10287 36017 172644 441804 2088 11988
16205 41935 203395 472555 207 10107
16733 42463 197944 467104 5797 15697
2911 28641 112135 381295 5126 15026
20138 45868 143051 412211 8725 18625
12943 38673 150367 419527 4030 13930
3490 29220 42398 311558 3595 13495
12248 37978 113708 382868 116 10016
4844 30574 226142 495302 3822 13722
521 26251 233984 503144 6530 16430
749 26479 244934 514094 3250 13150
4355 30085 107939 377099 2521 12421
7602 33332 188364 457524 7061 16961
11256 36986 69224 338384 7477 17377
3797 29527 178855 448015 674 10574
21179 46909 128794 397954 8289 18189
23136 48866 54729 323889 6549 16449
5164 30894 222748 491908 3883 13783
15791 41521 223261 492421 7039 16939
18100 43830 209729 478889 935 10835
8986 34716 241372 510532 5873 15773
6725 32455 126682 395842 15 9915
18686 44416 161768 430928 482 10382
10291 36021 152122 421282 6047 15947
4519 30249 104039 373199 7751 17651
8755 34485 162718 431878 3389 13289
23197 48927 112295 381455 145 10045
21294 47024 237678 506838 3390 13290
1216 26946 238446 507606 577 10477
13564 39294 163618 432778 2278 12178
21914 47644 219519 488679 2833 12733
17021 42751 109195 378355 668 10568
7000 32730 22694 291854 9450 19350
16112 41842 163439 432599 9235 19135
673 26403 164552 433712 5146 15046
7603 33333 174563 443723 9570 19470
22502 48232 97660 366820 794 10694
10073 35803 223962 493122 2013 11913
5442 31172 178754 447914 7202 17102
9267 34997 184243 453403 6721 16621
6439 32169 4815 273975 4620 14520
1332 27062 123712 392872 4148 14048
17272 43002 151039 420199 5347 15247
19170 44900 28981 298141 7954 17854
21906 47636 93307 362467 7165 17065
9743 35473 25038 294198 7316 17216
3578 29308 200689 469849 752 10652
7015 32745 186567 455727 163 10063
21033 46763 210896 480056 3289 13189
3384 29114 8515 277675 1229 11129
10392 36122 36874 306034 1056 10956
16162 41892 48923 318083 6164 16064
23232 48962 186233 455393 626 10526
7599 33329 112738 381898 3343 13243
2430 28160 4860 274020 5602 15502
19772 45502 204949 474109 1693 11593
21784 47514 135644 404804 8464 18364
8225 33955 166372 435532 6459 16359
4013 29743 46390 315550 8868 18768
10083 35813 10208 279368 326 10226
1211 26941 226921 496081 234 10134
14380 40110 185382 454542 4101 14001
8571 34301 242507 511667 3977 13877
17564 43294 174810 443970 1988 11888
6972 32702 151209 420369 7368 17268
4248 29978 80664 349824 6844 16744
1366 27096 143216 412376 2662 12562
16643 42373 199758 468918 6598 16498
2111 27841 218663 487823 7203 17103
1439 27169 132505 401665 9199 19099
12166 37896 131005 400165 5845 15745
17295 43025 224455 493615 5420 15320
21781 47511 48144 317304 9594 19494
19457 45187 233664 502824 6590 16490
9960 35690 88741 357901 1881 11781
18819 44549 187235 456395 6293 16193
9183 34913 93999 363159 7539 17439
11410 37140 238618 507778 6370 16270
5174 30904 86404 355564 6610 16510
19034 44764 95975 365135 1746 11646
5877 31607 20255 289415 6468 16368
6778 32508 153250 422410 8369 18269
10557 36287 55462 324622 1332 11232
17010 42740 142021 411181 5584 15484
10297 36027 65478 334638 8526 18426
376 26106 69003 338163 9620 19520
6738 32468 101953 371113 756 10656
668 26398 82031 351191 7521 17421
21075 46805 152849 422009 9449 19349
2222 27952 133442 402602 3129 13029
4127 29857 39496 308656 2347 12247
4565 30295 84585 353745 3675 13575
21537 47267 217325 486485 8736 18636
20925 46655 191799 460959 1902 11802
757 26487 188295 457455 4764 14664
10136 35866 111843 381003 5086 14986
6714 32444 39172 308332 3571 13471
22542 48272 128387 397547 6542 16442
4511 30241 81411 350571 3473 13373
765 26495 122385 391545 2749 12649
20271 46001 147047 416207 3766 13666
1539 27269 21398 290558 8709 18609
11802 37532 227026 496186 4576 14476
10896 36626 62585 331745 7101 17001
17997 43727 28284 297444 6932 16832
375 26105 190104 459264 5949 15849
22882 48612 14026 283186 4304 14204
5697 31427 93426 362586 3395 13295
6262 31992 159675 428835 3451 13351
6315 32045 71822 340982 1282 11182
9259 34989 154741 423901 2293 12193
16786 42516 191918 461078 3151 13051
12237 37967 99838 368998 6084 15984
13696 39426 162860 432020 2624 12524
6927 32657 62819 331979 8154 18054
9754 35484 94089 363249 9119 19019
3019 28749 88908 358068 1676 11576
8528 34258 154705 423865 42 9942
15223 40953 127332 396492 1936 11836
20742 46472 165116 434276 865 10765
23121 48851 155320 424480 3619 13519
6954 32684 152330 421490 5222 15122
3586 29316 227383 496543 6868 16768
11116 36846 118795 387955 1353 11253
3875 29605 33252 302412 378 10278
13304 39034 155116 424276 6227 16127
2944 28674 107805 376965 4384 14284
21638 47368 178214 447374 8220 18120
2923 28653 6305 275465 2196 12096
1247 26977 154044 423204 9385 19285
17095 42825 22561 291721 3134 13034
985 26715 6624 275784 6809 16709
491 26221 114284 383444 3376 13276
11785 37515 93557 362717 7212 17112
22324 48054 12504 281664 3336 13236
22764 48494 137720 406880 1157 11057
1754 27484 170884 440044 483 10383
20403 46133 131501 400661 9279 19179
18558 44288 109060 378220 5197 15097
2202 27932 35883 305043 1487 11387
526 26256 203276 472436 3093 12993
7158 32888 44725 313885 8644 18544
7639 33369 242115 511275 5351 15251
2480 28210 164616 433776 6618 16518
1194 26924 213398 482558 1606 11506
14330 40060 214513 483673 5791 15691
8952 34682 15871 285031 8689 18589
10955 36685 205758 474918 5834 15734
13239 38969 198800 467960 3407 13307
3684 29414 137217 406377 7005 16905
10559 36289 191604 460764 5212 15112
6487 32217 28858 298018 4126 14026
2045 27775 49030 318190 348 10248
4441 30171 223913 493073 6886 16786
20607 46337 193290 462450 3011 12911
11727 37457 228723 497883 5041 14941
21791 47521 6317 275477 6922 16822
3243 28973 95606 364766 9378 19278
598 26328 214618 483778 4686 14586
20402 46132 95243 364403 2363 12263
21213 46943 158071 427231 1994 11894
15939 41669 170071 439231 3049 12949
9190 34920 124522 393682 3719 13619
1176 26906 150597 419757 56 9956
11209 36939 105086 374246 454 10354
11114 36844 219979 489139 4587 14487
8025 33755 172808 441968 3810 13710
22669 48399 111699 380859 2266 12166
9600 35330 173630 442790 9235 19135
14157 39887 240306 509466 4169 14069
11200 36930 92020 361180 2018 11918
8783 34513 189181 458341 2213 12113
13783 39513 78678 347838 3595 13495
10400 36130 17517 286677 9037 18937
4738 30468 166377 435537 5552 15452
20867 46597 7991 277151 7027 16927
22618 48348 237423 506583 4493 14393
22566 48296 158703 427863 9117 19017
16036 41766 197074 466234 990 10890
12083 37813 91149 360309 642 10542
14110 39840 197631 466791 7754 17654
17045 42775 5692 274852 5458 15358
7843 33573 24745 293905 1540 11440
3617 29347 57641 326801 2486 12386
20238 45968 91526 360686 2901 12801
4657 30387 73511 342671 9457 19357
18540 44270 237796 506956 270 10170
13924 39654 111687 380847 9184 19084
20834 46564 38512 307672 6374 16274
8620 34350 219541 488701 6324 16224
13021 38751 38176 307336 5258 15158
20100 45830 133041 402201 5169 15069
10912 36642 185783 454943 9104 19004
17525 43255 84159 353319 8503 18403
17677 43407 217075 486235 9559 19459
22297 48027 220019 489179 6587 16487
7615 33345 66790 335950 7832 17732
4534 30264 168505 437665 3643 13543
12285 38015 148441 417601 3606 13506
17029 42759 185705 454865 1014 10914
17293 43023 32179 301339 6177 16077
841 26571 27606 296766 5170 15070
22488 48218 114988 384148 205 10105
10916 36646 126823 395983 8340 18240
22559 48289 86107 355267 3066 12966
23368 49098 155281 424441 5877 15777
6867 32597 96157 365317 5379 15279
18550 44280 142225 411385 8544 18444
19040 44770 224832 493992 2406 12306
935 26665 33806 302966 3897 13797
22352 48082 169085 438245 1378 11278
8395 34125 88222 357382 8741 18641
2890 28620 44630 313790 9364 19264
17303 43033 77944 347104 8447 18347
4753 30483 232457 501617 4813 14713
16162 41892 111274 380434 8685 18585
13495 39225 35627 304787 3777 13677
15013 40743 6546 275706 6300 16200
19009 44739 122370 391530 9496 19396
18975 44705 194258 463418 3797 13697
7903 33633 176747 445907 5328 15228
17785 43515 122903 392063 3404 13304
6777 32507 152420 421580 6856 16756
8669 34399 204902 474062 8845 18745
17547 43277 127743 396903 4411 14311
4494 30224 134082 403242 6775 16675
22491 48221 197759 466919 440 10340
13305 39035 158210 427370 9180 19080
444 26174 180005 449165 4755 14655
3718 29448 155995 425155 570 10470
12816 38546 53941 323101 1300 11200
6243 31973 134920 404080 9460 19360
3812 29542 189771 458931 4477 14377
8478 34208 77892 347052 17 9917
7719 33449 173827 442987 759 10659
4561 30291 84672 353832 3628 13528
2837 28567 204017 473177 8361 18261
5229 30959 139597 408757 6873 16773
14659 40389 48525 317685 5230 15130
3571 29301 142286 411446 5836 15736
15030 40760 227332 496492 6448 16348
9444 35174 217157 486317 4782 14682
21988 47718 205461 474621 7099 16999
5053 30783 9518 278678 6823 16723
10530 36260 169003 438163 5076 14976
11928 37658 195117 464277 7854 17754
9777 35507 204612 473772 576 10476
21197 46927 238592 507752 4143 14043
18510 44240 57425 326585 1591 11491
20443 46173 21790 290950 9738 19638
22534 48264 79766 348926 9116 19016
17056 42786 180745 449905 2575 12475
2260 27990 192039 461199 3318 13218
7799 33529 29301 298461 2259 12159
18905 44635 135743 404903 8243 18143
10434 36164 160096 429256 9739 19639
9755 35485 223095 492255 3720 13620
572 26302 43490 312650 427 10327
15164 40894 17799 286959 6559 16459
15186 40916 89261 358421 7270 17170
4077 29807 177104 446264 6788 16688
13625 39355 89090 358250 6414 16314
15189 40919 207860 477020 2143 12043
4493 30223 225350 494510 9436 19336
16795 42525 234343 503503 1384 11284
17125 42855 153074 422234 5670 15570
5857 31587 81105 350265 6319 16219
12610 38340 209106 478266 1891 11791
23078 48808 207076 476236 2919 12819
1421 27151 110193 379353 4831 14731
5052 30782 75631 344791 3661 13561
2406 28136 84545 353705 9517 19417
2645 28375 107913 377073 1438 11338
8223 33953 123841 393001 9786 19686
756 26486 119089 388249 8318 18218
17554 43284 44716 313876 9432 19332
20046 45776 73080 342240 7519 17419
6284 32014 190851 460011 675 10575
20340 46070 138786 407946 8985 18885
14878 40608 222032 491192 2156 12056
6154 31884 216199 485359 9527 19427
20327 46057 197120 466280 4672 14572
12507 38237 118185 387345 6104 16004
7832 33562 158087 427247 4862 14762
17723 43453 109359 378519 3203 13103
14491 40221 113223 382383 9370 19270
8289 34019 83594 352754 7359 17259
16399 42129 239634 508794 7031 16931
12051 37781 126998 396158 6331 16231
17937 43667 30029 299189 8158 18058
21901 47631 15229 284389 1361 11261
12391 38121 32348 301508 5006 14906
22003 47733 166541 435701 7088 16988
23235 48965 127832 396992 2426 12326
16396 42126 165873 435033 4116 14016
6555 32285 7760 276920 1262 11162
6652 32382 63700 332860 5673 15573
22264 47994 159207 428367 1585 11485
4056 29786 33788 302948 4352 14252
17235 42965 123418 392578 7091 16991
1280 27010 68689 337849 4832 14732
11179 36909 183543 452703 8556 18456
21996 47726 73514 342674 4518 14418
16843 42573 103649 372809 1477 11377
3662 29392 123373 392533 9218 19118
9990 35720 43246 312406 4176 14076
2881 28611 127467 396627 1922 11822
6006 31736 221763 490923 3834 13734
10019 35749 19150 288310 4447 14347
7917 33647 157792 426952 6604 16504
22107 47837 129053 398213 8799 18699
8243 33973 154610 423770 8280 18180
13432 39162 175992 445152 6055 15955
11396 37126 74619 343779 2089 11989
5780 31510 14053 283213 4904 14804
21836 47566 90308 359468 7900 17800
397 26127 179840 449000 8166 18066
3595 29325 120063 389223 9401 19301
16581 42311 165502 434662 6353 16253
16525 42255 178152 447312 5354 15254
21083 46813 202930 472090 8421 18321
1658 27388 18299 287459 7113 17013
1324 27054 118336 387496 296 10196
22550 48280 199984 469144 8518 18418
11013 36743 154308 423468 1140 11040
13792 39522 133833 402993 5542 15442
17909 43639 161208 430368 3382 13282
2674 28404 44543 313703 3993 13893
21036 46766 190766 459926 8961 18861
7299 33029 135829 404989 6695 16595
1573 27303 18041 287201 4286 14186
12667 38397 144399 413559 425 10325
5163 30893 210024 479184 3667 13567
4682 30412 51663 320823 6251 16151
725 26455 11275 280435 5991 15891
4482 30212 227122 496282 5965 15865
17853 43583 11783 280943 7869 17769
4933 30663 215523 484683 6304 16204
13857 39587 87193 356353 2623 12523
11954 37684 145322 414482 4933 14833
10764 36494 68691 337851 236 10136
12860 38590 224661 493821 7131 17031
18396 44126 37175 306335 8155 18055
21271 47001 162780 431940 3223 13123
13346 39076 206494 475654 562 10462
4025 29755 169025 438185 8738 18638
10959 36689 136746 405906 6245 16145
15011 40741 62142 331302 4911 14811
19496 45226 42518 311678 7996 17896
2208 27938 16020 285180 8389 18289
21802 47532 156867 426027 2826 12726
10355 36085 188976 458136 2206 12106
19464 45194 126713 395873 7502 17402
3856 29586 93890 363050 9207 19107
8959 34689 44313 313473 3558 13458
6999 32729 128355 397515 3976 13876
7582 33312 243082 512242 3720 13620
9083 34813 70691 339851 6173 16073
21705 47435 117456 386616 9186 19086
15984 41714 113954 383114 8257 18157
2842 28572 173257 442417 3941 13841
6730 32460 95463 364623 4184 14084
20779 46509 11623 280783 2087 11987
11367 37097 146650 415810 8639 18539
21401 47131 54374 323534 687 10587
20628 46358 236034 505194 7484 17384
5440 31170 197498 466658 1930 11830
16566 42296 198270 467430 2876 12776
20153 45883 198283 467443 5643 15543
6620 32350 47963 317123 7895 17795
6894 32624 149766 418926 3580 13480
20012 45742 65135 334295 3918 13818
8337 34067 33620 302780 2577 12477
17045 42775 79051 348211 1572 11472
20812 46542 127439 396599 1645 11545
13450 39180 139101 408261 5837 15737
21860 47590 46295 315455 804 10704
14310 40040 233489 502649 2591 12491
5531 31261 32157 301317 6309 16209
18641 44371 207616 476776 349 10249
9255 34985 54630 323790 6563 16463
2798 28528 201207 470367 8174 18074
9343 35073 124482 393642 1248 11148
5665 31395 180063 449223 6747 16647
22399 48129 234487 503647 813 10713
21910 47640 67062 336222 4128 14028
14820 40550 53866 323026 7203 17103
4526 30256 201212 470372 5140 15040
11542 37272 100782 369942 450 10350
3171 28901 98929 368089 9639 19539
22177 47907 72839 341999 7900 17800
1649 27379 201248 470408 6495 16395
21413 47143 100608 369768 5947 15847
9338 35068 11438 280598 5863 15763
22825 48555 104690 373850 5079 14979
17427 43157 169735 438895 1802 11702
21300 47030 224664 493824 5995 15895
4734 30464 211384 480544 1167 11067
22786 48516 91398 360558 6133 16033
21955 47685 68468 337628 795 10695
12484 38214 196033 465193 6509 16409
20239 45969 144848 414008 7251 17151
7193 32923 208946 478106 6940 16840
654 26384 185180 454340 2012 11912
17388 43118 148666 417826 3839 13739
16263 41993 232321 501481 7925 17825
6545 32275 86822 355982 504 10404
13716 39446 6187 275347 5642 15542
1589 27319 229382 498542 6328 16228
6379 32109 48484 317644 2729 12629
19384 45114 170488 439648 7474 17374
3266 28996 161599 430759 5044 14944
14664 40394 219091 488251 7275 17175
8517 34247 230679 499839 1950 11850
21176 46906 139658 408818 3139 13039
9190 34920 176582 445742 7992 17892
13443 39173 152921 422081 8356 18256
9966 35696 146842 416002 1634 11534
22259 47989 94556 363716 6426 16326
23076 48806 111733 380893 9719 19619
11404 37134 60535 329695 2732 12632
13043 38773 233288 502448 3165 13065
6204 31934 128808 397968 7710 17610
12020 37750 86012 355172 2713 12613
20295 46025 102992 372152 5019 14919
3354 29084 57083 326243 6243 16143
9309 35039 123496 392656 2047 11947
12865 38595 29060 298220 8226 18126
18476 44206 232881 502041 205 10105
14045 39775 86278 355438 3718 13618
9535 35265 157096 426256 3619 13519
5703 31433 152945 422105 275 10175
18605 44335 214739 483899 937 10837
12743 38473 53588 322748 2743 12643
11646 37376 121219 390379 1566 11466
9266 34996 59051 328211 7383 17283
6236 31966 123706 392866 6038 15938
4916 30646 146416 415576 1695 11595
22646 48376 148256 417416 6137 16037
22227 47957 112431 381591 3608 13508
1951 27681 92901 362061 6639 16539
7981 33711 13975 283135 3099 12999
893 26623 52143 321303 5355 15255
18227 43957 180316 449476 1079 10979
21905 47635 150162 419322 2020 11920
13570 39300 97406 366566 5178 15078
2131 27861 194693 463853 8741 18641
750 26480 125347 394507 5125 15025
23017 48747 22862 292022 3285 13185
17534 43264 229515 498675 2323 12223
18808 44538 135785 404945 9479 19379
10902 36632 40516 309676 1742 11642
10482 36212 191885 461045 1879 11779
8121 33851 220865 490025 7798 17698
15560 41290 228358 497518 6271 16171
6499 32229 71176 340336 2315 12215
7167 32897 54125 323285 8312 18212
11243 36973 54520 323680 7889 17789
4252 29982 97488 366648 1949 11849
8292 34022 169731 438891 7820 17720
17875 43605 130173 399333 2294 12194
19098 44828 141386 410546 6114 16014
21287 47017 100726 369886 9751 19651
358 26088 218997 488157 681 10581
15085 40815 89599 358759 1247 11147
19076 44806 53238 322398 734 10634
17412 43142 183854 453014 6525 16425
19953 45683 116731 385891 5055 14955
8176 33906 227181 496341 1678 11578
12256 37986 193862 463022 6193 16093
7824 33554 115858 385018 2604 12504
11899 37629 100959 370119 7350 17250
20737 46467 149793 418953 7590 17490
7889 33619 87149 356309 2537 12437
18361 44091 98820 367980 3070 12970
8211 33941 88788 357948 8731 18631
