56977411 51682794 58790664 53102344 31 31
56977411 51682794 58790664 53102344 93 93
56977411 51682794 58790664 53102344 20 20
56977411 51682794 58790664 53102344 51 51
56977411 51682794 58790664 53102344 88 88
56977411 51682794 58790664 53102344 74 74
56977411 51682794 58790664 53102344 13 13
56977411 51682794 58790664 53102344 21 21
56977411 51682794 58790664 53102344 33 33
56977411 51682794 58790664 53102344 98 98
56977411 51682794 58790664 53102344 70 70
56977411 51682794 58790664 53102344 83 83
56977411 51682794 58790664 53102344 38 38
56977411 51682794 58790664 53102344 18 18
56977411 51682794 58790664 53102344 71 71
56977411 51682794 58790664 53102344 1 1
56977411 51682794 58790664 53102344 3 3
56977411 51682794 58790664 53102344 28 28
56977411 51682794 58790664 53102344 46 46
56977411 51682794 58790664 53102344 72 72
56977411 51682794 58790664 53102344 94 94
56977411 51682794 58790664 53102344 81 81
56977411 51682794 58790664 53102344 66 66
56977411 51682794 58790664 53102344 39 39
56977411 51682794 58790664 53102344 41 41
56977411 51682794 58790664 53102344 98 98
56977411 51682794 58790664 53102344 44 44
56977411 51682794 58790664 53102344 50 50
56977411 51682794 58790664 53102344 98 98
56977411 51682794 58790664 53102344 80 80
56977411 51682794 58790664 53102344 92 92
56977411 51682794 58790664 53102344 29 29
56977411 51682794 58790664 53102344 74 74
56977411 51682794 58790664 53102344 12 12
56977411 51682794 58790664 53102344 80 80
56977411 51682794 58790664 53102344 62 62
56977411 51682794 58790664 53102344 83 83
56977411 51682794 58790664 53102344 90 90
56977411 51682794 58790664 53102344 81 81
56977411 51682794 58790664 53102344 15 15
56977411 51682794 58790664 53102344 88 88
56977411 51682794 58790664 53102344 49 49
56977411 51682794 58790664 53102344 95 95
56977411 51682794 58790664 53102344 26 26
56977411 51682794 58790664 53102344 65 65
56977411 51682794 58790664 53102344 66 66
56977411 51682794 58790664 53102344 24 24
56977411 51682794 58790664 53102344 67 67
56977411 51682794 58790664 53102344 93 93
56977411 51682794 58790664 53102344 67 67
56977411 51682794 58790664 53102344 40 40
56977411 51682794 58790664 53102344 86 86
56977411 51682794 58790664 53102344 46 46
56977411 51682794 58790664 53102344 4 4
56977411 51682794 58790664 53102344 25 25
56977411 51682794 58790664 53102344 87 87
56977411 51682794 58790664 53102344 2 2
56977411 51682794 58790664 53102344 68 68
56977411 51682794 58790664 53102344 35 35
56977411 51682794 58790664 53102344 97 97
56977411 51682794 58790664 53102344 49 49
56977411 51682794 58790664 53102344 25 25
56977411 51682794 58790664 53102344 27 27
56977411 51682794 58790664 53102344 21 21
56977411 51682794 58790664 53102344 36 36
56977411 51682794 58790664 53102344 5 5
56977411 51682794 58790664 53102344 80 80
56977411 51682794 58790664 53102344 18 18
56977411 51682794 58790664 53102344 94 94
56977411 51682794 58790664 53102344 61 61
56977411 51682794 58790664 53102344 32 32
56977411 51682794 58790664 53102344 80 80
56977411 51682794 58790664 53102344 9 9
56977411 51682794 58790664 53102344 27 27
56977411 51682794 58790664 53102344 4 4
56977411 51682794 58790664 53102344 73 73
56977411 51682794 58790664 53102344 92 92
56977411 51682794 58790664 53102344 25 25
56977411 51682794 58790664 53102344 40 40
56977411 51682794 58790664 53102344 83 83
56977411 51682794 58790664 53102344 90 90
56977411 51682794 58790664 53102344 77 77
56977411 51682794 58790664 53102344 69 69
56977411 51682794 58790664 53102344 36 36
56977411 51682794 58790664 53102344 78 78
56977411 51682794 58790664 53102344 92 92
56977411 51682794 58790664 53102344 21 21
56977411 51682794 58790664 53102344 80 80
56977411 51682794 58790664 53102344 58 58
56977411 51682794 58790664 53102344 56 56
56977411 51682794 58790664 53102344 77 77
56977411 51682794 58790664 53102344 5 5
56977411 51682794 58790664 53102344 80 80
56977411 51682794 58790664 53102344 2 2
56977411 51682794 58790664 53102344 25 25
56977411 51682794 58790664 53102344 15 15
56977411 51682794 58790664 53102344 4 4
56977411 51682794 58790664 53102344 6 6
56977411 51682794 58790664 53102344 32 32
56977411 51682794 58790664 53102344 95 95
56977411 51682794 58790664 53102344 64 64
56977411 51682794 58790664 53102344 61 61
56977411 51682794 58790664 53102344 75 75
56977411 51682794 58790664 53102344 72 72
56977411 51682794 58790664 53102344 87 87
56977411 51682794 58790664 53102344 76 76
56977411 51682794 58790664 53102344 43 43
56977411 51682794 58790664 53102344 77 77
56977411 51682794 58790664 53102344 99 99
56977411 51682794 58790664 53102344 81 81
56977411 51682794 58790664 53102344 60 60
56977411 51682794 58790664 53102344 89 89
56977411 51682794 58790664 53102344 56 56
56977411 51682794 58790664 53102344 28 28
56977411 51682794 58790664 53102344 23 23
56977411 51682794 58790664 53102344 35 35
56977411 51682794 58790664 53102344 18 18
56977411 51682794 58790664 53102344 44 44
56977411 51682794 58790664 53102344 13 13
56977411 51682794 58790664 53102344 75 75
56977411 51682794 58790664 53102344 97 97
56977411 51682794 58790664 53102344 87 87
56977411 51682794 58790664 53102344 80 80
56977411 51682794 58790664 53102344 75 75
56977411 51682794 58790664 53102344 89 89
56977411 51682794 58790664 53102344 5 5
56977411 51682794 58790664 53102344 89 89
56977411 51682794 58790664 53102344 90 90
56977411 51682794 58790664 53102344 8 8
56977411 51682794 58790664 53102344 19 19
56977411 51682794 58790664 53102344 86 86
56977411 51682794 58790664 53102344 70 70
56977411 51682794 58790664 53102344 77 77
56977411 51682794 58790664 53102344 59 59
56977411 51682794 58790664 53102344 40 40
56977411 51682794 58790664 53102344 64 64
56977411 51682794 58790664 53102344 34 34
56977411 51682794 58790664 53102344 83 83
56977411 51682794 58790664 53102344 39 39
56977411 51682794 58790664 53102344 33 33
56977411 51682794 58790664 53102344 62 62
56977411 51682794 58790664 53102344 99 99
56977411 51682794 58790664 53102344 20 20
56977411 51682794 58790664 53102344 18 18
56977411 51682794 58790664 53102344 25 25
56977411 51682794 58790664 53102344 42 42
56977411 51682794 58790664 53102344 50 50
56977411 51682794 58790664 53102344 42 42
56977411 51682794 58790664 53102344 85 85
56977411 51682794 58790664 53102344 62 62
56977411 51682794 58790664 53102344 17 17
56977411 51682794 58790664 53102344 80 80
56977411 51682794 58790664 53102344 48 48
56977411 51682794 58790664 53102344 94 94
56977411 51682794 58790664 53102344 56 56
56977411 51682794 58790664 53102344 35 35
56977411 51682794 58790664 53102344 97 97
56977411 51682794 58790664 53102344 43 43
56977411 51682794 58790664 53102344 25 25
56977411 51682794 58790664 53102344 5 5
56977411 51682794 58790664 53102344 62 62
56977411 51682794 58790664 53102344 11 11
56977411 51682794 58790664 53102344 72 72
56977411 51682794 58790664 53102344 39 39
56977411 51682794 58790664 53102344 68 68
56977411 51682794 58790664 53102344 13 13
56977411 51682794 58790664 53102344 2 2
56977411 51682794 58790664 53102344 2 2
56977411 51682794 58790664 53102344 93 93
56977411 51682794 58790664 53102344 40 40
56977411 51682794 58790664 53102344 34 34
56977411 51682794 58790664 53102344 55 55
56977411 51682794 58790664 53102344 37 37
56977411 51682794 58790664 53102344 51 51
56977411 51682794 58790664 53102344 70 70
56977411 51682794 58790664 53102344 59 59
56977411 51682794 58790664 53102344 92 92
56977411 51682794 58790664 53102344 21 21
56977411 51682794 58790664 53102344 1 1
56977411 51682794 58790664 53102344 76 76
56977411 51682794 58790664 53102344 80 80
56977411 51682794 58790664 53102344 16 16
56977411 51682794 58790664 53102344 56 56
56977411 51682794 58790664 53102344 28 28
56977411 51682794 58790664 53102344 10 10
56977411 51682794 58790664 53102344 12 12
56977411 51682794 58790664 53102344 62 62
56977411 51682794 58790664 53102344 5 5
56977411 51682794 58790664 53102344 53 53
56977411 51682794 58790664 53102344 87 87
56977411 51682794 58790664 53102344 10 10
56977411 51682794 58790664 53102344 15 15
56977411 51682794 58790664 53102344 95 95
56977411 51682794 58790664 53102344 79 79
56977411 51682794 58790664 53102344 51 51
56977411 51682794 58790664 53102344 63 63
56977411 51682794 58790664 53102344 91 91
56977411 51682794 58790664 53102344 50 50
56977411 51682794 58790664 53102344 62 62
56977411 51682794 58790664 53102344 84 84
56977411 51682794 58790664 53102344 88 88
56977411 51682794 58790664 53102344 95 95
56977411 51682794 58790664 53102344 37 37
56977411 51682794 58790664 53102344 25 25
56977411 51682794 58790664 53102344 44 44
56977411 51682794 58790664 53102344 8 8
56977411 51682794 58790664 53102344 84 84
56977411 51682794 58790664 53102344 35 35
56977411 51682794 58790664 53102344 26 26
56977411 51682794 58790664 53102344 82 82
56977411 51682794 58790664 53102344 11 11
56977411 51682794 58790664 53102344 4 4
56977411 51682794 58790664 53102344 95 95
56977411 51682794 58790664 53102344 64 64
56977411 51682794 58790664 53102344 32 32
56977411 51682794 58790664 53102344 4 4
56977411 51682794 58790664 53102344 74 74
56977411 51682794 58790664 53102344 91 91
56977411 51682794 58790664 53102344 8 8
56977411 51682794 58790664 53102344 27 27
56977411 51682794 58790664 53102344 76 76
56977411 51682794 58790664 53102344 15 15
56977411 51682794 58790664 53102344 39 39
56977411 51682794 58790664 53102344 72 72
56977411 51682794 58790664 53102344 94 94
56977411 51682794 58790664 53102344 87 87
56977411 51682794 58790664 53102344 33 33
56977411 51682794 58790664 53102344 85 85
56977411 51682794 58790664 53102344 38 38
56977411 51682794 58790664 53102344 95 95
56977411 51682794 58790664 53102344 68 68
56977411 51682794 58790664 53102344 26 26
56977411 51682794 58790664 53102344 88 88
56977411 51682794 58790664 53102344 5 5
56977411 51682794 58790664 53102344 48 48
56977411 51682794 58790664 53102344 33 33
56977411 51682794 58790664 53102344 10 10
56977411 51682794 58790664 53102344 30 30
56977411 51682794 58790664 53102344 67 67
56977411 51682794 58790664 53102344 33 33
56977411 51682794 58790664 53102344 11 11
56977411 51682794 58790664 53102344 75 75
56977411 51682794 58790664 53102344 37 37
56977411 51682794 58790664 53102344 6 6
56977411 51682794 58790664 53102344 37 37
56977411 51682794 58790664 53102344 66 66
56977411 51682794 58790664 53102344 7 7
56977411 51682794 58790664 53102344 11 11
56977411 51682794 58790664 53102344 57 57
56977411 51682794 58790664 53102344 15 15
56977411 51682794 58790664 53102344 35 35
56977411 51682794 58790664 53102344 34 34
56977411 51682794 58790664 53102344 29 29
56977411 51682794 58790664 53102344 73 73
56977411 51682794 58790664 53102344 4 4
56977411 51682794 58790664 53102344 23 23
56977411 51682794 58790664 53102344 61 61
56977411 51682794 58790664 53102344 36 36
56977411 51682794 58790664 53102344 7 7
56977411 51682794 58790664 53102344 96 96
56977411 51682794 58790664 53102344 31 31
56977411 51682794 58790664 53102344 74 74
56977411 51682794 58790664 53102344 20 20
56977411 51682794 58790664 53102344 18 18
56977411 51682794 58790664 53102344 76 76
56977411 51682794 58790664 53102344 65 65
56977411 51682794 58790664 53102344 48 48
56977411 51682794 58790664 53102344 84 84
56977411 51682794 58790664 53102344 93 93
56977411 51682794 58790664 53102344 15 15
56977411 51682794 58790664 53102344 17 17
56977411 51682794 58790664 53102344 4 4
56977411 51682794 58790664 53102344 87 87
56977411 51682794 58790664 53102344 51 51
56977411 51682794 58790664 53102344 7 7
56977411 51682794 58790664 53102344 24 24
56977411 51682794 58790664 53102344 17 17
56977411 51682794 58790664 53102344 14 14
56977411 51682794 58790664 53102344 33 33
56977411 51682794 58790664 53102344 74 74
56977411 51682794 58790664 53102344 26 26
56977411 51682794 58790664 53102344 67 67
56977411 51682794 58790664 53102344 8 8
56977411 51682794 58790664 53102344 54 54
56977411 51682794 58790664 53102344 39 39
56977411 51682794 58790664 53102344 11 11
56977411 51682794 58790664 53102344 75 75
56977411 51682794 58790664 53102344 97 97
56977411 51682794 58790664 53102344 44 44
56977411 51682794 58790664 53102344 81 81
56977411 51682794 58790664 53102344 91 91
56977411 51682794 58790664 53102344 73 73
56977411 51682794 58790664 53102344 53 53
56977411 51682794 58790664 53102344 11 11
56977411 51682794 58790664 53102344 90 90
56977411 51682794 58790664 53102344 27 27
56977411 51682794 58790664 53102344 73 73
56977411 51682794 58790664 53102344 38 38
56977411 51682794 58790664 53102344 11 11
56977411 51682794 58790664 53102344 66 66
56977411 51682794 58790664 53102344 50 50
56977411 51682794 58790664 53102344 26 26
56977411 51682794 58790664 53102344 67 67
56977411 51682794 58790664 53102344 35 35
56977411 51682794 58790664 53102344 76 76
56977411 51682794 58790664 53102344 74 74
56977411 51682794 58790664 53102344 56 56
56977411 51682794 58790664 53102344 93 93
56977411 51682794 58790664 53102344 85 85
56977411 51682794 58790664 53102344 86 86
56977411 51682794 58790664 53102344 65 65
56977411 51682794 58790664 53102344 11 11
56977411 51682794 58790664 53102344 54 54
56977411 51682794 58790664 53102344 72 72
56977411 51682794 58790664 53102344 62 62
56977411 51682794 58790664 53102344 90 90
56977411 51682794 58790664 53102344 80 80
56977411 51682794 58790664 53102344 37 37
56977411 51682794 58790664 53102344 85 85
56977411 51682794 58790664 53102344 22 22
56977411 51682794 58790664 53102344 18 18
56977411 51682794 58790664 53102344 76 76
56977411 51682794 58790664 53102344 94 94
56977411 51682794 58790664 53102344 68 68
56977411 51682794 58790664 53102344 84 84
56977411 51682794 58790664 53102344 84 84
56977411 51682794 58790664 53102344 95 95
56977411 51682794 58790664 53102344 57 57
56977411 51682794 58790664 53102344 20 20
56977411 51682794 58790664 53102344 4 4
56977411 51682794 58790664 53102344 22 22
56977411 51682794 58790664 53102344 67 67
56977411 51682794 58790664 53102344 27 27
56977411 51682794 58790664 53102344 88 88
56977411 51682794 58790664 53102344 2 2
56977411 51682794 58790664 53102344 4 4
56977411 51682794 58790664 53102344 60 60
56977411 51682794 58790664 53102344 56 56
56977411 51682794 58790664 53102344 94 94
56977411 51682794 58790664 53102344 45 45
56977411 51682794 58790664 53102344 42 42
56977411 51682794 58790664 53102344 59 59
56977411 51682794 58790664 53102344 53 53
56977411 51682794 58790664 53102344 95 95
56977411 51682794 58790664 53102344 29 29
56977411 51682794 58790664 53102344 16 16
56977411 51682794 58790664 53102344 83 83
56977411 51682794 58790664 53102344 7 7
56977411 51682794 58790664 53102344 52 52
56977411 51682794 58790664 53102344 68 68
56977411 51682794 58790664 53102344 28 28
56977411 51682794 58790664 53102344 68 68
56977411 51682794 58790664 53102344 42 42
56977411 51682794 58790664 53102344 23 23
56977411 51682794 58790664 53102344 34 34
56977411 51682794 58790664 53102344 26 26
56977411 51682794 58790664 53102344 5 5
56977411 51682794 58790664 53102344 29 29
56977411 51682794 58790664 53102344 83 83
56977411 51682794 58790664 53102344 23 23
56977411 51682794 58790664 53102344 31 31
56977411 51682794 58790664 53102344 5 5
56977411 51682794 58790664 53102344 89 89
56977411 51682794 58790664 53102344 57 57
56977411 51682794 58790664 53102344 90 90
56977411 51682794 58790664 53102344 89 89
56977411 51682794 58790664 53102344 58 58
56977411 51682794 58790664 53102344 51 51
56977411 51682794 58790664 53102344 45 45
56977411 51682794 58790664 53102344 52 52
56977411 51682794 58790664 53102344 95 95
56977411 51682794 58790664 53102344 86 86
56977411 51682794 58790664 53102344 9 9
56977411 51682794 58790664 53102344 49 49
56977411 51682794 58790664 53102344 80 80
56977411 51682794 58790664 53102344 35 35
56977411 51682794 58790664 53102344 62 62
56977411 51682794 58790664 53102344 61 61
56977411 51682794 58790664 53102344 41 41
56977411 51682794 58790664 53102344 12 12
56977411 51682794 58790664 53102344 30 30
56977411 51682794 58790664 53102344 67 67
56977411 51682794 58790664 53102344 79 79
56977411 51682794 58790664 53102344 69 69
56977411 51682794 58790664 53102344 87 87
56977411 51682794 58790664 53102344 14 14
56977411 51682794 58790664 53102344 95 95
56977411 51682794 58790664 53102344 89 89
56977411 51682794 58790664 53102344 40 40
56977411 51682794 58790664 53102344 76 76
56977411 51682794 58790664 53102344 12 12
56977411 51682794 58790664 53102344 68 68
56977411 51682794 58790664 53102344 78 78
56977411 51682794 58790664 53102344 99 99
56977411 51682794 58790664 53102344 26 26
56977411 51682794 58790664 53102344 68 68
56977411 51682794 58790664 53102344 86 86
56977411 51682794 58790664 53102344 83 83
56977411 51682794 58790664 53102344 19 19
56977411 51682794 58790664 53102344 29 29
56977411 51682794 58790664 53102344 34 34
56977411 51682794 58790664 53102344 13 13
56977411 51682794 58790664 53102344 13 13
56977411 51682794 58790664 53102344 42 42
56977411 51682794 58790664 53102344 59 59
56977411 51682794 58790664 53102344 92 92
56977411 51682794 58790664 53102344 75 75
56977411 51682794 58790664 53102344 21 21
56977411 51682794 58790664 53102344 52 52
56977411 51682794 58790664 53102344 16 16
56977411 51682794 58790664 53102344 32 32
56977411 51682794 58790664 53102344 79 79
56977411 51682794 58790664 53102344 80 80
56977411 51682794 58790664 53102344 10 10
56977411 51682794 58790664 53102344 48 48
56977411 51682794 58790664 53102344 67 67
56977411 51682794 58790664 53102344 21 21
56977411 51682794 58790664 53102344 43 43
56977411 51682794 58790664 53102344 57 57
56977411 51682794 58790664 53102344 60 60
56977411 51682794 58790664 53102344 19 19
56977411 51682794 58790664 53102344 66 66
56977411 51682794 58790664 53102344 29 29
56977411 51682794 58790664 53102344 96 96
56977411 51682794 58790664 53102344 63 63
56977411 51682794 58790664 53102344 52 52
56977411 51682794 58790664 53102344 63 63
56977411 51682794 58790664 53102344 49 49
56977411 51682794 58790664 53102344 33 33
56977411 51682794 58790664 53102344 81 81
56977411 51682794 58790664 53102344 77 77
56977411 51682794 58790664 53102344 66 66
56977411 51682794 58790664 53102344 93 93
56977411 51682794 58790664 53102344 90 90
56977411 51682794 58790664 53102344 7 7
56977411 51682794 58790664 53102344 50 50
56977411 51682794 58790664 53102344 80 80
56977411 51682794 58790664 53102344 81 81
56977411 51682794 58790664 53102344 70 70
56977411 51682794 58790664 53102344 32 32
56977411 51682794 58790664 53102344 94 94
56977411 51682794 58790664 53102344 1 1
56977411 51682794 58790664 53102344 11 11
56977411 51682794 58790664 53102344 75 75
56977411 51682794 58790664 53102344 10 10
56977411 51682794 58790664 53102344 59 59
56977411 51682794 58790664 53102344 42 42
56977411 51682794 58790664 53102344 30 30
56977411 51682794 58790664 53102344 99 99
56977411 51682794 58790664 53102344 96 96
56977411 51682794 58790664 53102344 87 87
56977411 51682794 58790664 53102344 17 17
56977411 51682794 58790664 53102344 63 63
56977411 51682794 58790664 53102344 14 14
56977411 51682794 58790664 53102344 11 11
56977411 51682794 58790664 53102344 26 26
56977411 51682794 58790664 53102344 65 65
56977411 51682794 58790664 53102344 73 73
56977411 51682794 58790664 53102344 73 73
56977411 51682794 58790664 53102344 98 98
56977411 51682794 58790664 53102344 55 55
56977411 51682794 58790664 53102344 48 48
56977411 51682794 58790664 53102344 62 62
56977411 51682794 58790664 53102344 46 46
56977411 51682794 58790664 53102344 36 36
56977411 51682794 58790664 53102344 66 66
56977411 51682794 58790664 53102344 96 96
56977411 51682794 58790664 53102344 17 17
56977411 51682794 58790664 53102344 47 47
56977411 51682794 58790664 53102344 64 64
56977411 51682794 58790664 53102344 46 46
56977411 51682794 58790664 53102344 40 40
56977411 51682794 58790664 53102344 64 64
56977411 51682794 58790664 53102344 55 55
56977411 51682794 58790664 53102344 13 13
56977411 51682794 58790664 53102344 73 73
56977411 51682794 58790664 53102344 12 12
56977411 51682794 58790664 53102344 52 52
56977411 51682794 58790664 53102344 1 1
56977411 51682794 58790664 53102344 11 11
56977411 51682794 58790664 53102344 49 49
56977411 51682794 58790664 53102344 86 86
56977411 51682794 58790664 53102344 25 25
56977411 51682794 58790664 53102344 12 12
56977411 51682794 58790664 53102344 99 99
56977411 51682794 58790664 53102344 36 36
56977411 51682794 58790664 53102344 35 35
56977411 51682794 58790664 53102344 63 63
56977411 51682794 58790664 53102344 9 9
56977411 51682794 58790664 53102344 8 8
56977411 51682794 58790664 53102344 61 61
56977411 51682794 58790664 53102344 61 61
56977411 51682794 58790664 53102344 54 54
56977411 51682794 58790664 53102344 21 21
56977411 51682794 58790664 53102344 6 6
56977411 51682794 58790664 53102344 89 89
56977411 51682794 58790664 53102344 87 87
56977411 51682794 58790664 53102344 2 2
56977411 51682794 58790664 53102344 6 6
56977411 51682794 58790664 53102344 32 32
