57594521 52860084 57775844 53002040 2 2
57680637 52858586 57861960 53000540 68 68
58084565 52382251 58265888 52524208 7 7
58150995 52926653 58332320 53068608 90 90
57576027 52300374 57757352 52442332 82 82
56995482 52077830 57176804 52219788 40 40
58582953 52366484 58764276 52508440 31 31
57101375 52754902 57282700 52896860 28 28
57676757 51915072 57858080 52057028 89 89
58415359 52025327 58596684 52167284 82 82
58474476 52864919 58655800 53006876 9 9
57512087 52478244 57693412 52620200 72 72
58580472 52017921 58761796 52159876 85 85
57004814 52607248 57186140 52749204 70 70
57298097 52761336 57479420 52903292 84 84
57315435 52597851 57496760 52739808 20 20
58031399 51756880 58212724 51898836 96 96
58240295 52328531 58421620 52470488 46 46
58352963 52299171 58534288 52441128 23 23
57497227 52252799 57678552 52394756 96 96
58116399 52316637 58297724 52458592 35 35
58463908 52894560 58645232 53036516 2 2
57087305 52934108 57268628 53076064 38 38
57528564 52901380 57709888 53043336 54 54
58136526 52895658 58317852 53037612 25 25
57870046 52914139 58051372 53056096 36 36
57397460 51736620 57578784 51878576 18 18
57288182 52814387 57469508 52956344 58 58
58542665 52293476 58723988 52435432 86 86
58145709 52927675 58327032 53069632 74 74
57033770 51693865 57215092 51835820 70 70
57588171 52324528 57769496 52466484 76 76
57380568 52162669 57561892 52304624 58 58
57518114 52218200 57699436 52360156 19 19
57542466 52302158 57723788 52444116 50 50
58184526 51909753 58365852 52051708 29 29
57698152 52713619 57879476 52855576 97 97
57821172 51719886 58002496 51861844 84 84
57310189 52555855 57491512 52697812 19 19
58364194 51931471 58545516 52073428 85 85
57657636 52744459 57838960 52886416 66 66
58319509 52499386 58500832 52641340 67 67
57752919 51991701 57934244 52133656 60 60
57693212 51866988 57874536 52008944 28 28
58035506 52894473 58216828 53036428 41 41
57733130 52319911 57914452 52461868 79 79
57124108 52491183 57305432 52633140 66 66
57130144 52360006 57311468 52501964 95 95
57514480 52416889 57695804 52558844 11 11
58020740 52311070 58202064 52453028 36 36
57669097 52302098 57850420 52444052 66 66
57466256 51901447 57647580 52043404 35 35
57663639 52476113 57844964 52618068 42 42
58371139 52566989 58552464 52708944 23 23
58507984 52425521 58689308 52567476 33 33
57865930 51986979 58047252 52128936 94 94
57337613 52482706 57518936 52624660 46 46
57607649 52844162 57788972 52986116 99 99
57090314 51802975 57271636 51944932 17 17
57615432 52680248 57796756 52822204 77 77
57219729 52732846 57401052 52874804 58 58
57591493 52127070 57772816 52269028 25 25
57709557 52627021 57890880 52768976 56 56
58373930 52623066 58555252 52765020 8 8
58361104 52340157 58542428 52482112 94 94
58500703 52863340 58682028 53005296 67 67
58235630 51709156 58416956 51851112 52 52
58418911 52618850 58600236 52760804 47 47
58262380 51796727 58443704 51938684 34 34
58231099 51703899 58412424 51845856 31 31
58079925 52589043 58261248 52731000 26 26
56989440 52803406 57170764 52945364 77 77
57801386 52041210 57982708 52183164 55 55
58159700 51888960 58341024 52030916 17 17
57280542 52841304 57461868 52983260 88 88
57853933 52277135 58035256 52419092 11 11
57504023 52111166 57685348 52253124 59 59
58141720 51874190 58323044 52016148 99 99
58155548 52553875 58336872 52695832 30 30
58214858 52329125 58396180 52471080 55 55
57731054 52950583 57912380 53092540 13 13
57528105 52792819 57709428 52934776 65 65
58094857 52074485 58276180 52216440 49 49
57118252 51744128 57299576 51886084 1 1
57359377 52530716 57540700 52672672 42 42
57349521 52777012 57530844 52918968 8 8
58109486 52942429 58290812 53084384 87 87
58235263 52394056 58416588 52536012 27 27
56989732 52603716 57171056 52745672 23 23
57749650 52258766 57930972 52400724 93 93
58021468 52511889 58202792 52653844 16 16
58047505 52168401 58228828 52310356 42 42
58441842 52794946 58623164 52936900 99 99
58569268 52935787 58750592 53077744 44 44
58062091 52253601 58243416 52395556 82 82
57068930 51716206 57250252 51858164 5 5
58480435 52348921 58661760 52490876 79 79
57423969 52900512 57605292 53042468 57 57
58604887 52062301 58786212 52204256 83 83
58412377 52503411 58593700 52645368 89 89
58364694 51844985 58546020 51986940 6 6
57667859 52115639 57849184 52257596 55 55
58362680 52191249 58544004 52333204 15 15
57744710 52275005 57926036 52416960 37 37
57260807 52883527 57442132 53025484 38 38
58581460 52620135 58762784 52762092 8 8
58084262 52234398 58265588 52376356 54 54
57795469 52154689 57976792 52296644 35 35
57379747 52572403 57561072 52714360 48 48
58015233 52113887 58196556 52255844 23 23
57807805 52547840 57989128 52689796 11 11
57378821 52742086 57560144 52884044 22 22
57543543 52684284 57724868 52826240 24 24
57787491 52610895 57968816 52752852 62 62
58119222 51771343 58300548 51913300 35 35
57553342 51980690 57734668 52122644 85 85
58093890 51933191 58275212 52075148 15 15
57741369 51921340 57922692 52063296 14 14
57621349 52501173 57802672 52643128 5 5
58010719 52348874 58192044 52490828 9 9
58182076 52040417 58363400 52182372 21 21
57415265 52404897 57596588 52546852 56 56
57177234 52650326 57358556 52792284 49 49
57035918 52766487 57217244 52908444 5 5
57083532 52728779 57264856 52870736 60 60
57037397 51830413 57218720 51972368 99 99
58488676 52659992 58670000 52801948 27 27
58176896 52050855 58358220 52192812 17 17
58445109 52808774 58626432 52950732 29 29
57524655 52602834 57705980 52744788 46 46
57115068 52564110 57296392 52706068 53 53
57103987 52854793 57285312 52996748 57 57
58049578 52630131 58230900 52772088 11 11
58205540 52553808 58386864 52695764 28 28
58471457 52907579 58652780 53049536 44 44
57498797 52802669 57680120 52944624 94 94
57023893 52865965 57205216 53007920 90 90
58285882 52526702 58467204 52668660 82 82
57207040 52412003 57388364 52553960 6 6
57585842 52289111 57767164 52431068 6 6
57328540 52589118 57509864 52731076 9 9
57265529 51777106 57446852 51919060 18 18
58062787 52345193 58244112 52487148 57 57
58522234 52739675 58703556 52881632 50 50
58086593 52766287 58267916 52908244 56 56
57633107 52668806 57814432 52810764 10 10
58266842 52434673 58448164 52576628 92 92
57575857 52624740 57757180 52766696 23 23
58352888 52199958 58534212 52341916 9 9
57713452 52289162 57894776 52431116 53 53
58587352 52125608 58768676 52267564 65 65
57283473 52222149 57464796 52364104 67 67
57635807 52333747 57817132 52475704 10 10
58212250 51995110 58393572 52137068 43 43
57439382 52445161 57620708 52587116 70 70
57187535 52329920 57368860 52471876 49 49
57516696 51797006 57698020 51938964 77 77
58306202 51978846 58487524 52120804 84 84
57623970 51965905 57805292 52107860 82 82
58437340 51761795 58618664 51903752 2 2
58426555 52286557 58607880 52428512 85 85
57596988 52021542 57778312 52163500 85 85
57839426 52293979 58020748 52435936 56 56
58461827 52773607 58643152 52915564 11 11
57560749 52086706 57742072 52228660 73 73
58262165 52580427 58443488 52722384 86 86
57823608 51697087 58004932 51839044 42 42
57923487 51897453 58104812 52039408 34 34
58370630 52903064 58551956 53045020 38 38
57762739 51765570 57944064 51907524 63 63
58207888 51801708 58389212 51943664 10 10
57057921 52484978 57239244 52626932 87 87
57864809 52942552 58046132 53084508 11 11
58450076 52714462 58631400 52856420 34 34
57226974 52702361 57408300 52844316 6 6
57068897 51900235 57250220 52042192 77 77
58499257 52261235 58680580 52403192 60 60
58176272 52292506 58357596 52434460 47 47
58462600 52780764 58643924 52922720 55 55
57337580 51998439 57518904 52140396 92 92
57433747 51829493 57615072 51971448 12 12
57097189 52716742 57278512 52858700 75 75
58530463 52799577 58711788 52941532 50 50
57496186 52573722 57677508 52715676 47 47
56993407 52661950 57174732 52803908 7 7
57484098 52393804 57665420 52535760 94 94
57546456 52571638 57727780 52713596 63 63
57852051 51876840 58033376 52018796 84 84
58097747 52348744 58279072 52490700 40 40
57298176 52682408 57479500 52824364 13 13
58545194 52144922 58726516 52286876 2 2
57024805 52307189 57206128 52449144 90 90
58252367 52696045 58433692 52838000 62 62
58061831 52489852 58243156 52631808 72 72
58069896 52779423 58251220 52921380 33 33
57360257 52846302 57541580 52988260 13 13
57217670 52465755 57398996 52607712 99 99
58488331 52774442 58669656 52916396 34 34
57487104 51897516 57668428 52039472 48 48
57106851 52177613 57288176 52319568 80 80
58397470 52730371 58578796 52872328 89 89
57561372 52397106 57742696 52539060 84 84
58075205 51980004 58256528 52121960 50 50
57827083 52894050 58008408 53036004 98 98
58157385 52493353 58338708 52635308 59 59
57948317 52919848 58129640 53061804 35 35
57159079 51991013 57340404 52132968 4 4
57443803 51718113 57625128 51860068 23 23
58501706 52710860 58683028 52852816 38 38
58554124 52234437 58735448 52376392 4 4
58093510 52037312 58274836 52179268 11 11
57576200 52421413 57757524 52563368 66 66
57254256 51865496 57435580 52007452 44 44
57048803 51796801 57230128 51938756 97 97
57743185 52795800 57924508 52937756 69 69
57589187 52319316 57770512 52461272 64 64
57093495 52355955 57274820 52497912 79 79
57089723 52672194 57271048 52814148 73 73
58452511 52029255 58633836 52171212 28 28
57538700 52681140 57720024 52823096 86 86
57800624 52917043 57981948 53059000 59 59
57674497 52231952 57855820 52373908 47 47
57472281 52372630 57653604 52514588 39 39
58468934 52107593 58650260 52249548 95 95
58220452 52243898 58401776 52385852 88 88
58216174 52445352 58397500 52587308 52 52
57074734 52908323 57256060 53050280 95 95
58432529 51860580 58613852 52002536 19 19
57405056 51826596 57586380 51968552 55 55
57765862 51743496 57947188 51885452 52 52
58144743 52261328 58326068 52403284 87 87
58329833 52027705 58511156 52169660 48 48
57405448 51756939 57586772 51898896 16 16
58101311 51746241 58282636 51888196 41 41
57870956 52084499 58052280 52226456 16 16
58291208 52149447 58472532 52291404 5 5
58436480 52211000 58617804 52352956 34 34
58488439 52422149 58669764 52564104 11 11
57546118 51851075 57727444 51993032 52 52
57001529 52958667 57182852 53100624 94 94
58563669 52153324 58744992 52295280 45 45
58585139 52655213 58766464 52797168 8 8
57797012 52492533 57978336 52634488 48 48
57975777 52313669 58157100 52455624 14 14
57825467 51922174 58006792 52064132 94 94
58111857 52586282 58293180 52728236 64 64
57947079 52542550 58128404 52684508 82 82
57447217 52619368 57628540 52761324 26 26
58488795 52373312 58670120 52515268 68 68
57915700 52461301 58097024 52603256 37 37
57788864 52448856 57970188 52590812 19 19
57431857 52447859 57613180 52589816 67 67
57674049 51729872 57855372 51871828 33 33
57378384 52417557 57559708 52559512 52 52
58168668 52690975 58349992 52832932 17 17
58024089 52800776 58205412 52942732 15 15
58315694 52542378 58497020 52684332 99 99
57508879 51863715 57690204 52005672 60 60
57058762 52375396 57240084 52517352 18 18
57657558 52943629 57838884 53085584 26 26
58197221 52196290 58378544 52338244 33 33
58477726 52455195 58659052 52597152 30 30
58219568 52632429 58400892 52774384 62 62
57983067 52957367 58164392 53099324 46 46
57260198 52371088 57441524 52513044 18 18
57076790 52708121 57258116 52850076 91 91
57246996 51724699 57428320 51866656 75 75
57597960 52814676 57779284 52956632 97 97
58141065 52574164 58322388 52716120 68 68
57680809 52914723 57862132 53056680 40 40
58137805 52557034 58319128 52698988 7 7
57834457 51816401 58015780 51958356 6 6
58510777 51820470 58692100 51962428 48 48
57722513 52256612 57903836 52398568 81 81
58232241 52633336 58413564 52775292 13 13
57491881 51757197 57673204 51899152 38 38
57032731 51964507 57214056 52106464 21 21
57559890 52837427 57741212 52979384 39 39
57911238 51790199 58092564 51932156 17 17
58363084 52223760 58544408 52365716 23 23
57957224 52206199 58138548 52348156 91 91
57769678 52658804 57951004 52800760 44 44
58254893 51791450 58436216 51933404 45 45
58477580 52206406 58658904 52348364 26 26
57339070 52238471 57520396 52380428 39 39
57662547 52895828 57843872 53037784 99 99
57230834 52741266 57412156 52883220 22 22
57514498 52789598 57695820 52931556 5 5
57413081 52099377 57594404 52241332 7 7
57007934 52640801 57189260 52782756 45 45
57243772 51997146 57425096 52139100 44 44
57576195 51959504 57757520 52101460 34 34
57873590 51867452 58054916 52009408 47 47
57878473 51703486 58059796 51845444 42 42
58596499 52742178 58777824 52884132 66 66
57046602 51839036 57227924 51980992 32 32
58223942 52885035 58405268 53026992 34 34
57899175 51934065 58080500 52076020 41 41
58324778 52828427 58506100 52970384 52 52
57400551 52781933 57581876 52923888 32 32
57329536 51904142 57510860 52046100 21 21
57904767 52191664 58086092 52333620 23 23
58219081 52810966 58400404 52952924 41 41
58306201 52622127 58487524 52764084 25 25
57147018 52354194 57328340 52496148 55 55
57628290 52802481 57809612 52944436 39 39
57265200 52919023 57446524 53060980 18 18
57744997 52830305 57926320 52972260 7 7
57885947 52879050 58067272 53021004 44 44
57254520 51739837 57435844 51881792 47 47
57104104 52664054 57285428 52806012 32 32
58546796 52187090 58728120 52329044 92 92
57743651 52873006 57924976 53014964 74 74
57604078 52120040 57785404 52261996 16 16
57996318 52039854 58177644 52181812 44 44
57782389 51755303 57963712 51897260 95 95
57911995 52634649 58093320 52776604 67 67
58373990 51903575 58555316 52045532 79 79
58470387 52256937 58651712 52398892 33 33
58372288 52678495 58553612 52820452 36 36
58374786 51726292 58556108 51868248 31 31
57112314 52425101 57293636 52567056 58 58
58579794 52496439 58761116 52638396 51 51
57277983 52124966 57459308 52266924 57 57
57504079 52764198 57685404 52906156 18 18
57613318 52918326 57794644 53060284 95 95
57674889 51776454 57856212 51918412 24 24
57435682 51818419 57617004 51960376 34 34
57817460 52173124 57998784 52315080 69 69
57300589 52553379 57481912 52695336 78 78
57543284 51968814 57724608 52110772 92 92
57662596 52885514 57843920 53027468 33 33
58585881 52445245 58767204 52587200 18 18
58290956 51776180 58472280 51918136 89 89
58371178 51817652 58552500 51959608 71 71
57099661 52118692 57280984 52260648 16 16
57156063 52521391 57337388 52663348 63 63
57196245 51706787 57377568 51848744 27 27
57987795 52255215 58169120 52397172 15 15
57307678 52807739 57489004 52949696 67 67
57197214 52299035 57378540 52440992 32 32
57650813 51710362 57832136 51852316 40 40
57106290 52823614 57287612 52965572 79 79
58226381 52029074 58407704 52171028 28 28
58109330 52319180 58290652 52461136 97 97
58038613 52928626 58219936 53070580 29 29
57054997 52497096 57236320 52639052 19 19
57989562 52131673 58170884 52273628 30 30
57210822 52208367 57392148 52350324 39 39
58108247 51713269 58289572 51855224 80 80
57048650 52107765 57229972 52249720 88 88
57193617 51847300 57374940 51989256 89 89
57178408 51829411 57359732 51971368 42 42
58605406 51900602 58786732 52042556 92 92
57143971 52037362 57325296 52179316 3 3
58084268 52509183 58265592 52651140 82 82
57166423 51685949 57347748 51827904 32 32
58484053 52837426 58665376 52979380 68 68
57467363 51955994 57648688 52097948 29 29
56985181 52552860 57166504 52694816 78 78
57096118 52632961 57277444 52774916 96 96
58498331 52792773 58679656 52934728 73 73
57245793 52802192 57427116 52944148 42 42
58078543 52456529 58259868 52598484 19 19
57546631 51849172 57727956 51991128 92 92
57176107 52237345 57357432 52379300 28 28
57089222 52934580 57270548 53076536 44 44
57596912 52379509 57778236 52521464 3 3
57153800 52028950 57335124 52170908 28 28
57034839 52455324 57216164 52597280 34 34
57570296 52383614 57751620 52525572 87 87
57348046 52585287 57529372 52727244 18 18
57041493 52932685 57222816 53074640 62 62
58543727 52321892 58725052 52463848 1 1
58207937 52066327 58389260 52208284 59 59
57298326 51835237 57479652 51977192 33 33
58508023 51752086 58689348 51894044 51 51
57151118 52475948 57332444 52617904 28 28
57635899 52210966 57817224 52352924 94 94
58431568 52760311 58612892 52902268 86 86
57537389 52876861 57718712 53018816 84 84
58420741 52018447 58602064 52160404 74 74
58033974 52749541 58215300 52891496 49 49
58342298 52661566 58523620 52803524 41 41
57709853 52282788 57891176 52424744 49 49
58199695 51967773 58381020 52109728 69 69
57390259 52542912 57571584 52684868 85 85
57367054 52888991 57548380 53030948 27 27
58004793 52883046 58186116 53025004 59 59
58029219 51831138 58210544 51973092 10 10
57844953 51725701 58026276 51867656 54 54
57306135 52239305 57487460 52381260 87 87
58198253 52081965 58379576 52223920 83 83
57525836 52683536 57707160 52825492 81 81
58021943 51952105 58203268 52094060 1 1
57124224 52919698 57305548 53061652 33 33
58295229 52308079 58476552 52450036 1 1
58250631 52491401 58431956 52633356 50 50
57874499 51921643 58055824 52063600 83 83
57343223 52222558 57524548 52364516 30 30
58478441 51766712 58659764 51908668 20 20
57109543 52532521 57290868 52674476 39 39
58502944 51744919 58684268 51886876 5 5
57959230 52086620 58140556 52228576 78 78
57177001 52919128 57358324 53061084 56 56
57519069 52070782 57700392 52212740 1 1
57806705 52559675 57988028 52701632 37 37
58070879 51899905 58252204 52041860 21 21
56985655 52162224 57166980 52304180 73 73
58341091 52441979 58522416 52583936 90 90
57328205 52694319 57509528 52836276 54 54
57638545 51713348 57819868 51855304 52 52
57848439 52545139 58029764 52687096 55 55
57117956 52113195 57299280 52255152 10 10
58576193 51861973 58757516 52003928 57 57
58324379 52391466 58505704 52533420 44 44
57187947 52864286 57369272 53006244 38 38
57608524 52862955 57789848 53004912 24 24
58343826 52626530 58525148 52768484 25 25
57157382 52232895 57338708 52374852 97 97
58497137 52952764 58678460 53094720 52 52
58334852 52429078 58516176 52571036 41 41
57131536 52495946 57312860 52637900 47 47
58004526 52430170 58185852 52572124 57 57
58106110 52110125 58287436 52252080 50 50
57245744 51805122 57427068 51947076 24 24
57069886 52907295 57251212 53049252 13 13
57396711 52209139 57578036 52351096 15 15
57999797 51952087 58181120 52094044 75 75
58012020 52374987 58193344 52516944 80 80
58196046 51772868 58377372 51914824 54 54
58156409 52940068 58337732 53082024 18 18
58157525 52583072 58338848 52725028 9 9
58093001 52507283 58274324 52649240 29 29
57312729 52650845 57494052 52792800 56 56
57912793 52160584 58094116 52302540 47 47
57170999 52391627 57352324 52533584 1 1
57680850 51976121 57862172 52118076 49 49
57404246 52564000 57585572 52705956 16 16
57981356 52079502 58162680 52221460 71 71
57512008 52559409 57693332 52701364 2 2
57978923 52615282 58160248 52757236 61 61
58543593 52432904 58724916 52574860 3 3
58445118 52874619 58626444 53016576 78 78
58088613 51970866 58269936 52112820 97 97
57308647 52456016 57489972 52597972 16 16
57584474 52328320 57765796 52470276 76 76
57626987 51802130 57808312 51944084 16 16
58067300 52057608 58248624 52199564 57 57
57140257 52760894 57321580 52902852 24 24
58421969 52217352 58603292 52359308 14 14
58536379 52664094 58717704 52806052 76 76
57209003 52447439 57390328 52589396 51 51
57990104 52535767 58171428 52677724 84 84
57011017 52398859 57192340 52540816 33 33
57164651 52774502 57345976 52916460 45 45
57087413 52352199 57268736 52494156 43 43
58503705 52666909 58685028 52808864 41 41
57201616 51689784 57382940 51831740 49 49
57202816 52400537 57384140 52542492 43 43
58174557 52780942 58355880 52922900 1 1
58071620 51953933 58252944 52095888 76 76
58073002 52609607 58254324 52751564 87 87
57594607 52937824 57775932 53079780 39 39
58016593 52640704 58197916 52782660 60 60
57910068 51719159 58091392 51861116 9 9
58474982 52895715 58656308 53037672 31 31
58140712 52079277 58322036 52221232 22 22
57875266 52118365 58056588 52260320 33 33
58105478 52927045 58286804 53069000 79 79
58335651 52191604 58516976 52333560 30 30
57468455 52376711 57649780 52518668 84 84
58269615 52170118 58450940 52312076 4 4
57277246 52011479 57458572 52153436 88 88
57723268 52435936 57904592 52577892 21 21
57587313 52298736 57768636 52440692 91 91
57332900 52373103 57514224 52515060 20 20
57302526 52182193 57483852 52324148 82 82
58410335 52155800 58591660 52297756 89 89
58482362 52513510 58663684 52655468 99 99
57813738 51933459 57995060 52075416 40 40
57849020 52072574 58030344 52214532 17 17
58382966 51822646 58564292 51964604 8 8
58279809 52915460 58461132 53057416 59 59
58419960 52526431 58601284 52668388 57 57
57337380 52959675 57518704 53101632 32 32
58483165 52596480 58664488 52738436 25 25
57203818 52261481 57385140 52403436 80 80
58421773 52938791 58603096 53080748 39 39
57465454 52235438 57646780 52377396 45 45
57824119 52146760 58005444 52288716 41 41
57563346 52803766 57744668 52945724 32 32
57777344 52077631 57958668 52219588 86 86
57929776 52017536 58111100 52159492 95 95
57005911 52756144 57187236 52898100 94 94
57941428 52851401 58122752 52993356 43 43
58405129 52339671 58586452 52481628 52 52
58394943 52744331 58576268 52886288 45 45
57309960 51906674 57491284 52048628 47 47
57944531 52817462 58125856 52959420 87 87
