57232766 52946931 57414092 53088888 76.8468 86.7468
57172633 51855057 57353956 51997012 61.6786 71.5786
57802027 52812184 57983352 52954140 61.837 71.737
58173981 52934479 58355304 53076436 11.9886 21.8886
57724943 51920784 57906268 52062740 30.8682 40.7682
58262774 52818929 58444100 52960884 47.8389 57.7389
58071231 51891138 58252556 52033092 89.1102 99.0102
57095745 52150151 57277068 52292108 3.26901 13.169
57756183 52071738 57937508 52213692 17.0331 26.9331
57658396 52216959 57839720 52358916 49.6289 59.5289
57072366 52181273 57253692 52323228 24.6757 34.5757
57710539 51861812 57891864 52003768 89.3296 99.2296
58182547 52654219 58363872 52796176 22.3705 32.2705
57788507 51753709 57969832 51895664 5.40019 15.3002
58072994 52350508 58254316 52492464 19.7701 29.6701
57456031 52591763 57637356 52733720 20.2075 30.1075
58136211 52776078 58317536 52918036 52.0195 61.9195
58275314 51814534 58456636 51956492 84.7802 94.6802
57712203 52905809 57893528 53047764 2.59663 12.4966
58609158 52577069 58790484 52719024 42.6451 52.5451
58225791 52672025 58407116 52813980 70.693 80.593
57279672 52825617 57460996 52967572 88.0723 97.9723
57425520 52681440 57606844 52823396 68.9625 78.8625
57959887 52387312 58141212 52529268 86.1316 96.0316
57142377 51734442 57323700 51876396 68.32 78.22
57458376 51687197 57639700 51829152 70.2441 80.1441
57365075 52659898 57546400 52801852 62.8258 72.7258
58187943 52190287 58369268 52332244 87.3016 97.2016
57967521 52704192 58148844 52846148 67.3511 77.2511
57764391 51869786 57945716 52011740 22.6438 32.5438
57939972 52722587 58121296 52864544 38.0923 47.9923
57117692 51726805 57299016 51868760 20.0322 29.9322
57256984 52732263 57438308 52874220 23.7977 33.6977
57550537 51757967 57731860 51899924 31.8146 41.7146
57695279 52766022 57876604 52907980 48.7272 58.6272
58438742 52316858 58620068 52458812 21.648 31.548
57934718 52824206 58116044 52966164 5.10498 15.005
57277029 51941220 57458352 52083176 78.5194 88.4194
58348220 51878536 58529544 52020492 80.9935 90.8935
57163566 52559415 57344892 52701372 18.8717 28.7717
57667907 52273286 57849232 52415244 39.5715 49.4715
58456554 52951452 58637876 53093408 82.0133 91.9133
58498426 52062511 58679748 52204468 51.9821 61.8821
57631300 52165940 57812624 52307896 64.293 74.193
58298198 51899832 58479524 52041788 38.5905 48.4905
58463133 52087128 58644456 52229084 87.0892 96.9892
57105083 52669657 57286408 52811612 50.7967 60.6967
57014775 51875057 57196100 52017012 75.1768 85.0768
57990470 52700714 58171796 52842668 65.8098 75.7098
57503105 52381629 57684428 52523584 28.6368 38.5368
57316712 52122532 57498036 52264488 5.30285 15.2028
57047744 52757426 57229068 52899380 65.501 75.401
56998462 51751576 57179788 51893532 37.6926 47.5926
57749259 51691679 57930584 51833636 75.5955 85.4955
57151041 51694202 57332364 51836156 89.4858 99.3858
58368060 51966021 58549384 52107976 62.9279 72.8279
57382352 52821997 57563676 52963952 65.1659 75.0659
57713151 52373584 57894476 52515540 74.27 84.17
57439421 52871557 57620744 53013512 83.0974 92.9974
57551270 52471666 57732596 52613620 72.2437 82.1437
57203753 51826587 57385076 51968544 68.6971 78.5971
57623997 51820885 57805320 51962840 24.7944 34.6944
57188074 52809027 57369396 52950984 45.3235 55.2235
57807482 51852466 57988804 51994420 68.3263 78.2263
58555706 52859163 58737028 53001120 35.5176 45.4176
57019044 51957190 57200368 52099148 89.069 98.969
57790397 52180575 57971720 52322532 70.4283 80.3283
57195860 52425995 57377184 52567952 77.1452 87.0452
57034693 52796647 57216016 52938604 10.5388 20.4388
57178064 52521133 57359388 52663088 42.0473 51.9473
57944412 52320847 58125736 52462804 13.3423 23.2423
58260022 52941509 58441348 53083464 58.7841 68.6841
58236679 51974216 58418004 52116172 83.1861 93.0861
57895754 52509105 58077076 52651060 42.086 51.986
57626570 52163676 57807892 52305632 9.4656 19.3656
57250269 52898245 57431592 53040200 16.571 26.471
58517143 52406728 58698468 52548684 66.736 76.636
58158726 52953583 58340052 53095540 43.5904 53.4904
57844310 52331109 58025636 52473064 17.9668 27.8668
57087310 51712456 57268636 51854412 59.0193 68.9193
58309915 52918825 58491240 53060780 26.8735 36.7735
58455289 52712396 58636612 52854352 5.2436 15.1436
57726049 52167800 57907372 52309756 72.6638 82.5638
57775172 52786643 57956496 52928600 83.2822 93.1822
58007147 52022619 58188472 52164576 27.9389 37.8389
58463321 52597556 58644644 52739512 88.5639 98.4639
57402773 52239488 57584096 52381444 54.4409 64.3409
56994654 52242848 57175980 52384804 88.5244 98.4244
57974705 52176057 58156028 52318012 77.1958 87.0958
57805650 51795055 57986972 51937012 27.4856 37.3856
58428707 52043942 58610032 52185900 1.94871 11.8487
57203217 51944145 57384540 52086100 80.3156 90.2156
58039620 51788982 58220944 51930940 11.3918 21.2918
57884725 52859915 58066048 53001872 22.0451 31.9451
57568604 52616196 57749928 52758152 3.40194 13.3019
57169908 52389424 57351232 52531380 86.7688 96.6688
58362199 52609222 58543524 52751180 88.5702 98.4702
57194966 52340548 57376292 52482504 83.5789 93.4789
57282796 52637059 57464120 52779016 58.84 68.74
57051045 52057416 57232368 52199372 28.2369 38.1369
58464576 52872782 58645900 53014740 33.8169 43.7169
57330043 51888424 57511368 52030380 6.51115 16.4112
58590763 51795879 58772088 51937836 89.8593 99.7593
56978296 51764203 57159620 51906160 22.6809 32.5809
58439051 52464478 58620376 52606436 15.5729 25.4729
58594121 52132850 58775444 52274804 86.6899 96.5899
57848649 51984772 58029972 52126728 69.0585 78.9585
57874651 52899404 58055976 53041360 37.1035 47.0035
58221517 52314749 58402840 52456704 33.4154 43.3154
58124217 52156717 58305540 52298672 74.9609 84.8609
57957220 52765426 58138544 52907380 46.9038 56.8038
57288818 52821717 57470140 52963672 58.873 68.773
57596890 52077594 57778212 52219548 39.0456 48.9456
58130431 52295661 58311756 52437616 55.741 65.641
58055275 52024574 58236600 52166532 17.3857 27.2857
58401158 51759387 58582484 51901344 49.7076 59.6076
57654706 52570090 57836028 52712044 52.3816 62.2816
57740922 52302957 57922244 52444912 87.5376 97.4376
57045124 51983727 57226448 52125684 65.5 75.4
58593383 51950435 58774708 52092392 66.809 76.709
58053591 52315341 58234916 52457296 29.8501 39.7501
57141611 52317226 57322936 52459180 48.0166 57.9166
57847461 52217441 58028784 52359396 18.0795 27.9795
58101780 52277402 58283104 52419356 44.875 54.775
57047673 52551862 57228996 52693820 64.6928 74.5928
57172826 52386171 57354148 52528128 79.9348 89.8348
58537454 51830276 58718780 51972232 87.2697 97.1697
57762848 52777745 57944172 52919700 1.41214 11.3121
58330418 52363999 58511740 52505956 77.7966 87.6966
57413978 52820899 57595300 52962856 24.2076 34.1076
58483302 52278332 58664628 52420288 50.4265 60.3265
57997489 51926286 58178812 52068244 11.0701 20.9701
58205667 52125619 58386992 52267576 89.8497 99.7497
57457334 51711821 57638660 51853776 23.5691 33.4691
57649872 52199124 57831196 52341080 12.1089 22.0089
56981065 51814020 57162388 51955976 75.3867 85.2867
58567268 52284163 58748592 52426120 30.7923 40.6923
58516220 52633933 58697544 52775888 41.8287 51.7287
57989731 51835206 58171056 51977164 64.1882 74.0882
57967339 52764673 58148664 52906628 37.8419 47.7419
58360774 52373924 58542100 52515880 35.7507 45.6507
58517920 51900820 58699244 52042776 25.4072 35.3072
56985971 52329056 57167296 52471012 58.34 68.24
57780546 51808696 57961868 51950652 5.08358 14.9836
57291166 52230204 57472492 52372160 9.47897 19.379
57963056 52657764 58144380 52799720 88.9118 98.8118
58220676 52045600 58402000 52187556 28.1341 38.0341
57241678 52713832 57423004 52855788 61.072 70.972
57289218 52727433 57470540 52869388 8.96298 18.863
58563291 52542563 58744616 52684520 33.0961 42.9961
57916374 52426863 58097700 52568820 17.7358 27.6358
58188858 51735285 58370180 51877240 89.5211 99.4211
58045299 52690313 58226624 52832268 28.1686 38.0686
58223463 51993805 58404788 52135760 28.9578 38.8578
56980719 52950789 57162044 53092744 48.6637 58.5637
57518897 52752774 57700220 52894732 65.2236 75.1236
57034128 51947909 57215452 52089864 73.8166 83.7166
57086455 52426957 57267780 52568912 67.268 77.168
58593600 52419220 58774924 52561176 55.6789 65.5789
57880504 52761131 58061828 52903088 26.7458 36.6458
57412514 52346061 57593836 52488016 4.6764 14.5764
58298669 52891915 58479992 53033872 46.586 56.486
57060118 52397450 57241444 52539404 75.4447 85.3447
58188971 52583087 58370296 52725044 86.6578 96.5578
57269370 52355486 57450692 52497444 23.3833 33.2833
58369915 52230977 58551240 52372932 69.5856 79.4856
58362690 52496013 58544012 52637968 38.6959 48.5959
57073341 52319141 57254664 52461096 48.6066 58.5066
57937173 51684359 58118496 51826316 56.3906 66.2906
58570367 52021676 58751692 52163632 40.4808 50.3808
57095851 51857779 57277176 51999736 34.3746 44.2746
57896273 52039026 58077596 52180980 81.5115 91.4115
58013213 52783443 58194536 52925400 28.0987 37.9987
57322949 52182100 57504272 52324056 25.9206 35.8206
58392825 51948951 58574148 52090908 82.4053 92.3053
58537312 52476180 58718636 52618136 25.4873 35.3873
56977844 52183563 57159168 52325520 40.8673 50.7673
58353823 52866732 58535148 53008688 69.9239 79.8239
57901452 52034392 58082776 52176348 80.2846 90.1846
57829033 51853550 58010356 51995508 3.84564 13.7456
58090519 52061608 58271844 52203564 42.2143 52.1143
57992948 52125039 58174272 52266996 46.9597 56.8597
57115838 52562019 57297164 52703976 13.1584 23.0584
58423574 52792014 58604900 52933972 65.768 75.668
58134142 52158895 58315468 52300852 50.2018 60.1018
58147345 51930659 58328668 52072616 19.4682 29.3682
57505028 52210145 57686352 52352100 37.7905 47.6905
57895834 51829645 58077156 51971600 3.1298 13.0298
57796881 51688550 57978204 51830508 76.1986 86.0986
57324715 52368058 57506040 52510012 40.0314 49.9314
57382429 52856998 57563752 52998956 15.8183 25.7183
58537410 52230586 58718732 52372540 9.58028 19.4803
57215135 51853171 57396460 51995128 68.9033 78.8033
57026733 52749864 57208056 52891820 90.032 99.932
57419553 52143399 57600876 52285356 79.2131 89.1131
57318195 51984064 57499520 52126020 53.4855 63.3855
57982881 52820043 58164204 52962000 86.7793 96.6793
57799603 51786995 57980928 51928952 42.9347 52.8347
58496219 52231687 58677544 52373644 63.0028 72.9028
57768637 52722860 57949960 52864816 28.5186 38.4186
57474381 52632256 57655704 52774212 68.063 77.963
57467324 51979632 57648648 52121588 43.155 53.055
57431253 52709272 57612576 52851228 37.6506 47.5506
58137401 52089037 58318724 52230992 79.6484 89.5484
58563949 51740601 58745272 51882556 20.2135 30.1135
56994740 52240578 57176064 52382532 25.5068 35.4068
58121246 51827161 58302572 51969116 41.6045 51.5045
57180403 52278716 57361728 52420672 17.274 27.174
57180550 52223989 57361876 52365944 23.4392 33.3392
57678369 52325034 57859692 52466988 56.9733 66.8733
57761271 52597379 57942596 52739336 29.2778 39.1778
57175005 52297472 57356328 52439428 77.3557 87.2557
58434752 51867557 58616076 52009512 66.6223 76.5223
58547369 52186859 58728692 52328816 15.9248 25.8248
57194808 52119863 57376132 52261820 81.1314 91.0314
57562579 51987442 57743904 52129396 43.1437 53.0437
57424479 52192689 57605804 52334644 14.8744 24.7744
57308124 52140587 57489448 52282544 33.114 43.014
58396505 51822759 58577828 51964716 19.5812 29.4812
58112955 52522557 58294280 52664512 45.1301 55.0301
58436705 52680509 58618028 52822464 68.381 78.281
58273129 52037996 58454452 52179952 11.7077 21.6077
57682583 52730861 57863908 52872816 66.2351 76.1351
57035076 52219063 57216400 52361020 37.9108 47.8108
58011857 51880126 58193180 52022084 19.1113 29.0113
57923497 52174657 58104820 52316612 90.0496 99.9496
56978497 52436785 57159820 52578740 33.9113 43.8113
58211106 52370936 58392428 52512892 27.5756 37.4756
57283167 52236539 57464492 52378496 26.2218 36.1218
57742267 52737717 57923592 52879672 4.75258 14.6526
56983494 52514571 57164820 52656528 82.1309 92.0309
57135745 52206108 57317068 52348064 64.4643 74.3643
57321576 52574850 57502900 52716804 87.3521 97.2521
57730259 52092085 57911584 52234040 3.90064 13.8006
58286711 52441651 58468036 52583608 83.9915 93.8915
57313616 52403760 57494940 52545716 76.1937 86.0937
57959872 52846652 58141196 52988608 9.35859 19.2586
58237744 52637098 58419068 52779052 17.5351 27.4351
58350225 52526248 58531548 52668204 33.2417 43.1417
57000811 51777701 57182136 51919656 77.9176 87.8176
58286597 52621749 58467920 52763704 30.336 40.236
58095662 51984961 58276988 52126916 12.2193 22.1193
58389813 51759612 58571136 51901568 10.823 20.723
57362536 52285693 57543860 52427648 3.66935 13.5694
58348001 52789672 58529324 52931628 14.3721 24.2721
58299751 52741480 58481076 52883436 33.9627 43.8627
57935240 52445765 58116564 52587720 24.1737 34.0737
57833818 52722879 58015140 52864836 79.2905 89.1905
58193916 52442562 58375240 52584516 66.2607 76.1607
57567625 52055237 57748948 52197192 88.4209 98.3209
58457849 52245439 58639172 52387396 16.0457 25.9457
57560385 51766148 57741708 51908104 10.9604 20.8604
57935162 52094933 58116484 52236888 82.8728 92.7728
57288066 51879898 57469388 52021852 40.4069 50.3069
57044123 51812540 57225448 51954496 89.9846 99.8846
57002702 52245419 57184028 52387376 83.5505 93.4505
57845323 52392803 58026648 52534760 18.7097 28.6097
58470279 51731087 58651604 51873044 16.4735 26.3735
58082488 52381236 58263812 52523192 18.662 28.562
57516840 52341804 57698164 52483760 48.1526 58.0526
57273625 51700574 57454948 51842532 26.2867 36.1867
57623492 52256463 57804816 52398420 36.1953 46.0953
58592493 52443277 58773816 52585232 56.5871 66.4871
57525507 51875476 57706832 52017432 89.0587 98.9587
58439235 52395176 58620560 52537132 47.4107 57.3107
57879482 52050814 58060804 52192772 15.6347 25.5347
57682096 51718583 57863420 51860540 72.2687 82.1687
57462178 52562341 57643500 52704296 53.8158 63.7158
58347778 51858833 58529100 52000788 61.5667 71.4667
58447856 51729109 58629180 51871064 47.3519 57.2519
58050381 52578531 58231704 52720488 83.7446 93.6446
58332255 52635634 58513580 52777588 26.2252 36.1252
57280158 52202587 57461484 52344544 64.2131 74.1131
58070705 52944259 58252028 53086216 30.3312 40.2312
57692881 52597901 57874204 52739856 19.6933 29.5933
57649562 52736077 57830884 52878032 47.6715 57.5715
57631160 51707052 57812484 51849008 58.1286 68.0286
57228145 51706622 57409468 51848580 83.9271 93.8271
57164642 52652504 57345964 52794460 24.1575 34.0575
57289795 52749274 57471120 52891228 30.8361 40.7361
58193820 52524605 58375144 52666560 21.8728 31.7728
58093299 52696369 58274624 52838324 17.6576 27.5576
57703492 51759868 57884816 51901824 18.4622 28.3622
57982148 51715294 58163472 51857252 35.4371 45.3371
57872565 52759751 58053888 52901708 10.2004 20.1004
57441455 52778248 57622780 52920204 37.0812 46.9812
58213751 52022955 58395076 52164912 24.7743 34.6743
57925797 52791933 58107120 52933888 80.0895 89.9895
58335028 52733512 58516352 52875468 48.9891 58.8891
57150383 52390906 57331708 52532860 34.8908 44.7908
58307431 52733580 58488756 52875536 88.2915 98.1915
57074319 52656946 57255644 52798900 57.2779 67.1779
57757836 52579446 57939160 52721404 70.4899 80.3899
58312358 52139195 58493684 52281152 2.97001 12.87
58183190 51994558 58364516 52136516 39.5659 49.4659
58567589 52702691 58748912 52844648 45.1439 55.0439
57236055 52386878 57417380 52528836 38.683 48.583
58421697 52050047 58603020 52192004 2.35207 12.2521
57581215 51915062 57762540 52057020 80.0668 89.9668
57716905 51847506 57898228 51989460 72.7829 82.6829
57167641 52204151 57348964 52346108 27.8522 37.7522
57006394 52603138 57187716 52745092 32.3638 42.2638
57088365 52719710 57269688 52861668 28.7874 38.6874
57584017 51951294 57765340 52093252 83.6805 93.5805
58087002 52836949 58268324 52978904 52.5189 62.4189
57548579 52769452 57729904 52911408 45.0956 54.9956
58537394 52646858 58718716 52788812 17.9824 27.8824
58443342 52493424 58624668 52635380 33.6521 43.5521
57384874 52488206 57566196 52630164 85.9318 95.8318
57445715 52323319 57627040 52465276 19.7791 29.6791
57174039 52098103 57355364 52240060 53.919 63.819
57918539 52654369 58099864 52796324 30.0241 39.9241
57663533 52450500 57844856 52592456 49.5076 59.4076
58502462 51718799 58683788 51860756 54.7651 64.6651
58573061 51924589 58754384 52066544 75.8892 85.7892
57006274 51744865 57187596 51886820 31.9804 41.8804
57662282 52275079 57843604 52417036 54.5643 64.4643
58513572 52577798 58694896 52719756 82.6596 92.5596
57376960 52639792 57558284 52781748 13.8115 23.7115
57374274 52389412 57555596 52531368 81.8978 91.7978
58413918 52689998 58595244 52831956 51.165 61.065
57326984 52037144 57508308 52179100 15.5933 25.4933
57341950 52682598 57523276 52824556 24.7719 34.6719
57739599 51845454 57920924 51987412 62.4349 72.3349
58355234 52537303 58536556 52679260 50.1414 60.0414
56998498 52669947 57179820 52811904 27.4572 37.3572
57156064 52296143 57337388 52438100 38.5262 48.4262
57454648 51809519 57635972 51951476 39.6203 49.5203
57706611 52043012 57887936 52184968 28.7471 38.6471
57016113 51796066 57197436 51938020 89.318 99.218
57754575 52666218 57935900 52808172 25.8158 35.7158
58348017 52619632 58529340 52761588 47.6371 57.5371
57590347 52887110 57771672 53029068 12.2902 22.1902
57224445 51950375 57405768 52092332 33.3182 43.2182
57724634 52788347 57905956 52930304 19.5459 29.4459
58568578 52722395 58749900 52864352 25.8366 35.7366
57328161 52839176 57509484 52981132 4.84167 14.7417
57327576 51858018 57508900 51999972 64.9878 74.8878
58268544 51711920 58449868 51853876 58.3826 68.2826
57426958 51928698 57608284 52070652 72.3023 82.2023
58534976 52181738 58716300 52323692 47.1151 57.0151
57025729 52886348 57207052 53028304 27.0509 36.9509
57104199 52458913 57285524 52600868 53.1672 63.0672
57824581 52944735 58005904 53086692 85.8716 95.7716
57580358 51979855 57761684 52121812 89.8292 99.7292
58099463 52516489 58280788 52658444 56.1736 66.0736
57646548 52061515 57827872 52203472 20.2297 30.1297
57171053 52640043 57352376 52782000 36.5616 46.4616
58076855 52436657 58258180 52578612 16.318 26.218
57764216 52874039 57945540 53015996 54.7214 64.6214
57997358 52103615 58178684 52245572 66.5029 76.4029
57345788 52565413 57527112 52707368 12.7275 22.6275
57791005 51903363 57972328 52045320 83.8441 93.7441
58197906 52550093 58379228 52692048 43.0134 52.9134
57829036 52268300 58010360 52410256 42.7703 52.6703
58062218 51757265 58243540 51899220 46.5006 56.4006
57286614 52314598 57467940 52456556 77.3172 87.2172
57709654 51843227 57890980 51985184 3.23487 13.1349
58044366 52057931 58225692 52199888 41.0741 50.9741
57520307 51886104 57701632 52028060 40.3819 50.2819
57940389 52873843 58121712 53015800 89.4764 99.3764
58317566 52171783 58498892 52313740 34.9732 44.8732
57023158 52149587 57204484 52291544 16.9539 26.8539
58066240 52889203 58247564 53031160 51.0531 60.9531
58297708 52103020 58479032 52244976 78.1446 88.0446
57097425 52329415 57278748 52471372 34.3631 44.2631
57556202 52052798 57737524 52194756 31.3008 41.2008
58525146 52429551 58706468 52571508 81.4883 91.3883
57355136 52667757 57536460 52809712 69.7133 79.6133
58601159 52486088 58782484 52628044 55.3583 65.2583
57949265 52440904 58130588 52582860 19.6258 29.5258
58588946 51753553 58770268 51895508 18.3196 28.2196
57569234 51938046 57750556 52080004 73.1463 83.0463
58148487 52337677 58329812 52479632 71.1063 81.0063
57910021 51969653 58091344 52111608 3.62692 13.5269
57721352 52408631 57902676 52550588 48.6373 58.5373
58572248 52088342 58753572 52230300 9.04441 18.9444
58132559 52820331 58313884 52962288 76.9334 86.8334
58227856 51729059 58409180 51871016 24.9104 34.8104
58325656 52123581 58506980 52265536 48.4934 58.3934
57845404 51828038 58026728 51969996 29.8927 39.7927
57542480 52230391 57723804 52372348 32.2667 42.1667
58314397 51968523 58495720 52110480 66.343 76.243
57578611 52540599 57759936 52682556 45.4546 55.3546
58319828 52413955 58501152 52555912 9.27045 19.1704
58258103 52018868 58439428 52160824 1.90524 11.8052
58478243 51740267 58659568 51882224 75.2041 85.1041
57657525 52209956 57838848 52351912 36.1842 46.0842
58292403 52310771 58473728 52452728 67.2803 77.1803
58185979 52728307 58367304 52870264 37.0556 46.9556
58013432 52388278 58194756 52530236 75.9918 85.8918
58605456 52636961 58786780 52778916 7.60975 17.5097
58170637 52685749 58351960 52827704 41.7382 51.6382
58518933 52034295 58700256 52176252 27.1644 37.0644
57343036 52856148 57524360 52998104 11.5969 21.4969
57727453 52204430 57908776 52346388 80.8693 90.7693
58292555 51848131 58473880 51990088 84.8003 94.7003
57985207 52312482 58166532 52454436 64.3796 74.2796
58353144 52099506 58534468 52241460 15.3399 25.2399
58406731 51883709 58588056 52025664 5.39465 15.2947
58005505 52934070 58186828 53076028 1.80205 11.7021
58385889 51865455 58567212 52007412 25.5324 35.4324
57763280 51769501 57944604 51911456 6.80527 16.7053
58361427 52746230 58542752 52888188 20.1114 30.0114
58352120 51928195 58533444 52070152 48.4571 58.3571
58403403 52002219 58584728 52144176 12.0581 21.9581
57891857 52571772 58073180 52713728 40.963 50.863
58544603 52764805 58725928 52906760 62.8049 72.7049
58252937 52751717 58434260 52893672 59.0728 68.9728
58267303 52423545 58448628 52565500 59.0217 68.9217
57068944 52531533 57250268 52673488 21.0449 30.9449
58525140 51788100 58706464 51930056 67.4795 77.3795
58569747 52173669 58751072 52315624 52.3923 62.2923
58539750 52851601 58721076 52993556 41.1262 51.0262
57536706 52279738 57718028 52421692 77.136 87.036
58402676 52156380 58584000 52298336 85.9365 95.8365
57654855 52005690 57836180 52147644 71.7774 81.6774
58426001 51885141 58607324 52027096 24.1072 34.0072
58264660 52166668 58445984 52308624 64.8656 74.7656
56986181 52511108 57167504 52653064 88.822 98.722
57298775 52686379 57480100 52828336 40.5874 50.4874
57239177 52430824 57420500 52572780 3.8425 13.7425
58435433 52698612 58616756 52840568 68.9526 78.8526
57184987 52092734 57366312 52234692 15.7004 25.6004
58425501 52242288 58606824 52384244 47.4502 57.3502
57759103 51920663 57940428 52062620 1.94335 11.8433
57435477 52927093 57616800 53069048 48.1492 58.0492
57534693 51749355 57716016 51891312 2.56791 12.4679
57432620 52849924 57613944 52991880 28.3681 38.2681
58504992 52812726 58686316 52954684 44.4451 54.3451
57285348 52149130 57466672 52291084 65.8826 75.7826
58330203 51955186 58511528 52097140 4.38263 14.2826
58019972 52879238 58201296 53021196 57.3331 67.2331
57272808 52142345 57454132 52284300 63.0281 72.9281
57605010 52551225 57786332 52693180 30.8903 40.7903
57259718 52918454 57441044 53060412 21.41 31.31
57530640 52441090 57711964 52583044 43.301 53.201
57964863 51852883 58146188 51994840 46.4263 56.3263
56998009 52701528 57179332 52843484 12.1795 22.0795
57405248 51912706 57586572 52054660 80.0448 89.9448
57477186 51815219 57658508 51957176 53.777 63.677
57173071 51824982 57354396 51966940 37.1768 47.0768
58437486 52202531 58618812 52344488 12.968 22.868
57834702 52471600 58016028 52613556 32.5429 42.4429
57059341 52523401 57240664 52665356 52.2722 62.1722
58434910 52954878 58616236 53096836 63.5364 73.4364
58490893 51994881 58672216 52136836 57.8274 67.7274
57772451 52366270 57953776 52508228 25.5116 35.4116
57992742 52181884 58174068 52323840 79.7961 89.6961
57175162 52892739 57356484 53034696 24.9355 34.8355
57092691 51804816 57274016 51946772 34.5072 44.4072
58066695 52632120 58248020 52774076 63.3431 73.2431
57227370 52289895 57408692 52431852 30.5302 40.4302
57796949 51949186 57978272 52091140 4.0211 13.9211
58086514 52175162 58267836 52317116 83.2717 93.1717
58309079 52094493 58490404 52236448 56.121 66.021
57482127 52255504 57663452 52397460 8.2681 18.1681
57960217 52780128 58141540 52922084 75.962 85.862
58536422 52302100 58717748 52444056 3.15955 13.0596
58166307 52299008 58347632 52440964 83.5288 93.4288
57010095 52467960 57191420 52609916 5.11487 15.0149
58375009 52308151 58556332 52450108 11.0004 20.9004
57350701 52091975 57532024 52233932 25.1569 35.0569
58243588 51738278 58424912 51880236 14.8174 24.7174
58085211 51861841 58266536 52003796 46.3545 56.2545
57767739 52053499 57949064 52195456 56.2141 66.1141
57441193 52271315 57622516 52413272 78.8396 88.7396
57791088 51995989 57972412 52137944 62.0875 71.9875
58172947 52830435 58354272 52972392 60.0731 69.9731
57240011 52115827 57421336 52257784 81.6314 91.5314
57052044 52637269 57233368 52779224 35.2961 45.1961
57976537 52127222 58157860 52269180 58.5997 68.4997
57209865 51850243 57391188 51992200 14.8637 24.7637
57711745 52636524 57893068 52778480 9.50028 19.4003
57340184 52874907 57521508 53016864 68.708 78.608
57676753 51973176 57858076 52115132 76.2481 86.1481
57047383 52636239 57228708 52778196 5.5567 15.4567
58597482 52620990 58778804 52762948 3.5614 13.4614
58226310 52766133 58407636 52908088 9.01823 18.9182
58581125 52293164 58762448 52435120 13.6233 23.5233
58492320 52412026 58673644 52553980 34.9677 44.8677
57942891 52277603 58124216 52419560 28.1474 38.0474
58286691 52683992 58468016 52825948 58.8501 68.7501
58141751 51993558 58323076 52135516 68.506 78.406
58327611 51905518 58508936 52047476 60.1362 70.0362
58453731 52912240 58635056 53054196 37.6012 47.5012
58352135 52870230 58533460 53012188 50.6777 60.5777
57160182 52817883 57341508 52959840 18.5338 28.4338
57360320 52264481 57541644 52406436 16.1314 26.0314
57247706 52139786 57429028 52281740 59.6635 69.5635
58275805 52904786 58457128 53046740 49.1144 59.0144
57213447 51822313 57394772 51964268 76.699 86.599
57090156 51917690 57271480 52059644 73.0066 82.9066
58279223 52477730 58460548 52619684 57.8495 67.7495
57415612 52435548 57596936 52577504 55.7341 65.6341
57106766 52937333 57288092 53079288 26.2592 36.1592
58143014 52109054 58324340 52251012 16.9501 26.8501
57856568 52939195 58037892 53081152 33.9241 43.8241
57061105 52218620 57242428 52360576 40.4798 50.3798
57084446 52217338 57265772 52359292 15.2791 25.1791
