58013758 58195084 52861456 53003412 1 100
56983840 57165164 52315230 52457188 1 100
57738416 57919740 52665038 52806996 1 100
58608470 58789796 52400110 52542068 1 100
57753510 57934836 52608475 52750432 1 100
57757132 57938456 52264698 52406652 1 100
57637893 57819216 52742484 52884440 1 100
57637668 57818992 52211699 52353656 1 100
58061721 58243044 51849071 51991028 1 100
57406184 57587508 52893764 53035720 1 100
58018456 58199780 52495636 52637592 1 100
58458262 58639588 51696383 51838340 1 100
58250231 58431556 52713994 52855948 1 100
57474597 57655920 52480774 52622732 1 100
57693969 57875292 52518979 52660936 1 100
58397074 58578396 51985989 52127944 1 100
57571374 57752700 52068919 52210876 1 100
57845788 58027112 52000952 52142908 1 100
58363020 58544344 51838919 51980876 1 100
57580295 57761620 52823998 52965956 1 100
58246654 58427980 52398243 52540200 1 100
58128201 58309524 52480211 52622168 1 100
57561591 57742916 52932030 53073988 1 100
58470143 58651468 51974886 52116844 1 100
57083618 57264940 52824324 52966280 1 100
58532324 58713648 51722502 51864460 1 100
57131979 57313304 51999711 52141668 1 100
57501919 57683244 52468774 52610732 1 100
57183697 57365020 52307346 52449300 1 100
58299735 58481060 52747767 52889724 1 100
57920485 58101808 52196255 52338212 1 100
58153517 58334840 52603188 52745144 1 100
58013921 58195244 51741858 51883812 1 100
58502057 58683380 51861242 52003196 1 100
58522046 58703372 51712084 51854040 1 100
58429669 58610992 51857421 51999376 1 100
57488261 57669584 52480819 52622776 1 100
57222086 57403412 51802709 51944664 1 100
58392222 58573548 51736425 51878380 1 100
58373573 58554896 51778464 51920420 1 100
57504755 57686080 52475497 52617452 1 100
58278322 58459644 52587591 52729548 1 100
58333037 58514360 52181925 52323880 1 100
57587068 57768392 51895796 52037752 1 100
58457166 58638492 52868023 53009980 1 100
57962524 58143848 51867252 52009208 1 100
57020166 57201492 52239430 52381388 1 100
57805707 57987032 52036335 52178292 1 100
58183829 58365152 51781462 51923420 1 100
57347227 57528552 52668911 52810868 1 100
58458597 58639920 52412067 52554024 1 100
57911129 58092452 52865948 53007904 1 100
58535532 58716856 52848443 52990400 1 100
58432551 58613876 51735021 51876976 1 100
58393570 58574892 52275504 52417460 1 100
58339791 58521116 51697271 51839228 1 100
58016291 58197616 52121297 52263252 1 100
58103183 58284508 52088319 52230276 1 100
58466836 58648160 52048109 52190064 1 100
57802260 57983584 52621745 52763700 1 100
57645535 57826860 52456929 52598884 1 100
57738207 57919532 52687292 52829248 1 100
57817023 57998348 52788687 52930644 1 100
57135629 57316952 52506897 52648852 1 100
57920159 58101484 52450454 52592412 1 100
57143281 57324604 51892945 52034900 1 100
58092445 58273768 52253795 52395752 1 100
58261812 58443136 52462290 52604244 1 100
57888035 58069360 51979206 52121164 1 100
57860002 58041324 52238760 52380716 1 100
57804757 57986080 52817643 52959600 1 100
58248411 58429736 51867821 52009776 1 100
57254461 57435784 52205371 52347328 1 100
58238857 58420180 51949046 52091004 1 100
57978042 58159364 51769506 51911460 1 100
57081853 57263176 51876494 52018452 1 100
57874383 58055708 52889038 53030996 1 100
57857402 58038724 52907273 53049228 1 100
58064382 58245708 51994296 52136252 1 100
57760740 57942064 52799528 52941484 1 100
57308580 57489904 51864037 52005992 1 100
58431778 58613100 52014154 52156108 1 100
57791124 57972448 52158249 52300204 1 100
57965200 58146524 51926952 52068908 1 100
57692223 57873548 52658235 52800192 1 100
58029245 58210568 52531871 52673828 1 100
57961192 58142516 52086221 52228176 1 100
57518793 57700116 51844105 51986060 1 100
57065804 57247128 52340311 52482268 1 100
58505074 58686396 52529550 52671508 1 100
57867249 58048572 52193192 52335148 1 100
58235547 58416872 52165503 52307460 1 100
58107395 58288720 51831941 51973896 1 100
57369236 57550560 52034013 52175968 1 100
57154463 57335788 51761006 51902964 1 100
58357083 58538408 52100237 52242192 1 100
57866689 58048012 52388125 52530080 1 100
57299909 57481232 51727354 51869308 1 100
57786722 57968044 52575315 52717272 1 100
57273170 57454492 52668308 52810264 1 100
57026508 57207832 52926865 53068820 1 100
57176691 57358016 52138714 52280668 1 100
57648553 57829876 52306754 52448708 1 100
57771478 57952804 51856333 51998288 1 100
58021260 58202584 52882817 53024772 1 100
57326328 57507652 52430904 52572860 1 100
57931961 58113284 52931634 53073588 1 100
57566339 57747664 52709894 52851852 1 100
57723307 57904632 52376067 52518024 1 100
58411899 58593224 52263834 52405788 1 100
57765959 57947284 52284331 52426288 1 100
58540864 58722188 52868962 53010916 1 100
57862114 58043436 52462941 52604896 1 100
57226659 57407984 51770485 51912440 1 100
57174363 57355688 52235101 52377056 1 100
57328548 57509872 52823460 52965416 1 100
57502654 57683980 52345854 52487812 1 100
58520907 58702232 52726706 52868660 1 100
58400775 58582100 52774245 52916200 1 100
57433689 57615012 52006555 52148512 1 100
57005491 57186816 52953401 53095356 1 100
58246742 58428068 52007130 52149084 1 100
58022302 58203628 51740750 51882708 1 100
57177574 57358900 51922668 52064624 1 100
58449064 58630388 52167815 52309772 1 100
58323787 58505112 52083140 52225096 1 100
58294652 58475976 52535051 52677008 1 100
57916152 58097476 52953853 53095808 1 100
57009695 57191020 52255301 52397256 1 100
57874085 58055408 52587903 52729860 1 100
57210766 57392092 51870013 52011968 1 100
57717265 57898588 52204022 52345980 1 100
57275996 57457320 52925193 53067148 1 100
57565035 57746360 52852954 52994908 1 100
58599038 58780364 52065422 52207380 1 100
58035004 58216328 52630558 52772516 1 100
57459151 57640476 51848623 51990580 1 100
58242390 58423716 52177916 52319872 1 100
58295592 58476916 52061596 52203552 1 100
57295543 57476868 52813036 52954992 1 100
58577561 58758884 52271564 52413520 1 100
57396233 57577556 52666035 52807992 1 100
58420178 58601500 52555161 52697116 1 100
57333250 57514572 52356262 52498220 1 100
57891038 58072364 51773512 51915468 1 100
57314340 57495664 51852518 51994476 1 100
58110376 58291700 52751956 52893912 1 100
57515632 57696956 51843871 51985828 1 100
57338258 57519580 52661290 52803244 1 100
56999342 57180668 52650645 52792600 1 100
57647516 57828840 52263216 52405172 1 100
57478022 57659348 52297189 52439144 1 100
57516858 57698180 52470546 52612500 1 100
58288528 58469852 51840919 51982876 1 100
57341141 57522464 52404939 52546896 1 100
58493304 58674628 52590803 52732760 1 100
57271882 57453204 52257014 52398972 1 100
57227470 57408796 52034773 52176728 1 100
57138120 57319444 52306013 52447968 1 100
57190415 57371740 52174291 52316248 1 100
57468464 57649788 51731627 51873584 1 100
57963654 58144980 52829897 52971852 1 100
57104484 57285808 51912599 52054556 1 100
58533337 58714660 52867614 53009572 1 100
58128078 58309404 52232703 52374660 1 100
57948162 58129484 52007484 52149440 1 100
58399718 58581044 52073521 52215476 1 100
58582670 58763996 52747466 52889420 1 100
57215078 57396404 52609029 52750984 1 100
57797507 57978832 51783092 51925048 1 100
58523751 58705076 51793995 51935952 1 100
58043046 58224372 52242126 52384084 1 100
58248830 58430156 52337616 52479572 1 100
57556175 57737500 52692435 52834392 1 100
57399361 57580684 52341957 52483912 1 100
58116517 58297840 52552406 52694364 1 100
58451397 58632720 52722786 52864740 1 100
58147073 58328396 52696874 52838828 1 100
57495655 57676980 52918182 53060140 1 100
57566748 57748072 52071386 52213340 1 100
58281571 58462896 52356806 52498764 1 100
57467808 57649132 52353687 52495644 1 100
58509220 58690544 52212794 52354748 1 100
57166703 57348028 51836504 51978460 1 100
57358231 57539556 52241193 52383148 1 100
57980926 58162252 52387447 52529404 1 100
57323503 57504828 51977970 52119924 1 100
57878380 58059704 51915448 52057404 1 100
57230686 57412012 52735723 52877680 1 100
57027765 57209088 52943694 53085652 1 100
57749271 57930596 52026265 52168220 1 100
57198280 57379604 52013374 52155332 1 100
57160650 57341972 52152462 52294420 1 100
57825031 58006356 52246547 52388504 1 100
58094246 58275572 52826391 52968348 1 100
57980446 58161772 52928411 53070368 1 100
58607099 58788424 52070826 52212780 1 100
57493661 57674984 52475634 52617588 1 100
57567214 57748540 52934906 53076860 1 100
57277171 57458496 51812326 51954284 1 100
57192699 57374024 51760985 51902940 1 100
58507835 58689160 51918170 52060124 1 100
57218268 57399592 52813825 52955780 1 100
57656660 57837984 52194247 52336204 1 100
57756969 57938292 52425980 52567936 1 100
58411337 58592660 52056514 52198468 1 100
57396831 57578156 51752872 51894828 1 100
57907673 58088996 51908179 52050136 1 100
58523095 58704420 52609387 52751344 1 100
58546122 58727444 51682860 51824816 1 100
57192966 57374292 52301910 52443868 1 100
57297429 57478752 52048261 52190216 1 100
57911021 58092344 52445025 52586980 1 100
57352938 57534260 52640834 52782788 1 100
57151862 57333188 52665283 52807240 1 100
57971805 58153128 51985317 52127272 1 100
57456331 57637656 52482184 52624140 1 100
58060816 58242140 52304929 52446884 1 100
57302410 57483732 51721583 51863540 1 100
58455889 58637212 52119615 52261572 1 100
57970026 58151348 52033545 52175500 1 100
58398311 58579636 52584287 52726244 1 100
58413040 58594364 52230496 52372452 1 100
57492463 57673788 51831458 51973412 1 100
57974887 58156212 52631671 52773628 1 100
57857747 58039072 51860175 52002132 1 100
58501352 58682676 51954840 52096796 1 100
58536042 58717364 52013199 52155156 1 100
57778958 57960284 52261581 52403536 1 100
57694521 57875844 52486679 52628636 1 100
58087213 58268536 52936444 53078400 1 100
58475434 58656756 52215243 52357200 1 100
58214448 58395772 52359961 52501916 1 100
57918552 58099876 51988696 52130652 1 100
58189923 58371248 52693371 52835328 1 100
58276646 58457972 52213586 52355540 1 100
57545937 57727260 52268919 52410876 1 100
57463004 57644328 52497812 52639768 1 100
57285212 57466536 51997222 52139180 1 100
57199384 57380708 52046180 52188136 1 100
58562177 58743500 52950434 53092388 1 100
58128360 58309684 52269356 52411312 1 100
58045000 58226324 52921637 53063592 1 100
57780172 57961496 52012022 52153980 1 100
56989936 57171260 52765839 52907796 1 100
58322903 58504228 51694597 51836552 1 100
57209501 57390824 51832807 51974764 1 100
58321103 58502428 52550198 52692156 1 100
57771141 57952464 52104034 52245988 1 100
57009289 57190612 52258791 52400748 1 100
58550294 58731620 52476457 52618412 1 100
58057211 58238536 52231204 52373160 1 100
58029373 58210696 52132361 52274316 1 100
57859122 58040444 51796446 51938404 1 100
58043807 58225132 52887536 53029492 1 100
58275093 58456416 52742955 52884912 1 100
57948330 58129652 52855828 52997784 1 100
58106068 58287392 52172532 52314488 1 100
57504410 57685732 52001749 52143704 1 100
57753485 57934808 52234742 52376700 1 100
57297131 57478456 52822962 52964916 1 100
57139621 57320944 51899158 52041116 1 100
57311280 57492604 52946025 53087980 1 100
57498706 57680028 52677788 52819744 1 100
57636576 57817900 52662273 52804228 1 100
56979684 57161008 52554347 52696304 1 100
57494338 57675660 52271066 52413020 1 100
58219299 58400624 52435761 52577716 1 100
58257519 58438844 52066222 52208180 1 100
58538706 58720028 52362262 52504220 1 100
57205409 57386732 51904083 52046040 1 100
57476148 57657472 52065788 52207744 1 100
57653807 57835132 52824411 52966368 1 100
57083266 57264588 51811435 51953392 1 100
57272370 57453692 52407352 52549308 1 100
57220689 57402012 52145403 52287360 1 100
56981621 57162944 51959994 52101948 1 100
58276185 58457508 52437738 52579692 1 100
57521442 57702764 52323168 52465124 1 100
58575375 58756700 52507732 52649688 1 100
57851011 58032336 52914215 53056172 1 100
57413370 57594692 52831054 52973012 1 100
58424646 58605972 52399286 52541244 1 100
58437186 58618508 52295591 52437548 1 100
57779571 57960896 52205904 52347860 1 100
57552329 57733652 51970921 52112876 1 100
58093961 58275284 52469953 52611908 1 100
57839127 58020452 52854377 52996332 1 100
58178818 58360140 52259507 52401464 1 100
58474111 58655436 52672179 52814136 1 100
57327269 57508592 52696467 52838424 1 100
57588814 57770140 52604056 52746012 1 100
57755518 57936844 52846622 52988580 1 100
57801843 57983168 52114134 52256092 1 100
57576088 57757412 51741834 51883788 1 100
58135386 58316708 51739746 51881700 1 100
58000758 58182084 52390828 52532784 1 100
58472858 58654180 52548213 52690168 1 100
57249906 57431228 52544497 52686452 1 100
57544124 57725448 52929645 53071600 1 100
58190206 58371532 52053312 52195268 1 100
57714866 57896188 51722498 51864452 1 100
57693056 57874380 52921754 53063708 1 100
58100417 58281740 52524511 52666468 1 100
57912227 58093552 51949569 52091524 1 100
57259260 57440584 52555003 52696960 1 100
58205525 58386848 52876384 53018340 1 100
57116511 57297836 52009379 52151336 1 100
58413481 58594804 52907736 53049692 1 100
57174200 57355524 52477311 52619268 1 100
57364054 57545380 52885086 53027044 1 100
57485151 57666476 51857274 51999228 1 100
58558751 58740076 52617107 52759064 1 100
57858698 58040020 52462455 52604412 1 100
57172323 57353648 52923314 53065268 1 100
58406260 58587584 52618887 52760844 1 100
58067401 58248724 51721952 51863908 1 100
57715177 57896500 52362001 52503956 1 100
57479033 57660356 52902739 53044696 1 100
57700812 57882136 52376622 52518580 1 100
58326320 58507644 52790085 52932040 1 100
58331165 58512488 52360455 52502412 1 100
57508554 57689876 52642339 52784296 1 100
58561370 58742692 52818762 52960716 1 100
58066439 58247764 52477826 52619780 1 100
57847803 58029128 52751301 52893256 1 100
56981355 57162680 52064784 52206740 1 100
58495713 58677036 51912884 52054840 1 100
57227160 57408484 52688085 52830040 1 100
57284961 57466284 52395149 52537104 1 100
57693432 57874756 52319093 52461048 1 100
57330136 57511460 52172539 52314496 1 100
57748545 57929868 52062303 52204260 1 100
57589771 57771096 52514002 52655956 1 100
58429032 58610356 51972706 52114660 1 100
58319247 58500572 52524233 52666188 1 100
57818780 58000104 52529132 52671088 1 100
57723753 57905076 52013775 52155732 1 100
58166570 58347892 51961404 52103360 1 100
57317851 57499176 51995605 52137560 1 100
57956891 58138216 52835492 52977448 1 100
57731983 57913308 52509024 52650980 1 100
58199016 58380340 51751908 51893864 1 100
58178761 58360084 51978593 52120548 1 100
58518306 58699628 52471270 52613228 1 100
57393783 57575108 52913502 53055460 1 100
57091141 57272464 52094660 52236616 1 100
58041052 58222376 52815888 52957844 1 100
57337357 57518680 52172235 52314192 1 100
57635388 57816712 51984116 52126072 1 100
56989887 57171212 52927397 53069352 1 100
58590223 58771548 51769843 51911800 1 100
58541246 58722572 52099919 52241876 1 100
57836410 58017732 51902058 52044012 1 100
58403013 58584336 52445406 52587364 1 100
57377380 57558704 52329804 52471760 1 100
58020324 58201648 52473820 52615776 1 100
57234348 57415672 52732829 52874784 1 100
57405541 57586864 52934760 53076716 1 100
57581714 57763036 52805427 52947384 1 100
58444955 58626280 51947275 52089232 1 100
58204066 58385388 52903276 53045232 1 100
57399825 57581148 52079028 52220984 1 100
57811622 57992948 52183378 52325332 1 100
57944422 58125748 52478341 52620296 1 100
58071695 58253020 52225455 52367412 1 100
57337844 57519168 52660322 52802276 1 100
57443385 57624708 52136325 52278280 1 100
57280165 57461488 52885763 53027720 1 100
57023460 57204784 52495587 52637544 1 100
58002181 58183504 51765297 51907252 1 100
57979280 58160604 52041355 52183312 1 100
57342896 57524220 52215875 52357832 1 100
58178042 58359364 52449324 52591280 1 100
58194861 58376184 52192489 52334444 1 100
58240409 58421732 51985951 52127908 1 100
58303378 58484700 52247739 52389696 1 100
57979826 58161148 52010951 52152908 1 100
57126148 57307472 51882450 52024404 1 100
58008509 58189832 52252053 52394008 1 100
57439224 57620548 52346301 52488256 1 100
57573004 57754328 52318183 52460140 1 100
57178677 57360000 52457285 52599240 1 100
58356566 58537892 52318519 52460476 1 100
57864309 58045632 52322142 52464100 1 100
57710145 57891468 52258732 52400688 1 100
57481275 57662600 52346380 52488336 1 100
57957476 58138800 52311035 52452992 1 100
58471177 58652500 51781154 51923108 1 100
57140733 57322056 52419772 52561728 1 100
57831472 58012796 52721994 52863948 1 100
57610125 57791448 52097886 52239844 1 100
57894098 58075420 51846606 51988564 1 100
57906534 58087860 51692927 51834884 1 100
57582164 57763488 52287644 52429600 1 100
57658941 57840264 52074326 52216284 1 100
58063729 58245052 52562195 52704152 1 100
57366581 57547904 52347451 52489408 1 100
57948743 58130068 52831496 52973452 1 100
57401657 57582980 51791815 51933772 1 100
57039372 57220696 52031731 52173688 1 100
57748024 57929348 51947959 52089916 1 100
58501636 58682960 52335113 52477068 1 100
58412586 58593908 52769617 52911572 1 100
57644933 57826256 51726237 51868192 1 100
58075406 58256732 51919160 52061116 1 100
57002942 57184268 52146767 52288724 1 100
57679737 57861060 51814390 51956348 1 100
57476247 57657572 52110362 52252316 1 100
57485411 57666736 51706908 51848864 1 100
57437512 57618836 52869601 53011556 1 100
57515641 57696964 51894063 52036020 1 100
58076705 58258028 52158221 52300176 1 100
58444055 58625380 51725335 51867292 1 100
58173494 58354820 52736735 52878692 1 100
57774699 57956024 52695009 52836964 1 100
57158281 57339604 52829771 52971728 1 100
57169354 57350676 51698231 51840188 1 100
57032137 57213460 52731214 52873172 1 100
57069285 57250608 51832805 51974760 1 100
57203740 57385064 52364120 52506076 1 100
57853884 58035208 52734932 52876888 1 100
57030988 57212312 51753491 51895448 1 100
58303773 58485096 52488739 52630696 1 100
58555732 58737056 52041118 52183076 1 100
57001488 57182812 52246338 52388292 1 100
57002017 57183340 51806131 51948088 1 100
57562966 57744292 52738942 52880900 1 100
57099759 57281084 52055938 52197892 1 100
57040369 57221692 52783320 52925276 1 100
57921216 58102540 52121133 52263088 1 100
58054244 58235568 52268021 52409976 1 100
57905915 58087240 52672952 52814908 1 100
58307538 58488860 52667443 52809400 1 100
57006303 57187628 52418579 52560536 1 100
57315531 57496856 52568499 52710456 1 100
58221924 58403248 52081464 52223420 1 100
57749060 57930384 52000468 52142424 1 100
58271160 58452484 52404408 52546364 1 100
57328272 57509596 52805655 52947612 1 100
57910499 58091824 52514104 52656060 1 100
57124407 57305732 51907900 52049856 1 100
58179224 58360548 51744049 51886004 1 100
57691648 57872972 52269066 52411020 1 100
58262520 58443844 51973229 52115184 1 100
58252646 58433972 52421910 52563868 1 100
57247493 57428816 51804773 51946728 1 100
57199430 57380756 52719288 52861244 1 100
57731254 57912580 52640661 52782616 1 100
57791869 57973192 52588774 52730732 1 100
58319632 58500956 52438634 52580588 1 100
58147652 58328976 52548821 52690776 1 100
57844940 58026264 51734763 51876720 1 100
57862950 58044276 52339532 52481488 1 100
58018027 58199352 51745379 51887336 1 100
57247264 57428588 52413948 52555904 1 100
57089107 57270432 52904062 53046020 1 100
57041809 57223132 52564197 52706152 1 100
58391380 58572704 52953168 53095124 1 100
58247723 58429048 52277348 52419304 1 100
57033598 57214924 52592531 52734488 1 100
57274190 57455516 52850009 52991964 1 100
57376098 57557420 52096071 52238028 1 100
57002623 57183948 52859509 53001464 1 100
57416429 57597752 52230087 52372044 1 100
57280749 57462072 52347627 52489584 1 100
57470018 57651340 51879615 52021572 1 100
58346099 58527424 52050929 52192884 1 100
57393595 57574920 52152621 52294576 1 100
57499540 57680864 52860396 53002352 1 100
57336468 57517792 52242530 52384484 1 100
57540914 57722236 51986734 52128692 1 100
58450811 58632136 52303074 52445028 1 100
57262031 57443356 52501586 52643540 1 100
58516231 58697556 52246305 52388260 1 100
57932646 58113972 52889521 53031476 1 100
58078605 58259928 52029847 52171804 1 100
57531328 57712652 51787796 51929752 1 100
57116297 57297620 52582886 52724844 1 100
58130179 58311504 52691902 52833860 1 100
57028853 57210176 52647242 52789196 1 100
57969195 58150520 52343804 52485760 1 100
58539738 58721060 52487632 52629588 1 100
57514237 57695560 52125715 52267672 1 100
58592824 58774148 52614445 52756400 1 100
57545720 57727044 52212276 52354232 1 100
57328706 57510028 51689742 51831700 1 100
57922992 58104316 52865678 53007636 1 100
57237482 57418804 52889648 53031604 1 100
57058263 57239588 52111169 52253124 1 100
58395186 58576508 52542626 52684580 1 100
57372024 57553348 52526445 52668400 1 100
57765869 57947192 52014279 52156236 1 100
57996975 58178300 52527642 52669596 1 100
57137713 57319036 52946024 53087980 1 100
57115300 57296624 51961792 52103748 1 100
57474279 57655604 52810728 52952684 1 100
57865488 58046812 52827006 52968964 1 100
57335987 57517312 52529579 52671536 1 100
57883547 58064872 52490268 52632224 1 100
