58684924 58703056 52023489 52037684 1 100
58267397 58285528 52591934 52606132 1 100
58091084 58109216 52447660 52461856 1 100
57604343 57622476 52462376 52476572 1 100
58307006 58325140 52689822 52704020 1 100
57247824 57265956 52789190 52803388 1 100
57600721 57618852 53053529 53067724 1 100
57723345 57741476 52861763 52875960 1 100
58407500 58425632 52117703 52131900 1 100
57265996 57284128 52477321 52491516 1 100
57881389 57899520 52819051 52833248 1 100
57256172 57274304 52574508 52588704 1 100
57541010 57559140 53015601 53029796 1 100
57305930 57324060 52888755 52902952 1 100
58032870 58051004 52380385 52394580 1 100
58699114 58717244 52914052 52928248 1 100
58588272 58606404 52041434 52055628 1 100
57232505 57250636 52675243 52689440 1 100
57775290 57793420 52586246 52600444 1 100
57377018 57395148 51948390 51962588 1 100
57945502 57963636 52402203 52416400 1 100
58742367 58760500 52113442 52127636 1 100
57187357 57205488 51809766 51823964 1 100
58031782 58049916 51871615 51885812 1 100
57458793 57476924 51719076 51733272 1 100
57015748 57033880 52589680 52603876 1 100
57321750 57339884 52976687 52990884 1 100
57827800 57845932 52019494 52033692 1 100
58430860 58448992 52458431 52472628 1 100
58473263 58491396 52267645 52281840 1 100
58091943 58110076 51867316 51881512 1 100
57616405 57634536 52687746 52701940 1 100
57299975 57318108 52626176 52640372 1 100
58315778 58333908 51741691 51755888 1 100
58753527 58771660 52337892 52352088 1 100
57908885 57927016 52629398 52643596 1 100
58342758 58360892 51771509 51785704 1 100
57201458 57219588 52235528 52249724 1 100
58594494 58612628 52960686 52974884 1 100
58628769 58646900 52359155 52373352 1 100
58556137 58574268 51799926 51814124 1 100
57623470 57641604 52764152 52778348 1 100
57941556 57959688 52152724 52166920 1 100
57491971 57510104 52808602 52822796 1 100
57336325 57354456 51731595 51745792 1 100
57792352 57810484 52793819 52808016 1 100
57572492 57590624 52196437 52210632 1 100
57064690 57082820 52155656 52169852 1 100
57530317 57548448 52783046 52797244 1 100
58494176 58512308 52175943 52190140 1 100
58577059 58595192 52437839 52452036 1 100
57939078 57957212 51900734 51914932 1 100
58531844 58549976 52790821 52805016 1 100
58679934 58698068 52641033 52655228 1 100
58398895 58417028 52992607 53006804 1 100
57614507 57632640 52572177 52586372 1 100
57909425 57927556 51988724 52002920 1 100
57789124 57807256 52912993 52927188 1 100
58714368 58732500 52058467 52072664 1 100
57179603 57197736 52197658 52211852 1 100
58750124 58768256 52736335 52750532 1 100
57708962 57727092 52138176 52152372 1 100
57132038 57150172 52512742 52526940 1 100
57946409 57964540 51795085 51809280 1 100
58179239 58197372 53041589 53055784 1 100
57697523 57715656 52456427 52470624 1 100
57278528 57296660 52019008 52033204 1 100
58632322 58650452 53032623 53046820 1 100
57007138 57025268 51837270 51851468 1 100
57371592 57389724 52601037 52615232 1 100
57782045 57800176 52713545 52727740 1 100
58591066 58609196 52865049 52879244 1 100
58249196 58267328 52448036 52462232 1 100
58293775 58311908 52389980 52404176 1 100
57891286 57909420 52133983 52148180 1 100
57970463 57988596 53045768 53059964 1 100
57196659 57214792 51720024 51734220 1 100
58441556 58459688 51741582 51755780 1 100
57204402 57222532 52922831 52937028 1 100
57537495 57555628 52973610 52987804 1 100
58537227 58555360 52155689 52169884 1 100
58369940 58388072 51976986 51991180 1 100
57101619 57119752 51725690 51739884 1 100
57856128 57874260 52429582 52443780 1 100
57475604 57493736 52722967 52737164 1 100
57539910 57558044 51736684 51750880 1 100
58760262 58778396 52243535 52257732 1 100
57179119 57197252 52178482 52192676 1 100
57467371 57485504 52419476 52433672 1 100
57134109 57152240 52541922 52556116 1 100
57697598 57715732 52601156 52615352 1 100
57477597 57495728 52767624 52781820 1 100
57013998 57032132 52811335 52825532 1 100
57769397 57787528 51999003 52013200 1 100
58015795 58033928 52693867 52708064 1 100
57627160 57645292 52231725 52245920 1 100
58567029 58585160 52341143 52355340 1 100
57324982 57343116 52570516 52584712 1 100
58476892 58495024 52562168 52576364 1 100
58323849 58341980 52378996 52393192 1 100
57160154 57178284 52070419 52084616 1 100
57440146 57458276 52660140 52674336 1 100
58746059 58764192 52061261 52075456 1 100
57364757 57382888 52349372 52363568 1 100
57364809 57382940 52852139 52866336 1 100
58323412 58341544 52378043 52392240 1 100
57628558 57646692 52518686 52532884 1 100
57981783 57999916 51814177 51828372 1 100
57950162 57968292 52998720 53012916 1 100
57407399 57425532 51698533 51712728 1 100
57288072 57306204 52129640 52143836 1 100
57475184 57493316 52581843 52596040 1 100
58304308 58322440 52888172 52902368 1 100
58275073 58293204 51982672 51996868 1 100
58527720 58545852 52090950 52105148 1 100
57168579 57186712 52673968 52688164 1 100
58692681 58710812 51922403 51936600 1 100
58359616 58377748 51920378 51934572 1 100
57774434 57792564 52313638 52327836 1 100
58087052 58105184 51909456 51923652 1 100
58248358 58266492 52606101 52620296 1 100
58226769 58244900 52658773 52672968 1 100
58441473 58459604 52777013 52791208 1 100
57270796 57288928 52494508 52508704 1 100
58711056 58729188 53035332 53049528 1 100
58587593 58605724 52001457 52015652 1 100
58259198 58277332 52872502 52886700 1 100
58605553 58623684 52979603 52993800 1 100
57614268 57632400 52978299 52992496 1 100
57779588 57797720 51744152 51758348 1 100
57914430 57932564 52768998 52783196 1 100
57307393 57325524 52675674 52689868 1 100
57582012 57600144 51791928 51806124 1 100
57959409 57977540 52018913 52033108 1 100
58142706 58160836 52209650 52223844 1 100
57247014 57265148 52716398 52730596 1 100
58686925 58705056 52965071 52979268 1 100
57224186 57242316 52081446 52095644 1 100
57159865 57177996 51786614 51800812 1 100
57954915 57973048 52050955 52065152 1 100
57719621 57737752 52112844 52127040 1 100
58621374 58639508 51925412 51939608 1 100
58082814 58100948 51979560 51993756 1 100
57498530 57516660 52785721 52799916 1 100
58542435 58560568 51906991 51921188 1 100
58590396 58608528 52168017 52182212 1 100
58251405 58269536 52291840 52306036 1 100
57498859 57516992 52812446 52826644 1 100
57794798 57812932 52783590 52797788 1 100
58462512 58480644 53039744 53053940 1 100
58256054 58274188 52103577 52117772 1 100
57284773 57302904 51848692 51862888 1 100
57934633 57952764 53069806 53084004 1 100
58506259 58524392 52951641 52965836 1 100
57029061 57047192 51849941 51864136 1 100
57716744 57734876 52921007 52935204 1 100
58481211 58499344 52500065 52514260 1 100
58752620 58770752 52494394 52508588 1 100
57999926 58018060 51689926 51704124 1 100
57217313 57235444 52983748 52997944 1 100
57759269 57777400 53052627 53066824 1 100
57955433 57973564 51717962 51732156 1 100
57935498 57953628 51933948 51948144 1 100
58074092 58092224 52974498 52988692 1 100
57663884 57682016 52705615 52719812 1 100
58419124 58437256 53054626 53068820 1 100
58476130 58494260 52404730 52418924 1 100
57297799 57315932 52018749 52032944 1 100
58237976 58256108 52278513 52292708 1 100
58256586 58274716 52269449 52283644 1 100
57742761 57760892 51911479 51925676 1 100
58040838 58058972 52941649 52955844 1 100
58541448 58559580 52076575 52090772 1 100
57744202 57762332 52336225 52350420 1 100
58000814 58018948 52654651 52668848 1 100
57518618 57536748 52213829 52228024 1 100
56999225 57017356 52410230 52424428 1 100
58000758 58018892 51787299 51801496 1 100
57679667 57697800 51907255 51921452 1 100
57416344 57434476 52405563 52419760 1 100
57567660 57585792 52815740 52829936 1 100
58014814 58032948 52968326 52982524 1 100
58290691 58308824 52403209 52417404 1 100
57410760 57428892 52734706 52748900 1 100
57867995 57886128 51895957 51910152 1 100
58025705 58043836 52255231 52269428 1 100
58392001 58410132 52234312 52248508 1 100
58064728 58082860 53069391 53083588 1 100
57294883 57313016 52672623 52686820 1 100
57909705 57927836 52927800 52941996 1 100
58274241 58292372 52765289 52779484 1 100
57285780 57303912 52973045 52987240 1 100
58175022 58193156 52518476 52532672 1 100
58233310 58251444 52863544 52877740 1 100
58112714 58130844 52865988 52880184 1 100
57949565 57967696 52483656 52497852 1 100
58757771 58775904 52768998 52783196 1 100
58475489 58493620 52941898 52956092 1 100
57506992 57525124 52377549 52391744 1 100
58012011 58030144 51893629 51907824 1 100
57031125 57049256 52720461 52734656 1 100
58489538 58507668 52931354 52945548 1 100
57812935 57831068 52689587 52703784 1 100
58586575 58604708 52609508 52623704 1 100
58071872 58090004 52141915 52156112 1 100
57154839 57172972 52627977 52642172 1 100
58675928 58694060 52617430 52631628 1 100
57849581 57867712 52122424 52136620 1 100
58273602 58291732 52299858 52314052 1 100
57661845 57679976 52905484 52919680 1 100
57210074 57228204 52294776 52308972 1 100
57022895 57041028 52887275 52901472 1 100
57284465 57302596 52779615 52793812 1 100
58724984 58743116 52275681 52289876 1 100
58135958 58154092 52140123 52154320 1 100
58191563 58209696 52875726 52889924 1 100
57209592 57227724 53067372 53081568 1 100
58615328 58633460 53057997 53072192 1 100
57670248 57688380 52442171 52456368 1 100
58676789 58694920 53057662 53071860 1 100
57380595 57398728 51839159 51853356 1 100
57044440 57062572 52936345 52950540 1 100
57023573 57041704 51819798 51833996 1 100
57863679 57881812 52936342 52950540 1 100
58249560 58267692 51983230 51997428 1 100
57161020 57179152 52730557 52744752 1 100
58640730 58658860 51865311 51879508 1 100
57136156 57154288 52685628 52699824 1 100
58228743 58246876 51980143 51994340 1 100
57467977 57486108 51740583 51754780 1 100
57554341 57572472 52474467 52488664 1 100
58283109 58301240 52324698 52338892 1 100
57296847 57314980 52361882 52376076 1 100
58332905 58351036 51831936 51846132 1 100
57261428 57279560 51684545 51698740 1 100
57981865 57999996 52731986 52746180 1 100
57276204 57294336 52614937 52629132 1 100
58723665 58741796 52729495 52743692 1 100
57192974 57211108 52665593 52679788 1 100
58664719 58682852 51999446 52013644 1 100
58342870 58361004 52142008 52156204 1 100
58405963 58424096 52169468 52183664 1 100
58034774 58052908 52286328 52300524 1 100
57865001 57883132 51996093 52010288 1 100
58675909 58694040 51856106 51870300 1 100
57584424 57602556 51831792 51845988 1 100
57743844 57761976 53000980 53015176 1 100
57745508 57763640 51810904 51825100 1 100
57200853 57218984 52883032 52897228 1 100
58554230 58572364 52105407 52119604 1 100
57522989 57541120 51977493 51991688 1 100
57129423 57147556 52941692 52955888 1 100
58313724 58331856 52444216 52458412 1 100
57645414 57663548 52371012 52385208 1 100
57396638 57414772 51971370 51985564 1 100
58453027 58471160 51697124 51711320 1 100
58365873 58384004 52444309 52458504 1 100
57157990 57176124 52869901 52884096 1 100
57878640 57896772 52166744 52180940 1 100
57620369 57638500 52442163 52456360 1 100
57107294 57125428 51845310 51859508 1 100
57219680 57237812 53001417 53015612 1 100
57302328 57320460 51774293 51788488 1 100
57916949 57935080 52147644 52161840 1 100
57273602 57291732 51799009 51813204 1 100
56990581 57008712 52669958 52684156 1 100
57963480 57981612 52434291 52448488 1 100
58142228 58160360 53016927 53031124 1 100
57245740 57263872 51714768 51728964 1 100
58013903 58032036 52028017 52042212 1 100
58327775 58345908 51696890 51711084 1 100
57133211 57151344 52548719 52562916 1 100
58282126 58300260 52340936 52355132 1 100
58571824 58589956 52316891 52331088 1 100
57860636 57878768 52223107 52237304 1 100
58423991 58442124 51773170 51787364 1 100
57626988 57645120 52376857 52391052 1 100
57844188 57862320 52359762 52373956 1 100
57360185 57378316 53031965 53046160 1 100
57457616 57475748 52152322 52166516 1 100
57709845 57727976 52104304 52118500 1 100
57976822 57994956 51951324 51965520 1 100
57114644 57132776 52271216 52285412 1 100
58180530 58198660 52862157 52876352 1 100
58136692 58154824 52395892 52410088 1 100
57549206 57567340 52522532 52536728 1 100
57096244 57114376 51959163 51973360 1 100
58635645 58653776 53084392 53098588 1 100
56998738 57016868 52529572 52543768 1 100
57769137 57787268 52151627 52165824 1 100
57834544 57852676 52200038 52214236 1 100
58373748 58391880 52266151 52280348 1 100
58588125 58606256 52144441 52158636 1 100
58415967 58434100 52071892 52086088 1 100
58730397 58748528 52578374 52592572 1 100
57854745 57872876 52047080 52061276 1 100
57825575 57843708 52390342 52404540 1 100
57822244 57840376 52666328 52680524 1 100
58180617 58198748 52411712 52425908 1 100
57847047 57865180 52193805 52208000 1 100
57153412 57171544 52458360 52472556 1 100
58259306 58277436 52345441 52359636 1 100
57582466 57600596 51827290 51841484 1 100
57653146 57671276 52061470 52075668 1 100
58015977 58034108 52972025 52986220 1 100
58508346 58526476 52554597 52568792 1 100
58366737 58384868 52988305 53002500 1 100
57542054 57560188 52991597 53005792 1 100
57013587 57031720 52790509 52804704 1 100
57859377 57877508 52247644 52261840 1 100
57540281 57558412 52732758 52746956 1 100
58414227 58432360 51990054 52004252 1 100
57775690 57793820 53042332 53056528 1 100
57578724 57596856 51925567 51939764 1 100
57195450 57213580 52224568 52238764 1 100
57229822 57247956 52301348 52315544 1 100
58325820 58343952 52179558 52193756 1 100
58418756 58436888 52444299 52458496 1 100
58614079 58632212 52217531 52231728 1 100
57762139 57780272 51808765 51822960 1 100
58245511 58263644 52163922 52178116 1 100
57436783 57454916 52198903 52213100 1 100
57066137 57084268 52426750 52440948 1 100
58001991 58020124 52223466 52237660 1 100
57166860 57184992 52293689 52307884 1 100
58370152 58388284 52625842 52640036 1 100
57805490 57823620 52210890 52225084 1 100
57345646 57363780 52189248 52203444 1 100
57455731 57473864 52717334 52731532 1 100
58288812 58306944 52746966 52761164 1 100
58375261 58393392 53084599 53098796 1 100
57025162 57043292 52968678 52982876 1 100
57237762 57255892 51836012 51850208 1 100
57565573 57583704 52716060 52730256 1 100
58267146 58285276 52059655 52073852 1 100
57438102 57456236 52586946 52601140 1 100
57828198 57846332 52130827 52145024 1 100
58081110 58099244 52719652 52733848 1 100
57878843 57896976 52016049 52030244 1 100
57520504 57538636 51915744 51929940 1 100
58174469 58192600 52859283 52873480 1 100
58299287 58317420 52882448 52896644 1 100
57109917 57128048 52602538 52616732 1 100
58312464 58330596 52363096 52377292 1 100
57320629 57338760 52631568 52645764 1 100
57763273 57781404 52301474 52315668 1 100
58349910 58368044 52198077 52212272 1 100
58105648 58123780 52918816 52933012 1 100
56983678 57001812 52722831 52737028 1 100
58190837 58208968 52938042 52952236 1 100
57750257 57768388 52098193 52112388 1 100
58514805 58532936 52349911 52364108 1 100
57255149 57273280 52350537 52364732 1 100
57745440 57763572 52332860 52347056 1 100
57635221 57653352 52052381 52066576 1 100
58726138 58744268 52121379 52135576 1 100
57907924 57926056 52134038 52148236 1 100
58540974 58559108 51920330 51934524 1 100
58147889 58166020 52115225 52129420 1 100
58129933 58148064 52096148 52110344 1 100
57368271 57386404 52737337 52751532 1 100
58668203 58686336 52401452 52415648 1 100
58706760 58724892 53011622 53025820 1 100
58057177 58075308 52515767 52529964 1 100
57401277 57419408 52893636 52907832 1 100
57692587 57710720 52455432 52469628 1 100
57354482 57372612 52917290 52931484 1 100
58002639 58020772 52665905 52680100 1 100
57759513 57777644 51914606 51928804 1 100
57768743 57786876 52978261 52992456 1 100
57244023 57262156 52591217 52605412 1 100
57434425 57452556 52121290 52135484 1 100
57202718 57220852 52143168 52157364 1 100
58194908 58213040 52906886 52921084 1 100
57263718 57281852 53074250 53088444 1 100
58322920 58341052 52349033 52363228 1 100
57174252 57192384 52643295 52657492 1 100
57101494 57119628 52887909 52902104 1 100
58199856 58217988 52110453 52124648 1 100
58322775 58340908 51922508 51936704 1 100
58158009 58176140 52694770 52708964 1 100
58025316 58043448 52035619 52049816 1 100
57178961 57197092 52628338 52642532 1 100
58147243 58165376 52818379 52832576 1 100
57484710 57502844 53044136 53058332 1 100
57837004 57855136 51752570 51766764 1 100
57888397 57906528 52834773 52848968 1 100
57384476 57402608 52400308 52414504 1 100
57476829 57494960 52664684 52678880 1 100
57945517 57963648 52681390 52695588 1 100
57381754 57399884 52248720 52262916 1 100
57397656 57415788 52184866 52199060 1 100
58215766 58233900 51820609 51834804 1 100
57188342 57206476 52485426 52499620 1 100
58204265 58222396 52414944 52429140 1 100
58768079 58786212 52380207 52394404 1 100
57756481 57774612 52230930 52245124 1 100
58626091 58644224 52761474 52775668 1 100
58530027 58548160 52359989 52374184 1 100
57377711 57395844 52644852 52659048 1 100
57645525 57663656 51909631 51923828 1 100
58768590 58786724 53079179 53093376 1 100
57237470 57255604 51716338 51730532 1 100
58128833 58146964 51863253 51877448 1 100
57209979 57228112 52725174 52739372 1 100
57479966 57498100 52159656 52173852 1 100
57298993 57317124 53020122 53034316 1 100
57172858 57190988 51804402 51818596 1 100
57401893 57420024 52862353 52876548 1 100
58160381 58178512 52216848 52231044 1 100
57897438 57915572 52244026 52258220 1 100
58719757 58737888 52426711 52440908 1 100
58156738 58174868 52255520 52269716 1 100
58614480 58632612 52678071 52692268 1 100
58554063 58572196 52807738 52821932 1 100
57657708 57675840 52059335 52073532 1 100
58479555 58497688 51760046 51774244 1 100
57442188 57460320 52906828 52921024 1 100
57535570 57553700 52556493 52570688 1 100
58456444 58474576 52707817 52722012 1 100
57122901 57141032 52658572 52672768 1 100
58636197 58654328 52295262 52309460 1 100
57565357 57583488 52657051 52671248 1 100
57961773 57979904 52457917 52472112 1 100
58716700 58734832 51834548 51848744 1 100
57324733 57342864 52836401 52850596 1 100
58006821 58024952 52514460 52528656 1 100
58498057 58516188 51897377 51911572 1 100
57303896 57322028 52490997 52505192 1 100
57806529 57824660 52729337 52743532 1 100
58060933 58079064 51938072 51952268 1 100
58287548 58305680 52055805 52070000 1 100
58120537 58138668 51865678 51879876 1 100
58487514 58505644 51923704 51937900 1 100
58052082 58070212 51772415 51786612 1 100
58426776 58444908 51743539 51757736 1 100
58357898 58376028 52944050 52958244 1 100
57621997 57640128 52048174 52062372 1 100
57828235 57846368 52887668 52901864 1 100
57641830 57659964 53058997 53073192 1 100
57183455 57201588 52625913 52640108 1 100
57593954 57612084 52245845 52260040 1 100
57241053 57259184 51792855 51807052 1 100
58105159 58123292 51848846 51863044 1 100
57639429 57657560 52062517 52076712 1 100
57154233 57172364 53027642 53041836 1 100
58127250 58145380 52811911 52826108 1 100
58470851 58488984 52447909 52462104 1 100
57401518 57419652 52186989 52201184 1 100
58655219 58673352 52544817 52559012 1 100
57584734 57602868 52448190 52462388 1 100
58653702 58671836 51835447 51849644 1 100
58579850 58597980 51772213 51786408 1 100
58095888 58114020 52931833 52946028 1 100
58610795 58628928 51834769 51848964 1 100
57909225 57927356 52725944 52740140 1 100
58729400 58747532 52520573 52534768 1 100
57214526 57232660 52944902 52959100 1 100
57303866 57321996 52458858 52473052 1 100
57788051 57806184 51941127 51955324 1 100
57982697 58000828 52816988 52831184 1 100
58668777 58686908 51865812 51880008 1 100
58409184 58427316 52193125 52207320 1 100
57313940 57332072 52346189 52360384 1 100
57780404 57798536 52130390 52144588 1 100
57494302 57512436 51784574 51798772 1 100
57486036 57504168 52624418 52638612 1 100
57016447 57034580 51909313 51923508 1 100
57379910 57398044 52252845 52267040 1 100
57430177 57448308 52400359 52414556 1 100
57080053 57098184 52770469 52784664 1 100
58014955 58033088 51993351 52007548 1 100
58346377 58364508 52137792 52151988 1 100
58531231 58549364 52948318 52962516 1 100
57300490 57318620 51771703 51785900 1 100
57344863 57362996 52461872 52476068 1 100
57491566 57509700 51999124 52013320 1 100
58665783 58683916 52156082 52170276 1 100
58109473 58127604 52086461 52100656 1 100
57420129 57438260 51916211 51930408 1 100
58700207 58718340 52838333 52852528 1 100
57485017 57503148 52139279 52153476 1 100
57813760 57831892 52070008 52084204 1 100
57208335 57226468 51899082 51913276 1 100
57638919 57657052 52233587 52247784 1 100
57414375 57432508 51956731 51970928 1 100
58524357 58542488 52870799 52884996 1 100
57279750 57297884 52334799 52348996 1 100
58683930 58702060 52232184 52246380 1 100
57477183 57495316 52949088 52963284 1 100
57086468 57104600 52212264 52226460 1 100
58540256 58558388 51936425 51950620 1 100
57587010 57605140 51879553 51893748 1 100
58503903 58522036 51747484 51761680 1 100
58141968 58160100 51938626 51952820 1 100
58337685 58355816 52932068 52946264 1 100
58111112 58129244 52214890 52229084 1 100
57984624 58002756 52279411 52293608 1 100
58349286 58367420 52463787 52477984 1 100
57348543 57366676 52052808 52067004 1 100
