58476801 58494932 52273196 52287392 3.96655 13.8666
58456437 58474568 52462641 52476836 56.9414 66.8414
57833486 57851620 52765397 52779592 51.4425 61.3425
57035187 57053320 52187200 52201396 20.3136 30.2136
57827866 57845996 52763706 52777900 86.5644 96.4644
58654475 58672608 52244631 52258828 39.7265 49.6265
57905793 57923924 52351197 52365392 42.8103 52.7103
57106325 57124456 52541960 52556156 4.22674 14.1267
57593418 57611548 52916313 52930508 33.7919 43.6919
57367157 57385288 51741452 51755648 69.8611 79.7611
57813572 57831704 51956119 51970316 29.6794 39.5794
57880099 57898232 52104467 52118664 18.2054 28.1054
57934701 57952832 52435259 52449456 10.2235 20.1235
57165518 57183652 52865333 52879528 81.8132 91.7132
58071873 58090004 52399955 52414152 55.3047 65.2047
57952472 57970604 51798130 51812324 78.3485 88.2485
57559916 57578048 52228476 52242672 41.7649 51.6649
57439737 57457868 52640883 52655080 75.3768 85.2768
57618420 57636552 53000739 53014936 32.2302 42.1302
57975547 57993680 52433348 52447544 12.4702 22.3702
58728791 58746924 52002968 52017164 85.185 95.085
58091790 58109924 52486782 52500980 12.7158 22.6158
57259895 57278028 52220382 52234580 43.5716 53.4716
58372492 58390624 52959113 52973308 69.5521 79.4521
57349332 57367464 52796099 52810296 84.1608 94.0608
58622330 58640460 52866515 52880712 7.30151 17.2015
57928043 57946176 52701320 52715516 66.8142 76.7142
57146444 57164576 52731127 52745324 40.4848 50.3848
58340242 58358372 51692543 51706740 25.5664 35.4664
58083208 58101340 52096058 52110252 19.2648 29.1648
57885548 57903680 51873329 51887524 77.1756 87.0756
57972857 57990988 51817174 51831372 17.3764 27.2764
58029042 58047172 52505025 52519220 86.0419 95.9419
57346206 57364340 52208775 52222972 67.3146 77.2146
57024773 57042904 52736976 52751172 65.2638 75.1638
57393876 57412008 52461038 52475236 85.0427 94.9427
57814134 57832268 51841591 51855788 81.6223 91.5223
57418812 57436944 52952393 52966588 3.36853 13.2685
57610617 57628748 52132920 52147116 36.0525 45.9525
57731763 57749896 52325671 52339868 38.6107 48.5107
58403143 58421276 51981533 51995728 79.9041 89.8041
57392005 57410136 52779186 52793380 11.4122 21.3122
58669950 58688084 52228385 52242580 36.2293 46.1293
57287588 57305720 52486950 52501148 76.4787 86.3787
57023264 57041396 51724294 51738492 34.7738 44.6738
57176321 57194452 52265350 52279548 59.8635 69.7635
57679172 57697304 52516475 52530672 49.8964 59.7964
57840529 57858660 51820411 51834608 51.9818 61.8818
57601392 57619524 52338186 52352380 51.3966 61.2966
58355243 58373376 52577037 52591232 83.7155 93.6155
58031302 58049436 51780953 51795148 71.3086 81.2086
57859627 57877760 51776673 51790868 13.6055 23.5055
58433272 58451404 53064561 53078756 11.4219 21.3219
58760926 58779060 52067348 52081544 26.9184 36.8184
57399905 57418036 52770855 52785052 40.547 50.447
57559895 57578028 51971114 51985308 36.6796 46.5796
57526726 57544860 52257202 52271396 40.9956 50.8956
57498559 57516692 51938142 51952340 21.5203 31.4203
57875573 57893704 51859851 51874048 31.7717 41.6717
58746806 58764940 52032079 52046276 1.87184 11.7718
57627815 57645948 52969298 52983492 47.8745 57.7745
58495653 58513784 51848916 51863112 69.7552 79.6552
58755526 58773660 51717232 51731428 81.8904 91.7904
57142624 57160756 51788706 51802900 1.8108 11.7108
57615978 57634108 52589320 52603516 67.6866 77.5866
58427833 58445964 52261338 52275532 78.4815 88.3815
57678211 57696344 51684211 51698408 41.1717 51.0717
57998953 58017084 52320885 52335080 28.6904 38.5904
58036343 58054476 52529041 52543236 43.4063 53.3063
57902262 57920396 52860012 52874208 46.3052 56.2052
57829739 57847872 52450112 52464308 60.9645 70.8645
57449387 57467520 52801020 52815216 2.12155 12.0215
58449596 58467728 52299626 52313820 49.6997 59.5997
57658872 57677004 52694459 52708656 73.7616 83.6616
57413657 57431788 51776549 51790744 58.3416 68.2416
57007333 57025464 52600524 52614720 36.2134 46.1134
57912606 57930740 52735813 52750008 74.9294 84.8294
57472146 57490276 53016097 53030292 47.1859 57.0859
57591719 57609852 52072431 52086628 7.3092 17.2092
57852659 57870792 52066770 52080964 2.3515 12.2515
57837678 57855812 52184378 52198572 34.6172 44.5172
58079344 58097476 52624623 52638820 82.9704 92.8704
57664754 57682884 52076028 52090224 69.9166 79.8166
57528445 57546576 51819154 51833348 15.5667 25.4667
57658813 57676944 52238555 52252752 34.9391 44.8391
57957029 57975160 52915730 52929924 79.4806 89.3806
58484253 58502384 52632435 52646632 15.3599 25.2599
57994682 58012812 51963080 51977276 53.0837 62.9837
58283258 58301388 52365950 52380148 42.6611 52.5611
58453025 58471156 52713957 52728152 16.8639 26.7639
58478259 58496392 51849823 51864020 68.0082 77.9082
58488040 58506172 52364199 52378396 66.7686 76.6686
58205492 58223624 53017852 53032048 1.48927 11.3893
57092287 57110420 52338657 52352852 36.816 46.716
57108757 57126888 51736674 51750868 6.04868 15.9487
57098351 57116484 52118428 52132624 59.6293 69.5293
57237695 57255828 52555902 52570100 12.0838 21.9838
58458738 58476868 53050512 53064708 82.784 92.684
57961636 57979768 52632579 52646776 32.1201 42.0201
57036468 57054600 52148350 52162548 84.043 93.943
58403205 58421336 52775043 52789240 18.558 28.458
57528818 57546948 52266850 52281044 80.5183 90.4183
57432872 57451004 51843207 51857404 86.1567 96.0567
58313759 58331892 52019736 52033932 6.10621 16.0062
58015173 58033304 52402749 52416944 4.22849 14.1285
57494683 57512816 52984792 52998988 44.4207 54.3207
57534683 57552816 51872885 51887080 80.4851 90.3851
57796573 57814704 52930758 52944956 13.4956 23.3956
58253766 58271900 51769086 51783284 63.4935 73.3935
57725450 57743580 51689425 51703620 67.2769 77.1769
57086873 57105004 52772126 52786324 21.8529 31.7529
58472098 58490228 52910481 52924676 49.9386 59.8386
58119025 58137156 52843903 52858100 64.9934 74.8934
58510115 58528248 52864417 52878612 42.4893 52.3893
57358635 57376768 51804238 51818436 89.4376 99.3376
57662432 57680564 52827421 52841616 66.9218 76.8218
57563356 57581488 52950837 52965032 62.1114 72.0114
57294455 57312588 53022920 53037116 82.6773 92.5773
58625471 58643604 51817392 51831588 13.5368 23.4368
57476894 57495028 52828120 52842316 72.2063 82.1063
57640781 57658912 52768994 52783188 11.5943 21.4943
58301537 58319668 51908253 51922448 75.909 85.809
58653348 58671480 52231448 52245644 74.3079 84.2079
58129178 58147308 52161720 52175916 2.9358 12.8358
58117697 58135828 52253724 52267920 83.4977 93.3977
58228928 58247060 52662549 52676744 51.3978 61.2978
57831340 57849472 52216058 52230252 56.7098 66.6098
58690159 58708292 51787359 51801556 27.7621 37.6621
58465328 58483460 52744170 52758364 37.6497 47.5497
58372219 58390352 51719003 51733200 37.0816 46.9816
58469888 58488020 52089332 52103528 21.0009 30.9009
57867688 57885820 51833072 51847268 5.96554 15.8655
58159674 58177804 52939635 52953832 68.1493 78.0493
58237334 58255468 52859931 52874128 38.4423 48.3423
58684547 58702680 51728487 51742684 6.70632 16.6063
57701308 57719440 51771821 51786016 71.6142 81.5142
57078683 57096816 52785368 52799564 7.28674 17.1867
57895268 57913400 52148509 52162704 73.409 83.309
57379989 57398120 52413357 52427552 21.8656 31.7656
58082994 58101124 52260848 52275044 1.90533 11.8053
57162086 57180220 51697613 51711808 82.1497 92.0497
58316964 58335096 52914717 52928912 13.807 23.707
57135635 57153768 51822050 51836244 36.0492 45.9492
58349951 58368084 51986599 52000796 22.6365 32.5365
57585935 57604068 52082903 52097100 28.0913 37.9913
57541254 57559388 51928781 51942976 47.407 57.307
57336958 57355092 52668861 52683056 57.4053 67.3053
58601640 58619772 52861684 52875880 38.7866 48.6866
57019457 57037588 52340814 52355012 69.8838 79.7838
57828707 57846840 52443788 52457984 78.478 88.378
58691107 58709240 53011784 53025980 47.6755 57.5755
57201113 57219244 52117877 52132072 76.1706 86.0706
57230440 57248572 52798236 52812432 66.0169 75.9169
58659907 58678040 52790805 52805000 1.42203 11.322
58529719 58547852 52372094 52386292 67.8664 77.7664
57458838 57476972 52113033 52127228 80.5476 90.4476
57220105 57238236 52892171 52906368 89.8634 99.7634
57624801 57642932 52533269 52547464 67.7682 77.6682
57316760 57334892 52343832 52358028 44.3686 54.2686
58536372 58554504 51878673 51892868 58.3141 68.2141
57293086 57311220 52680566 52694764 60.9311 70.8311
58148295 58166428 52142922 52157116 80.9091 90.8091
57128243 57146376 51922583 51936780 25.425 35.325
57441459 57459592 53073974 53088172 55.0724 64.9724
57278953 57297084 52659375 52673572 37.7826 47.6826
58347860 58365992 51927418 51941612 69.362 79.262
58012988 58031120 52271277 52285472 41.2246 51.1246
57418255 57436388 52084024 52098220 54.1018 64.0018
58233991 58252124 51730166 51744364 2.20252 12.1025
57793860 57811992 51737851 51752048 84.5923 94.4923
57955915 57974048 52887549 52901744 44.5655 54.4655
57631038 57649172 52180952 52195148 48.0272 57.9272
57637456 57655588 52255340 52269536 27.3733 37.2733
57612071 57630204 51844612 51858808 13.3086 23.2086
58406097 58424228 52455514 52469708 36.1586 46.0586
57037822 57055956 51778653 51792848 33.9144 43.8144
57661326 57679460 52769517 52783712 52.9831 62.8831
57798390 57816524 52096900 52111096 65.0143 74.9143
57278124 57296256 52446257 52460452 24.0393 33.9393
58459017 58477148 52867836 52882032 87.0417 96.9417
57559479 57577612 52818484 52832680 70.544 80.444
58609651 58627784 52019421 52033616 25.566 35.466
57200347 57218480 52513501 52527696 30.6229 40.5229
57174836 57192968 52403039 52417236 65.976 75.876
57146698 57164828 52897254 52911452 44.9473 54.8473
57104271 57122404 52976468 52990664 37.7476 47.6476
58050304 58068436 51867981 51882176 40.169 50.069
57158579 57176712 51882901 51897096 47.6303 57.5303
57624074 57642204 52567556 52581752 43.1443 53.0443
57991021 58009152 52975213 52989408 78.7685 88.6685
58544586 58562716 51997605 52011800 30.2725 40.1725
58557795 58575928 51835442 51849636 50.0318 59.9318
57927739 57945872 53050060 53064256 46.1 56
58079045 58097176 52766915 52781112 38.5576 48.4576
57680643 57698776 52579603 52593800 2.06596 11.966
57786545 57804676 51958141 51972336 61.5077 71.4077
57972082 57990212 52350092 52364288 24.2891 34.1891
57477712 57495844 52938585 52952780 22.0795 31.9795
58018074 58036204 52820703 52834900 20.8804 30.7804
58533307 58551440 51740193 51754388 19.8946 29.7946
57523415 57541548 52866448 52880644 19.9587 29.8587
58283347 58301480 52985742 52999940 68.9826 78.8826
58628963 58647096 52495024 52509220 41.138 51.038
57946512 57964644 52169258 52183452 50.8981 60.7981
57623127 57641260 52069053 52083248 32.1605 42.0605
57292374 57310508 52764714 52778908 11.3948 21.2948
57535988 57554120 51743806 51758004 35.5488 45.4488
57473913 57492044 52802554 52816748 62.1611 72.0611
58448452 58466584 52037791 52051988 76.8348 86.7348
58443874 58462004 53023691 53037888 13.5093 23.4093
58420461 58438592 52729231 52743428 50.6709 60.5709
58207812 58225944 52087684 52101880 81.6634 91.5634
57874193 57892324 52942242 52956436 46.2974 56.1974
57642542 57660676 51705131 51719328 66.6402 76.5402
57710284 57728416 51907305 51921500 34.8122 44.7122
57725381 57743512 51952515 51966712 83.8609 93.7609
57293371 57311504 53033227 53047424 76.6782 86.5782
58008470 58026604 52523920 52538116 56.7776 66.6776
57214079 57232212 51827639 51841836 70.7893 80.6893
57351982 57370116 51829147 51843344 78.1022 88.0022
57640669 57658800 52415508 52429704 66.3847 76.2847
57330872 57349004 52394971 52409168 64.9093 74.8093
58524301 58542432 52021392 52035588 44.2967 54.1967
57538397 57556528 52358412 52372608 44.3025 54.2025
58312562 58330692 51780652 51794848 27.4176 37.3176
58190937 58209068 52691484 52705680 75.119 85.019
57230185 57248316 52251920 52266116 78.4033 88.3033
57177448 57195580 52635822 52650020 65.9041 75.8041
58533027 58551160 52288271 52302468 58.7008 68.6008
58226023 58244156 52043553 52057748 72.3295 82.2295
57812333 57830464 52060275 52074472 41.929 51.829
57316637 57334768 52116737 52130932 78.9027 88.8027
57523548 57541680 51908115 51922312 79.3774 89.2774
57015703 57033836 52347848 52362044 87.8357 97.7357
57514675 57532808 52517045 52531240 64.0758 73.9758
57871061 57889192 52599549 52613744 45.6025 55.5025
57878500 57896632 52271925 52286120 42.8107 52.7107
58095569 58113700 53000540 53014736 5.49375 15.3938
57223653 57241784 51689089 51703284 89.257 99.157
57486262 57504396 52706218 52720412 16.8798 26.7798
58033418 58051548 53075553 53089748 70.1715 80.0715
57239256 57257388 52438174 52452372 34.8473 44.7473
57607972 57626104 52604328 52618524 86.0151 95.9151
57719907 57738040 51820337 51834532 1.6724 11.5724
58240191 58258324 52919248 52933444 30.0037 39.9037
57063930 57082060 52010715 52024912 26.6213 36.5213
57255539 57273672 51972753 51986948 78.7305 88.6305
58088328 58106460 52750441 52764636 83.8095 93.7095
57003120 57021252 52272986 52287180 12.8803 22.7803
57826820 57844952 52090588 52104784 33.5212 43.4212
58096232 58114364 52349601 52363796 45.6341 55.5341
57953291 57971424 52276176 52290372 21.1595 31.0595
56998987 57017120 52582491 52596688 31.6955 41.5955
57011357 57029488 51999372 52013568 33.4389 43.3389
57277592 57295724 52810209 52824404 67.6921 77.5921
57337724 57355856 52099734 52113932 73.7728 83.6728
57362631 57380764 52180785 52194980 43.3887 53.2887
58126411 58144544 52217133 52231328 55.9433 65.8433
56991334 57009468 51857658 51871852 87.2404 97.1404
57829459 57847592 52910777 52924972 22.1255 32.0255
58299161 58317292 52926539 52940736 24.3724 34.2724
57671389 57689520 52282427 52296624 47.8101 57.7101
57328019 57346152 52716529 52730724 84.5858 94.4858
58046335 58064468 51744666 51758860 40.2213 50.1213
58590833 58608964 52640184 52654380 5.89674 15.7967
57182334 57200468 52122479 52136676 44.688 54.588
57783403 57801536 52412451 52426648 24.9974 34.8974
58226215 58244348 52491462 52505660 89.7692 99.6692
57312484 57330616 52373109 52387304 61.9526 71.8526
58357368 58375500 51962481 51976676 29.8047 39.7047
58279479 58297612 52181793 52195988 17.8941 27.7941
58134824 58152956 53018449 53032644 2.948 12.848
57142601 57160732 52315913 52330108 18.8135 28.7135
58771138 58789268 52401073 52415268 69.0948 78.9948
57334926 57353060 51803702 51817900 65.3642 75.2642
58208307 58226440 51861462 51875660 46.3143 56.2143
57366239 57384372 52902276 52916472 28.8775 38.7775
58155763 58173896 52202976 52217172 13.7176 23.6176
58097559 58115692 52236564 52250760 79.2998 89.1998
57969807 57987940 52187878 52202076 64.6487 74.5487
57348121 57366252 52262296 52276492 2.28563 12.1856
58625117 58643248 51923687 51937884 35.6335 45.5335
58665115 58683248 52765955 52780152 5.65189 15.5519
58763485 58781616 52979297 52993492 28.7918 38.6918
57159055 57177188 52880289 52894484 61.4255 71.3255
58263568 58281700 52089785 52103980 72.4561 82.3561
57283129 57301260 52227663 52241860 50.9008 60.8008
58193195 58211328 52386560 52400756 43.4929 53.3929
58031205 58049336 51796668 51810864 21.42 31.32
57332406 57350540 53038729 53052924 61.2337 71.1337
57701319 57719452 51921722 51935916 20.8928 30.7928
57390778 57408908 52398894 52413092 11.8698 21.7698
57094763 57112896 52056753 52070948 85.3192 95.2192
57916353 57934484 52030242 52044436 54.1823 64.0823
57334234 57352364 52178817 52193012 55.4694 65.3694
58756947 58775080 52054514 52068708 88.7326 98.6326
58277854 58295988 52097017 52111212 20.4601 30.3601
57976741 57994872 52934776 52948972 61.538 71.438
57307295 57325428 52565749 52579944 33.4357 43.3357
57878383 57896516 52883190 52897388 86.2056 96.1056
58753519 58771652 52761432 52775628 74.797 84.697
57644534 57662668 52598266 52612460 20.4483 30.3483
57503960 57522092 52222783 52236980 11.8632 21.7632
58728135 58746268 52369312 52383508 73.5441 83.4441
58768076 58786208 52047151 52061348 3.94135 13.8414
58733771 58751904 52984981 52999176 57.6525 67.5525
58060997 58079128 52348343 52362540 5.00287 14.9029
58412377 58430508 52762074 52776268 60.7589 70.6589
57897349 57915480 52036855 52051052 63.7828 73.6828
57867208 57885340 51929395 51943592 88.0297 97.9297
58561879 58580012 53045987 53060184 29.6372 39.5372
57514305 57532436 53054214 53068412 62.7467 72.6467
58167312 58185444 52093763 52107960 52.4804 62.3804
57344570 57362700 52653149 52667344 4.49033 14.3903
57584624 57602756 51812810 51827004 40.0126 49.9126
57274000 57292132 51973182 51987380 31.5839 41.4839
57698855 57716988 52237107 52251304 64.6936 74.5936
58122259 58140392 52947040 52961236 6.69797 16.598
58486201 58504332 51996035 52010232 88.9789 98.8789
58280503 58298636 52308678 52322876 58.3119 68.2119
58381485 58399616 52328984 52343180 70.3751 80.2751
57717935 57736068 52295883 52310080 60.3059 70.2059
57977016 57995148 52925474 52939668 46.6629 56.5629
57480961 57499092 53085154 53099348 16.9765 26.8765
58442509 58460640 51717016 51731212 28.7733 38.6733
57628244 57646376 52127795 52141992 57.1117 67.0117
58091498 58109628 53081438 53095636 87.5909 97.4909
57542476 57560608 52282668 52296864 62.6043 72.5043
57732979 57751112 52287612 52301808 42.6901 52.5901
57719097 57737228 52573872 52588068 61.2838 71.1838
57359154 57377284 52835280 52849476 29.7356 39.6356
57676786 57694916 52643912 52658108 20.8424 30.7424
58296470 58314604 53016448 53030644 63.7414 73.6414
57949636 57967768 52885106 52899300 75.8514 85.7514
57865684 57883816 53037613 53051808 49.3055 59.2055
57287690 57305820 52331763 52345960 68.4561 78.3561
57681836 57699968 51968535 51982732 20.4445 30.3445
58105444 58123576 52512270 52526468 86.4736 96.3736
58429508 58447640 52231539 52245736 63.3469 73.2469
57778848 57796980 52885757 52899952 19.1914 29.0914
57564584 57582716 51910817 51925012 41.0369 50.9369
57807214 57825348 51974059 51988256 68.4207 78.3207
58291161 58309292 53041547 53055744 82.6782 92.5782
58642354 58660484 52814750 52828948 47.1899 57.0899
57954157 57972288 52061605 52075800 62.2351 72.1351
58107579 58125712 52317485 52331680 71.0374 80.9374
57082765 57100896 52467423 52481620 26.1142 36.0142
57396280 57414412 52964523 52978720 82.2591 92.1591
57124058 57142188 52161115 52175312 65.97 75.87
58006037 58024168 51775794 51789988 73.9147 83.8147
57755070 57773204 52232028 52246224 67.6162 77.5162
58296557 58314688 52770654 52784852 35.0383 44.9383
58054577 58072708 52498196 52512392 44.176 54.076
56986089 57004220 52556128 52570324 43.9031 53.8031
58432409 58450540 53042661 53056856 50.1962 60.0962
57430630 57448764 52384248 52398444 13.7619 23.6619
58221824 58239956 52532453 52546648 77.4674 87.3674
58329840 58347972 51872793 51886988 64.9479 74.8479
58319742 58337876 52714123 52728320 36.808 46.708
57904451 57922584 52546926 52561124 44.4264 54.3264
57825653 57843784 52363488 52377684 58.9871 68.8871
58465092 58483224 51708525 51722720 21.1255 31.0255
57684376 57702508 51745571 51759768 44.1285 54.0285
58597684 58615816 51998092 52012288 11.5375 21.4375
58065678 58083812 52465462 52479660 6.89287 16.7929
58771752 58789884 52995937 53010132 76.1556 86.0556
58709742 58727876 52833133 52847328 27.1707 37.0707
58584072 58602204 52060374 52074572 57.5826 67.4826
57727658 57745788 52811284 52825480 80.0095 89.9095
58345068 58363200 52925106 52939300 72.0426 81.9426
57647501 57665632 51997032 52011228 52.8733 62.7733
57495926 57514060 51862858 51877052 61.5386 71.4386
57446350 57464484 52510223 52524420 82.7036 92.6036
57769877 57788008 52588380 52602576 19.8464 29.7464
57815007 57833140 51722722 51736916 12.6015 22.5015
57284692 57302824 53001561 53015756 34.1037 44.0038
58061570 58079700 52742317 52756512 68.6351 78.5351
58455877 58474008 51729619 51743816 53.2099 63.1099
57612687 57630820 52549342 52563540 69.0871 78.9871
57704915 57723048 52666683 52680880 11.7258 21.6258
58487390 58505524 52174640 52188836 38.7961 48.6961
58421330 58439460 53027804 53042000 44.0587 53.9587
58304557 58322688 51996762 52010956 61.552 71.452
57940441 57958572 52505209 52519404 53.0409 62.9409
58611457 58629588 52716979 52731176 54.7395 64.6395
57139715 57157848 52485375 52499572 39.7775 49.6775
58089998 58108132 52410644 52424840 15.5724 25.4724
58073833 58091964 51835882 51850076 64.9358 74.8358
57922325 57940456 52356443 52370640 77.9602 87.8602
58225334 58243468 52091739 52105936 4.69806 14.5981
58345928 58364060 51905902 51920100 66.7757 76.6757
58379879 58398012 52378417 52392612 61.2247 71.1247
58772219 58790352 52129662 52143860 7.17049 17.0705
57913472 57931604 52526561 52540756 45.5305 55.4305
58697706 58715836 52479056 52493252 90.0534 99.9534
58622949 58641080 52567399 52581596 61.8766 71.7766
57167101 57185232 53003004 53017200 44.8444 54.7444
57336288 57354420 51821874 51836068 65.1276 75.0276
58420727 58438860 52212301 52226496 2.10884 12.0088
57580429 57598560 52390855 52405052 31.5865 41.4865
57978170 57996300 52194495 52208692 48.4032 58.3032
57967598 57985732 51937458 51951652 15.3323 25.2323
58067227 58085360 53002747 53016944 81.0124 90.9124
58224673 58242804 52001728 52015924 66.1915 76.0915
57437283 57455416 52650696 52664892 74.4716 84.3716
57816450 57834580 51976453 51990648 33.6988 43.5988
57121863 57139996 52905539 52919736 65.0766 74.9766
58463949 58482080 52078995 52093192 66.7291 76.6291
57183344 57201476 52354356 52368552 83.1775 93.0775
56984240 57002372 51787462 51801660 17.342 27.242
57551493 57569624 52666347 52680544 48.4597 58.3597
58599962 58618092 52570941 52585136 45.8155 55.7155
57983330 58001460 52947462 52961660 48.1236 58.0236
57781214 57799348 52603315 52617512 40.8696 50.7696
57161524 57179656 52360916 52375112 71.7497 81.6497
58279632 58297764 51849094 51863292 21.648 31.548
57186279 57204412 51769222 51783420 17.4419 27.3419
58062967 58081100 52849151 52863348 83.3928 93.2928
58415880 58434012 52330051 52344248 11.7919 21.6919
58668610 58686740 52189717 52203912 67.4885 77.3885
58273960 58292092 52938304 52952500 67.2916 77.1916
58600448 58618580 51887002 51901196 89.0104 98.9104
58212775 58230908 52542143 52556340 7.98052 17.8805
57631954 57650084 52539887 52554084 15.2615 25.1615
57272724 57290856 52724001 52738196 68.2838 78.1838
58334054 58352188 52384183 52398380 82.2452 92.1452
57076127 57094260 52405039 52419236 25.5781 35.4781
58552666 58570796 52499008 52513204 34.5711 44.4711
57215867 57234000 53007586 53021780 86.2518 96.1518
58620609 58638740 52751302 52765500 7.87367 17.7737
58737023 58755156 52539425 52553620 11.5675 21.4675
58565870 58584004 52883656 52897852 53.2922 63.1922
58576013 58594144 52532096 52546292 71.3133 81.2133
58583472 58601604 52703491 52717688 51.1988 61.0988
58271537 58289668 52311419 52325616 64.4847 74.3847
58100082 58118212 52121366 52135564 10.7868 20.6868
57113025 57131156 52528201 52542396 3.2153 13.1153
58523734 58541868 51943957 51958152 34.1243 44.0243
57912066 57930196 51866568 51880764 72.4542 82.3542
58321720 58339852 51865864 51880060 25.5269 35.4269
58195555 58213688 51742889 51757084 5.12873 15.0287
58628977 58647108 52481198 52495396 61.0639 70.9639
57132974 57151108 52158227 52172424 53.259 63.159
58303705 58321836 51937437 51951632 36.5265 46.4265
58312087 58330220 52840557 52854752 56.0804 65.9804
58384880 58403012 52532584 52546780 89.2259 99.1259
56986540 57004672 52787589 52801784 77.2 87.1
57916171 57934304 52084228 52098424 32.1001 42.0001
58669093 58687224 51690068 51704264 39.6633 49.5633
57846007 57864140 52151158 52165356 26.9261 36.8261
58180760 58198892 52670273 52684468 56.0325 65.9325
57610811 57628944 52895154 52909348 29.1075 39.0075
57759197 57777328 53030009 53044204 29.8169 39.7169
57544838 57562972 52528831 52543028 65.1414 75.0414
58143602 58161732 52248715 52262912 69.9312 79.8312
58055683 58073816 51724305 51738500 21.3701 31.2701
57595076 57613208 53062344 53076540 7.04777 16.9478
58655618 58673748 52667804 52682000 47.1979 57.0979
58701001 58719132 52762255 52776452 4.88038 14.7804
57969682 57987812 51758571 51772768 52.1026 62.0026
57583535 57601668 52029408 52043604 26.2272 36.1272
56985729 57003860 51721894 51736092 25.9216 35.8216
57243401 57261532 51834477 51848672 16.3781 26.2781
58681356 58699488 51811104 51825300 72.2545 82.1545
58272771 58290904 52773680 52787876 68.8939 78.7939
57833095 57851228 52337704 52351900 67.4367 77.3367
57442351 57460484 52448312 52462508 86.3586 96.2586
57757479 57775612 52343139 52357336 35.4304 45.3304
57487034 57505164 52283349 52297544 40.221 50.121
58086995 58105128 52452716 52466912 85.0845 94.9845
58063906 58082036 52933102 52947300 19.6922 29.5922
57362115 57380248 52379247 52393444 30.7174 40.6174
58385659 58403792 52691287 52705484 2.02403 11.924
57699865 57717996 51736361 51750556 72.9709 82.8709
57383497 57401628 52276197 52290392 18.1291 28.0291
57497436 57515568 52759057 52773252 73.1232 83.0232
58406505 58424636 52629376 52643572 65.2238 75.1238
58324712 58342844 52789534 52803732 70.6308 80.5308
57148171 57166304 52235610 52249804 26.9998 36.8998
57089888 57108020 52481442 52495636 66.4387 76.3387
57975810 57993940 52387622 52401820 36.6735 46.5735
57419049 57437180 52840422 52854620 87.1812 97.0812
57326800 57344932 52342700 52356896 66.8693 76.7693
57959526 57977660 52039256 52053452 10.8992 20.7992
58610859 58628992 52877335 52891532 72.5122 82.4122
57609222 57627356 52409733 52423928 62.0283 71.9283
57828006 57846140 52083315 52097512 81.2289 91.1289
57568435 57586568 51872276 51886472 59.095 68.995
58508714 58526844 52761628 52775824 39.48 49.38
57739549 57757680 52918913 52933108 29.6087 39.5087
58569652 58587784 52521117 52535312 81.5839 91.4839
58246058 58264188 51712438 51726636 42.4326 52.3326
58572203 58590336 52038539 52052736 26.1765 36.0765
58018958 58037092 51942126 51956324 58.8827 68.7827
57768946 57787076 51855132 51869328 27.2612 37.1612
57322406 57340540 52564820 52579016 5.55023 15.4502
57013700 57031832 52016598 52030796 60.1867 70.0867
58581562 58599692 52381340 52395536 14.5736 24.4736
57420703 57438836 52711620 52725816 84.6859 94.5859
58383456 58401588 52303845 52318040 39.1001 49.0001
