57573899 52492185 57592032 52506380 20.9878 21.9778
57987472 52747203 58005604 52761400 3.21573 4.20573
58478505 52827058 58496636 52841252 87.6773 88.6673
58553908 52688303 58572040 52702500 51.6612 52.6512
58717944 52540454 58736076 52554652 55.1397 56.1297
57990910 52693192 58009044 52707388 20.7531 21.7431
57943702 53050369 57961836 53064564 73.9113 74.9013
58274363 52753643 58292496 52767840 86.9328 87.9228
58487576 52451033 58505708 52465228 27.3249 28.3149
57246514 52021844 57264644 52036040 98.3314 99.3214
57906896 52261733 57925028 52275928 39.6287 40.6187
58612594 52706999 58630724 52721196 25.586 26.576
58206064 52449381 58224196 52463576 21.876 22.866
58211565 51692495 58229696 51706692 37.6443 38.6343
58574714 52869476 58592844 52883672 5.35757 6.34757
57657248 52691016 57675380 52705212 96.4862 97.4762
58073137 51829835 58091268 51844032 76.5955 77.5855
58166739 52194896 58184872 52209092 22.7246 23.7146
57561506 52458608 57579636 52472804 12.7951 13.7851
57389277 52989779 57407408 53003976 19.9895 20.9795
57599262 52828470 57617396 52842668 76.7196 77.7096
57816969 52151074 57835100 52165268 33.4842 34.4742
58145769 51979574 58163900 51993772 95.486 96.476
57742594 52033413 57760724 52047608 58.8718 59.8618
58693895 52781807 58712028 52796004 87.1144 88.1044
58737468 52536955 58755600 52551152 46.6446 47.6346
58612367 52216303 58630500 52230500 87.1255 88.1155
57243977 52386176 57262108 52400372 57.4095 58.3995
58304362 51939794 58322492 51953988 54.3982 55.3882
58618643 51827757 58636776 51841952 57.802 58.792
57993694 52194079 58011828 52208276 95.8389 96.8289
57778476 52746418 57796608 52760612 29.5916 30.5816
57187929 52840206 57206060 52854404 56.2958 57.2858
57723149 52315560 57741280 52329756 67.6087 68.5987
58122865 52076781 58140996 52090976 86.4114 87.4014
57058697 52880322 57076828 52894516 69.8334 70.8234
57339263 52824662 57357396 52838860 37.6279 38.6179
57093088 51770815 57111220 51785012 96.821 97.811
57617124 52296192 57635256 52310388 6.20058 7.19058
58626418 52257115 58644548 52271312 23.2266 24.2166
58594953 51992634 58613084 52006828 48.2103 49.2003
57409566 51879273 57427700 51893468 21.7703 22.7603
57226765 51738298 57244896 51752492 75.8374 76.8274
58232555 52235087 58250688 52249284 61.0476 62.0376
57839705 53075718 57857836 53089916 51.1602 52.1502
57876666 52838579 57894796 52852776 84.6475 85.6375
57228155 52430684 57246288 52444880 60.9759 61.9659
56989900 51897868 57008032 51912064 56.7407 57.7307
57829905 51752231 57848036 51766428 65.8862 66.8762
57263350 52769589 57281484 52783784 29.9779 30.9679
58249693 51939654 58267824 51953852 39.235 40.225
57820547 51813458 57838680 51827652 70.3671 71.3571
58089266 52859280 58107396 52873476 94.9631 95.9531
58429088 52461984 58447220 52476180 46.6041 47.5941
58562548 52276334 58580680 52290532 81.1718 82.1618
57658541 52097198 57676672 52111396 25.8653 26.8553
57708271 52475113 57726404 52489308 60.4543 61.4443
58551576 52538232 58569708 52552428 74.044 75.034
58659902 52989939 58678036 53004136 25.034 26.024
57565083 52681879 57583216 52696076 39.0522 40.0422
58182144 52961953 58200276 52976148 72.8905 73.8805
58458456 53037301 58476588 53051496 27.3679 28.3579
58152436 52566191 58170568 52580388 64.2006 65.1906
58517249 52503620 58535380 52517816 76.7795 77.7695
58734663 52178207 58752796 52192404 96.5982 97.5882
58676335 51882733 58694468 51896928 85.278 86.268
58423553 52713516 58441684 52727712 12.6421 13.6321
58338168 53001716 58356300 53015912 83.5581 84.5481
58014534 52734146 58032668 52748340 38.922 39.912
58092364 52422995 58110496 52437192 8.72445 9.71445
58425547 52743792 58443680 52757988 22.5267 23.5167
58315182 52398608 58333316 52412804 58.3092 59.2992
58714747 51685129 58732880 51699324 73.9473 74.9373
58309626 52064214 58327756 52078412 18.488 19.478
57081168 52379178 57099300 52393372 78.7691 79.7591
58439258 52820006 58457388 52834204 17.2554 18.2454
58419117 53035919 58437248 53050116 78.4997 79.4897
58545285 52268245 58563416 52282440 65.5625 66.5525
57787603 52137413 57805736 52151608 5.40437 6.39437
57519890 52712860 57538020 52727056 61.9214 62.9114
57506761 51967049 57524892 51981244 32.9567 33.9467
57225380 53068757 57243512 53082952 27.975 28.965
56997558 51932583 57015692 51946780 18.3332 19.3232
57413828 52343309 57431960 52357504 36.0995 37.0895
58130746 52370621 58148876 52384816 62.9827 63.9727
58417008 52608061 58435140 52622256 48.0298 49.0198
57158625 51963470 57176756 51977668 23.4406 24.4306
58155372 52533314 58173504 52547508 48.6694 49.6594
57074732 52463530 57092864 52477724 63.6353 64.6253
57394316 52858846 57412448 52873044 30.4773 31.4673
57906677 51907639 57924808 51921836 56.4772 57.4672
57500105 52395630 57518236 52409828 18.5057 19.4957
57655647 52664200 57673780 52678396 76.0553 77.0453
58274531 52292600 58292664 52306796 34.4115 35.4015
57537506 51899240 57555636 51913436 32.2492 33.2392
57723148 52080740 57741280 52094936 38.376 39.366
58213937 52834625 58232068 52848820 5.94527 6.93527
58660898 52583322 58679028 52597516 42.609 43.599
58629667 52342130 58647800 52356324 9.12502 10.115
58114721 51858254 58132852 51872452 41.4253 42.4153
58752336 51770687 58770468 51784884 48.2244 49.2144
57879087 53039219 57897220 53053416 87.1637 88.1537
58627864 52062392 58645996 52076588 82.4277 83.4177
57350646 51855667 57368780 51869864 81.1833 82.1733
57405916 52699255 57424048 52713452 64.8038 65.7938
57623635 52276416 57641768 52290612 48.1631 49.1531
57670531 51724362 57688664 51738556 83.6314 84.6214
57945663 52396217 57963796 52410412 52.6884 53.6784
57469315 51864306 57487448 51878500 19.8967 20.8867
57282825 52089812 57300956 52104008 59.8903 60.8803
57928674 52596238 57946804 52610436 65.351 66.341
58662417 52262484 58680548 52276680 76.5699 77.5599
58689375 52373305 58707508 52387500 21.512 22.502
57508372 51975552 57526504 51989748 52.6355 53.6255
57872267 52730262 57890400 52744460 44.1346 45.1246
58617953 52716969 58636084 52731164 56.992 57.982
57073465 52658524 57091596 52672720 42.2274 43.2174
57010257 52835605 57028388 52849800 92.5112 93.5012
57289845 52592168 57307976 52606364 25.3778 26.3678
58009552 52607741 58027684 52621936 70.7023 71.6923
57791162 52653023 57809292 52667220 63.9419 64.9319
57042619 52952857 57060752 52967052 93.6888 94.6788
58603059 52612310 58621192 52626508 18.5434 19.5334
58517832 52612787 58535964 52626984 45.6859 46.6759
58084060 52259948 58102192 52274144 13.5077 14.4977
57340513 52973178 57358644 52987372 86.383 87.373
57032928 52339713 57051060 52353908 77.8874 78.8774
57876509 52916740 57894640 52930936 21.7465 22.7365
57443179 52794077 57461312 52808272 64.9138 65.9038
58658991 52529851 58677124 52544048 83.3895 84.3795
57275898 52198314 57294028 52212508 53.7038 54.6938
57385267 51988568 57403400 52002764 58.1958 59.1858
57572331 53054622 57590464 53068820 86.0194 87.0094
57171101 52965365 57189232 52979560 22.5821 23.5721
57076136 51994877 57094268 52009072 46.0772 47.0672
58468412 52261351 58486544 52275548 94.5182 95.5082
57651444 51750115 57669576 51764312 82.9434 83.9334
57344619 51705677 57362752 51719872 65.2038 66.1938
58516188 52841460 58534320 52855656 32.0927 33.0827
58067819 52427057 58085952 52441252 2.5068 3.4968
57057396 52274843 57075528 52289040 36.3364 37.3264
57478831 51791699 57496964 51805896 71.1423 72.1323
58179363 52760255 58197496 52774452 51.3694 52.3594
58033191 53060311 58051324 53074508 3.86435 4.85435
58613922 53085835 58632052 53100032 44.1578 45.1478
58499971 52276522 58518104 52290716 54.4791 55.4691
57767906 53071904 57786036 53086100 90.8204 91.8104
57556431 52231645 57574564 52245840 70.6187 71.6087
58129539 52212703 58147672 52226900 49.2704 50.2604
58004544 52519098 58022676 52533292 51.1533 52.1433
58734913 52670422 58753044 52684620 85.0746 86.0646
58296629 52231549 58314760 52245744 51.0709 52.0609
58550019 52270127 58568152 52284324 43.8312 44.8212
58051818 52310316 58069948 52324512 80.8987 81.8887
58573594 51876754 58591724 51890948 45.0543 46.0443
57631758 52850743 57649892 52864940 46.8156 47.8056
58658326 52306602 58676460 52320796 11.6605 12.6505
58639902 52205396 58658036 52219592 16.4764 17.4664
57954259 52375718 57972392 52389916 83.0097 83.9997
57819637 52523496 57837768 52537692 50.3739 51.3639
57601173 51888015 57619304 51902212 30.7388 31.7288
58640003 52390151 58658136 52404348 11.913 12.903
57984892 52930323 58003024 52944520 25.312 26.302
58025878 51968443 58044012 51982640 22.8303 23.8203
57161534 52192435 57179668 52206632 89.9453 90.9353
57285704 52407821 57303836 52422016 82.0484 83.0384
57051623 51787801 57069756 51801996 59.5432 60.5332
57133323 53007992 57151456 53022188 41.4778 42.4678
57898014 52077628 57916148 52091824 91.0561 92.0461
58046705 52662461 58064836 52676656 17.5704 18.5604
58669804 52797253 58687936 52811448 18.5474 19.5374
58052178 52972844 58070308 52987040 66.4286 67.4186
57969042 51791578 57987172 51805772 36.3362 37.3262
57305904 51736271 57324036 51750468 75.6497 76.6397
57639870 52677876 57658004 52692072 61.443 62.433
58291007 51702163 58309140 51716360 2.75912 3.74912
58465432 52213569 58483564 52227764 51.0872 52.0772
57679847 52486870 57697980 52501068 36.3325 37.3225
57265742 51766771 57283876 51780968 65.2286 66.2186
57853921 51988536 57872052 52002732 50.9211 51.9111
58676400 52380699 58694532 52394896 17.7831 18.7731
57379117 52626740 57397248 52640936 49.8891 50.8791
57076411 51768853 57094544 51783048 98.3001 99.2901
57024446 51799726 57042580 51813924 82.057 83.047
57776306 51739109 57794436 51753304 45.9435 46.9335
58611731 51882171 58629864 51896368 40.3486 41.3386
58389951 51789090 58408084 51803284 76.973 77.963
58270556 51982467 58288688 51996664 5.57192 6.56192
58120918 52984904 58139052 52999100 74.7567 75.7467
58396562 52577408 58414692 52591604 7.61186 8.60186
57623271 52904827 57641404 52919024 51.5313 52.5213
58219925 52767027 58238056 52781224 5.11906 6.10906
57737556 52668950 57755688 52683148 81.6426 82.6326
57183645 52452770 57201776 52466964 76.2791 77.2691
57606658 52302928 57624788 52317124 10.8589 11.8489
58669396 52729066 58687528 52743260 44.5569 45.5469
57089914 52949647 57108044 52963844 63.4017 64.3917
57806457 52968471 57824588 52982668 62.0412 63.0312
58658495 52604173 58676628 52618368 47.8385 48.8285
57497716 52352797 57515848 52366992 82.0693 83.0593
57419680 52890385 57437812 52904580 56.5137 57.5037
57047868 52621894 57066000 52636092 16.4995 17.4895
58209517 52634960 58227648 52649156 36.7898 37.7798
58306020 52937158 58324152 52951356 80.4912 81.4812
58418343 52379026 58436476 52393220 98.463 99.453
58456472 53057379 58474604 53071576 52.1382 53.1282
58170033 52383290 58188164 52397484 77.4009 78.3909
57773251 51989267 57791384 52003464 91.2132 92.2032
57968562 52780593 57986692 52794788 30.8979 31.8879
58001650 51929328 58019780 51943524 94.8082 95.7982
58749025 52551924 58767156 52566120 38.8353 39.8253
57798114 52434369 57816244 52448564 49.002 49.992
57345743 52318193 57363876 52332388 75.1875 76.1775
57722058 52390664 57740188 52404860 54.7868 55.7768
58221623 52667505 58239756 52681700 5.96169 6.95169
58079362 51698468 58097492 51712664 72.6657 73.6557
57655800 52493641 57673932 52507836 35.3323 36.3223
58363477 52044986 58381608 52059180 31.8296 32.8196
58657771 52158740 58675904 52172936 4.83439 5.82439
57134600 52731657 57152732 52745852 98.3331 99.3231
57239380 51746435 57257512 51760632 52.6878 53.6778
57070383 51729252 57088516 51743448 88.6695 89.6595
58101269 52460196 58119400 52474392 12.3774 13.3674
58544594 52013505 58562724 52027700 74.6937 75.6837
57563944 52564511 57582076 52578708 84.6478 85.6378
57583685 51821429 57601816 51835624 25.3183 26.3083
57226890 52134680 57245020 52148876 72.387 73.377
57358532 52162821 57376664 52177016 94.2355 95.2255
58286334 52887907 58304468 52902104 88.0101 89.0001
58622466 52420606 58640596 52434804 37.6538 38.6438
58365909 52836276 58384040 52850472 88.1313 89.1213
57958932 52430591 57977064 52444788 8.26084 9.25084
58224464 52142651 58242596 52156848 36.3421 37.3321
57325697 52722206 57343828 52736404 49.2599 50.2499
57865034 52714118 57883164 52728316 62.6101 63.6001
57693171 52612204 57711304 52626400 75.8458 76.8358
57246520 52385693 57264652 52399888 78.21 79.2
58239027 52735082 58257160 52749276 48.0936 49.0836
57354971 52561489 57373104 52575684 46.9295 47.9195
58133093 52861505 58151224 52875700 7.6055 8.5955
58528719 52476309 58546852 52490504 86.825 87.815
57997019 52173823 58015152 52188020 2.61298 3.60298
57358698 52705624 57376828 52719820 32.1063 33.0963
58255883 51693984 58274016 51708180 20.3575 21.3475
57321658 52859899 57339788 52874096 89.3833 90.3733
58116679 52769600 58134812 52783796 50.1254 51.1154
57631335 52945324 57649468 52959520 72.2593 73.2493
58339136 52691356 58357268 52705552 29.2123 30.2023
57514585 52268679 57532716 52282876 84.9387 85.9287
58633162 52254449 58651292 52268644 12.1382 13.1282
58261818 52089757 58279948 52103952 41.2686 42.2586
57936317 51939452 57954448 51953648 1.21738 2.20738
58270956 51748786 58289088 51762980 6.43435 7.42435
57551826 52193952 57569956 52208148 13.7363 14.7263
58619904 52301515 58638036 52315712 26.5871 27.5771
57197690 52851984 57215820 52866180 67.7395 68.7295
58755493 52376223 58773624 52390420 26.3869 27.3769
57636109 52832682 57654240 52846876 46.1459 47.1359
57810899 51789470 57829032 51803668 24.232 25.222
56998546 51857055 57016676 51871252 11.5405 12.5305
58639226 52165478 58657356 52179676 53.0597 54.0497
58214754 52564075 58232884 52578272 67.6813 68.6713
58501772 52294079 58519904 52308276 98.7809 99.7709
58430890 51815349 58449020 51829544 55.9105 56.9005
57829070 52167297 57847204 52181492 15.1102 16.1002
58105260 52874685 58123392 52888880 10.2098 11.1998
57137452 51853796 57155584 51867992 19.0451 20.0351
56989874 52618239 57008004 52632436 82.7113 83.7013
57650349 52105446 57668480 52119644 61.6166 62.6066
57932464 52397051 57950596 52411248 62.5854 63.5754
58239431 51962262 58257564 51976460 94.2234 95.2134
57806115 52999949 57824248 53014144 17.5552 18.5452
57652124 52988017 57670256 53002212 93.109 94.099
57637423 52949294 57655556 52963492 32.1807 33.1707
57245363 52894972 57263496 52909168 75.9281 76.9181
58615312 52495592 58633444 52509788 90.9344 91.9244
58253650 52635545 58271780 52649740 28.3148 29.3048
57335627 51867859 57353760 51882056 58.3386 59.3286
57975439 52404036 57993572 52418232 47.313 48.303
57120021 52019251 57138152 52033448 53.3963 54.3863
57698919 52589306 57717052 52603500 17.4971 18.4871
58680098 51710454 58698228 51724652 51.1136 52.1036
57953550 52348856 57971684 52363052 20.3384 21.3284
57565292 51861001 57583424 51875196 35.9503 36.9403
58089738 52062194 58107868 52076388 41.4561 42.4461
57057819 52064594 57075952 52078788 34.6624 35.6524
57006259 53037391 57024392 53051588 47.194 48.184
58670490 52660887 58688620 52675084 77.6575 78.6475
57323855 52084972 57341988 52099168 37.0739 38.0639
58663875 52922885 58682008 52937080 20.905 21.895
57326327 52234554 57344460 52248748 2.57637 3.56637
57520618 52009225 57538748 52023420 8.36742 9.35742
57415176 52925765 57433308 52939960 68.8446 69.8346
57491715 52784748 57509848 52798944 23.8736 24.8636
58682390 51718730 58700524 51732924 61.49 62.48
57496153 53022924 57514284 53037120 64.6789 65.6689
57087117 52166594 57105248 52180788 13.8698 14.8598
58136649 51929036 58154780 51943232 25.118 26.108
58340768 52042755 58358900 52056952 84.1246 85.1146
57098617 52626781 57116748 52640976 88.6012 89.5912
57391516 51685869 57409648 51700064 4.12302 5.11302
57933895 52208988 57952028 52223184 21.9236 22.9136
57759338 52803792 57777468 52817988 59.5481 60.5381
58295030 53066525 58313164 53080720 21.4201 22.4101
57132069 52959540 57150200 52973736 64.5106 65.5006
58128645 52188453 58146776 52202648 4.83264 5.82264
58289774 52870209 58307908 52884404 67.4453 68.4353
57096576 51741493 57114708 51755688 47.5287 48.5187
58497506 51798081 58515636 51812276 37.5361 38.5261
57062586 52355860 57080716 52370056 22.8853 23.8753
57045988 52042310 57064120 52056508 54.9727 55.9627
58126574 51966358 58144708 51980556 53.2853 54.2753
57895468 51953249 57913600 51967444 5.04157 6.03157
57850134 52770253 57868268 52784448 27.5898 28.5798
58057129 51683659 58075260 51697856 30.0901 31.0801
58586132 51782369 58604264 51796564 54.9985 55.9885
58765080 52144038 58783212 52158236 36.9674 37.9574
57058850 52515490 57076980 52529684 93.4204 94.4104
57476964 52368257 57495096 52382452 6.985 7.975
58049424 52205725 58067556 52219920 44.8699 45.8599
58667574 53065570 58685708 53079764 31.9602 32.9502
58637683 52688841 58655816 52703036 40.0619 41.0519
58502958 52706117 58521092 52720312 41.4276 42.4176
57658516 52853806 57676648 52868004 41.0067 41.9967
57661309 52727299 57679440 52741496 33.8925 34.8825
58652344 52463740 58670476 52477936 46.4601 47.4501
58081450 51896696 58099580 51910892 78.4933 79.4833
57332128 52915324 57350260 52929520 17.0716 18.0616
58316087 52853946 58334220 52868140 49.2182 50.2082
58053975 51870109 58072108 51884304 32.2573 33.2473
58693265 52515571 58711396 52529768 20.6753 21.6653
58100471 53084428 58118604 53098624 52.71 53.7
57984550 52798727 58002684 52812924 51.2751 52.2651
58606103 52678258 58624236 52692452 47.1384 48.1284
58735161 52600189 58753292 52614384 25.6051 26.5951
57483732 52435912 57501864 52450108 85.3009 86.2909
57276847 52589877 57294980 52604072 70.1531 71.1431
58153074 52844146 58171204 52858340 80.7219 81.7119
58436460 51750853 58454592 51765048 65.5261 66.5161
58604451 52235997 58622584 52250192 98.2166 99.2066
57468427 52161933 57486560 52176128 2.6586 3.6486
58165881 51786969 58184012 51801164 3.06465 4.05465
57213088 52800025 57231220 52814220 79.4903 80.4803
57844550 52660846 57862684 52675044 77.0721 78.0621
57342750 52456890 57360884 52471084 55.5146 56.5046
58061203 51986606 58079336 52000804 45.9079 46.8979
57497066 52754926 57515196 52769124 39.3555 40.3455
57959334 52513590 57977468 52527788 98.605 99.595
58486798 51892880 58504932 51907076 29.3813 30.3713
57783893 53084822 57802024 53099020 97.5845 98.5745
58717750 52193867 58735884 52208064 25.2745 26.2645
57071851 52109353 57089984 52123548 5.31643 6.30643
58096707 52431972 58114840 52446168 12.8772 13.8672
58684979 52678485 58703112 52692680 27.4892 28.4792
58765300 52614549 58783432 52628744 54.0443 55.0343
57457596 51778105 57475728 51792300 28.4249 29.4149
58753245 52456662 58771376 52470860 65.3208 66.3108
58370928 51952206 58389060 51966404 81.3203 82.3103
57939158 53003828 57957292 53018024 59.3802 60.3702
57522816 52262993 57540948 52277188 80.8333 81.8233
57155820 52828934 57173952 52843132 53.1468 54.1368
58554022 52622511 58572156 52636708 23.7763 24.7663
57976451 53045357 57994584 53059552 80.5465 81.5365
58456512 52402697 58474644 52416892 13.8175 14.8075
58553982 52994142 58572116 53008340 4.85249 5.84249
57710170 52926378 57728300 52940572 78.2566 79.2466
57705191 53053730 57723324 53067924 88.196 89.186
57043363 52675511 57061496 52689708 75.0433 76.0333
58695468 53054281 58713600 53068476 20.5104 21.5004
57692551 52650328 57710684 52664524 89.1336 90.1236
57978095 52016856 57996228 52031052 82.0993 83.0893
57726672 53038359 57744804 53052556 3.06616 4.05616
57605430 52907093 57623564 52921288 85.2337 86.2237
57328721 52740291 57346852 52754488 49.167 50.157
57011213 52110650 57029344 52124844 35.8335 36.8235
57249394 51792265 57267524 51806460 70.9674 71.9574
57853259 51785325 57871392 51799520 39.5714 40.5614
57026022 51857815 57044156 51872012 42.8963 43.8863
57544725 52840531 57562856 52854728 52.7567 53.7467
58602313 52132851 58620444 52147048 62.419 63.409
58688824 52339741 58706956 52353936 44.6774 45.6674
57749478 52769335 57767612 52783532 57.9213 58.9113
58426307 52240422 58444440 52254620 71.3523 72.3423
58769692 53008743 58787824 53022940 8.17204 9.16204
57128110 51752717 57146244 51766912 19.6601 20.6501
58127218 52214808 58145348 52229004 96.9654 97.9554
57092991 52882556 57111124 52896752 71.4931 72.4831
58117706 51719121 58135836 51733316 14.8983 15.8883
58483318 51905831 58501452 51920028 35.2818 36.2718
58630250 53054743 58648380 53068940 66.2334 67.2234
58582584 53036554 58600716 53050748 89.5764 90.5664
58518728 52794989 58536860 52809184 60.4477 61.4377
58220175 51965617 58238308 51979812 35.7384 36.7284
57643317 51911002 57661448 51925196 34.0998 35.0898
58267256 51743276 58285388 51757472 32.2346 33.2246
57035677 52773789 57053808 52787984 7.2149 8.2049
56997782 52131266 57015916 52145460 1.18259 2.17259
57838703 52389584 57856836 52403780 11.6582 12.6482
57829273 51933164 57847404 51947360 77.57 78.56
57644902 51829871 57663036 51844068 56.5235 57.5135
58522053 53047238 58540184 53061436 10.8719 11.8619
57349850 51804471 57367980 51818668 83.6095 84.5995
57946467 52065429 57964600 52079624 18.8876 19.8776
57349685 52344909 57367816 52359104 34.0645 35.0545
57705934 52092639 57724068 52106836 79.2973 80.2873
58527692 51837681 58545824 51851876 92.4096 93.3996
57770499 52892447 57788632 52906644 17.5783 18.5683
57583999 52649964 57602132 52664160 53.2801 54.2701
58016802 52589402 58034932 52603596 80.506 81.496
57319781 52361934 57337912 52376132 18.8881 19.8781
58391633 52316409 58409764 52330604 98.085 99.075
58079737 51805628 58097868 51819824 4.84896 5.83896
58429956 51916132 58448088 51930328 55.0166 56.0066
58574743 53003134 58592876 53017332 96.1398 97.1298
57237465 52277725 57255596 52291920 36.3806 37.3706
57637735 52620540 57655868 52634736 90.4192 91.4092
57335124 53057028 57353256 53071224 61.1909 62.1809
57719006 51976243 57737140 51990440 89.4184 90.4084
57613234 52022806 57631364 52037004 19.7605 20.7505
57249920 52014398 57268052 52028596 90.8533 91.8433
57760581 51816407 57778712 51830604 38.7855 39.7755
57912621 52883801 57930752 52897996 87.2582 88.2482
57452240 51910294 57470372 51924492 34.804 35.794
58143524 52090627 58161656 52104824 51.2861 52.2761
57293290 52045237 57311420 52059432 36.6795 37.6695
58507826 51935815 58525956 51950012 91.4485 92.4385
57212513 52650939 57230644 52665136 53.5683 54.5583
57539283 51828372 57557416 51842568 93.4611 94.4511
58554311 52985614 58572444 52999812 24.7651 25.7551
56997897 52055762 57016028 52069956 84.9555 85.9455
57649094 51895396 57667228 51909592 9.74555 10.7355
57419659 52463605 57437792 52477800 3.027 4.017
58477149 52476710 58495280 52490908 51.3994 52.3894
57679058 52216138 57697188 52230332 72.7405 73.7305
57192781 52344006 57210912 52358204 4.10462 5.09462
58499311 53067741 58517444 53081936 55.9141 56.9041
57763573 53035669 57781704 53049864 26.5484 27.5384
57052450 52153296 57070580 52167492 93.491 94.481
57725002 52691938 57743132 52706132 85.2218 86.2118
57751706 52646287 57769836 52660484 11.0169 12.0069
58748728 52594273 58766860 52608468 94.1191 95.1091
57497403 51764158 57515536 51778356 3.45856 4.44856
58690295 51785339 58708428 51799536 10.1338 11.1238
58394593 52587531 58412724 52601728 35.0366 36.0266
57164981 52781571 57183112 52795768 48.5165 49.5065
57577955 52962391 57596088 52976588 85.9539 86.9439
58498721 52459966 58516852 52474164 39.7481 40.7381
57447225 52850946 57465356 52865140 7.20473 8.19473
58233976 52618595 58252108 52632792 13.8471 14.8371
58425883 52305339 58444016 52319536 42.3209 43.3109
57774131 52040368 57792264 52054564 91.8039 92.7939
58335686 51957295 58353820 51971492 68.9568 69.9468
57455520 51851773 57473652 51865968 30.2573 31.2473
57403581 51748885 57421712 51763080 11.5095 12.4995
57029540 52056466 57047672 52070660 98.1144 99.1044
57401746 53035751 57419876 53049948 31.7214 32.7114
56981702 52027843 56999836 52042040 71.0188 72.0088
57278305 52912805 57296436 52927000 3.32521 4.31521
58332102 52721881 58350236 52736076 53.2266 54.2166
58651081 52859099 58669212 52873296 48.4681 49.4581
57734404 52292073 57752536 52306268 12.1102 13.1002
58048874 52335135 58067004 52349332 84.0232 85.0132
57198971 52566159 57217104 52580356 9.3189 10.3089
57205757 52272496 57223888 52286692 97.312 98.302
58249557 51886284 58267688 51900480 96.9326 97.9226
57707972 52068735 57726104 52082932 13.2854 14.2754
57624228 52698232 57642360 52712428 95.3045 96.2945
58263161 52215734 58281292 52229932 13.6129 14.6029
57383369 52598306 57401500 52612500 54.7218 55.7118
57527562 51943173 57545692 51957368 45.9378 46.9278
57153593 52416769 57171724 52430964 31.3926 32.3826
58554102 52322278 58572236 52336476 6.19537 7.18537
57094871 52944004 57113004 52958200 44.0344 45.0244
58079024 52877929 58097156 52892124 83.8137 84.8037
58059709 51724644 58077840 51738840 32.7798 33.7698
57455643 51988281 57473776 52002476 73.5739 74.5639
57910019 52036518 57928152 52050716 24.9001 25.8901
58627704 52646527 58645836 52660724 29.8512 30.8412
57762068 52074544 57780200 52088740 26.4022 27.3922
57843471 52560515 57861604 52574712 97.6299 98.6199
58525267 52017485 58543400 52031680 87.8351 88.8251
57013938 52107175 57032068 52121372 88.8218 89.8118
57215350 51799940 57233484 51814136 42.7565 43.7465
58333816 52467697 58351948 52481892 76.9064 77.8964
58479065 52771183 58497196 52785380 70.6562 71.6462
57703226 53084070 57721356 53098268 57.2252 58.2152
57704428 51746191 57722560 51760388 5.43967 6.42967
57213169 52115720 57231300 52129916 20.4331 21.4231
57804138 52308335 57822268 52322532 35.3012 36.2912
57241787 52058976 57259920 52073172 74.49 75.48
58473583 52442742 58491716 52456940 23.5628 24.5528
58666281 52562347 58684412 52576544 56.5348 57.5248
58370020 53070134 58388152 53084332 94.524 95.514
57806360 52038758 57824492 52052956 21.059 22.049
57203648 52767422 57221780 52781620 30.4618 31.4518
57312705 52750116 57330836 52764312 85.5403 86.5303
58342769 52170365 58360900 52184560 10.8944 11.8844
58393067 51942398 58411200 51956596 89.514 90.504
57706701 52801573 57724832 52815768 47.3166 48.3066
58484750 52751484 58502884 52765680 1.91916 2.90916
