57580514 52653317 57598644 52667512 61 61
58097626 52117470 58115756 52131668 88 88
57854448 52649854 57872580 52664052 5 5
57098077 52194595 57116208 52208792 61 61
58731945 51940676 58750076 51954872 96 96
57668087 52607094 57686220 52621292 26 26
58645201 52299149 58663332 52313344 5 5
57962402 52304326 57980532 52318524 42 42
57435851 52330608 57453984 52344804 19 19
58133136 52303295 58151268 52317492 20 20
57992734 52087358 58010868 52101556 20 20
57934966 51814579 57953100 51828776 69 69
57075702 52553518 57093836 52567716 67 67
57820154 52494573 57838284 52508768 54 54
58574580 52945676 58592712 52959872 13 13
58245474 52754374 58263604 52768572 66 66
58047517 53023347 58065648 53037544 54 54
57190567 52513557 57208700 52527752 86 86
57426670 52187364 57444804 52201560 3 3
58055735 53009777 58073868 53023972 1 1
57190072 52372659 57208204 52386856 16 16
57127680 52934007 57145812 52948204 81 81
58614668 52455764 58632800 52469960 30 30
58600531 53062445 58618664 53076640 28 28
57825021 51899534 57843152 51913732 17 17
57977407 52008086 57995540 52022284 29 29
58705084 52733236 58723216 52747432 56 56
58491397 51952226 58509528 51966420 19 19
58242830 52774404 58260964 52788600 39 39
57786104 52040765 57804236 52054960 19 19
57824667 52226895 57842800 52241092 59 59
58440298 52897962 58458428 52912156 19 19
57162976 52982081 57181108 52996276 89 89
58459974 52040956 58478108 52055152 68 68
57819074 51890536 57837204 51904732 19 19
56994808 52889911 57012940 52904108 33 33
58472973 52950256 58491104 52964452 38 38
58014676 52789134 58032808 52803332 38 38
57878705 52825661 57896836 52839856 68 68
58002176 52403504 58020308 52417700 49 49
58267019 51940748 58285152 51954944 99 99
58645909 51943166 58664040 51957364 36 36
58301283 52441334 58319416 52455532 26 26
58374079 52799413 58392212 52813608 37 37
58143069 52525036 58161200 52539232 23 23
58452951 52577461 58471084 52591656 91 91
57734021 52825328 57752152 52839524 13 13
57056385 53001419 57074516 53015616 34 34
57906995 52531144 57925128 52545340 45 45
57144872 51919071 57163004 51933268 42 42
58164782 52390977 58182916 52405172 27 27
58341621 51826015 58359752 51840212 10 10
58346981 52880755 58365112 52894952 76 76
58254148 52010894 58272280 52025092 52 52
57138652 52001438 57156784 52015636 64 64
57121898 53069127 57140028 53083324 28 28
58161234 52526127 58179364 52540324 72 72
57120301 52929444 57138432 52943640 49 49
57308204 53041946 57326336 53056140 79 79
57152594 52549890 57170724 52564084 99 99
57462164 51710039 57480296 51724236 23 23
57810376 52269432 57828508 52283628 10 10
58617469 52733736 58635600 52747932 78 78
58273889 52895675 58292020 52909872 14 14
56988405 53012203 57006536 53026400 85 85
58150269 51784499 58168400 51798696 8 8
57665317 51825035 57683448 51839232 17 17
58071759 52793504 58089892 52807700 45 45
57047769 53086743 57065900 53100940 32 32
57289762 52442265 57307892 52456460 45 45
57506059 52783719 57524192 52797916 30 30
57191150 52963706 57209284 52977900 86 86
57492209 51837241 57510340 51851436 48 48
57416666 52872368 57434796 52886564 40 40
58361189 51766701 58379320 51780896 98 98
57901197 51869569 57919328 51883764 42 42
57512230 52771492 57530364 52785688 63 63
58703370 52703086 58721500 52717284 73 73
57963353 52982976 57981484 52997172 4 4
58769354 53054158 58787484 53068356 96 96
58741243 51747554 58759376 51761748 96 96
58023744 52379641 58041876 52393836 23 23
57459743 52384139 57477876 52398336 86 86
57145015 52959008 57163148 52973204 64 64
57313649 52824579 57331780 52838776 6 6
58648210 52501912 58666340 52516108 76 76
57181623 51769570 57199756 51783764 99 99
57166625 52977448 57184756 52991644 47 47
58224784 52953717 58242916 52967912 70 70
57617977 51753381 57636108 51767576 45 45
57547655 52953039 57565788 52967236 70 70
58267423 52363871 58285556 52378068 68 68
58524951 51977870 58543084 51992068 46 46
58686502 52744770 58704636 52758964 85 85
57210789 51762595 57228920 51776792 90 90
58220366 52969048 58238500 52983244 52 52
58255207 52452185 58273340 52466380 72 72
58003216 52861333 58021348 52875528 65 65
58558743 52496493 58576876 52510688 78 78
57675702 52862822 57693836 52877020 39 39
58214034 51807872 58232164 51822068 91 91
57633474 51736716 57651604 51750912 67 67
58695351 52524911 58713484 52539108 48 48
58324224 52719133 58342356 52733328 83 83
58233145 52103602 58251276 52117796 9 9
58010773 52268788 58028904 52282984 22 22
58580893 51692486 58599024 51706684 64 64
57640558 52969957 57658692 52984152 95 95
57437051 52703013 57455184 52717208 89 89
57913668 52394252 57931800 52408448 49 49
57272112 51706060 57290244 51720256 70 70
57276217 52310967 57294348 52325164 45 45
58450990 51791488 58469124 51805684 99 99
57167203 52456739 57185336 52470936 15 15
58456491 52569807 58474624 52584004 55 55
57791061 51765916 57809192 51780112 26 26
58115505 52370747 58133636 52384944 3 3
57317594 53065721 57335724 53079916 81 81
58655455 52132367 58673588 52146564 10 10
57991104 52348170 58009236 52362364 57 57
57760228 52175946 57778360 52190140 67 67
57490421 52885941 57508552 52900136 8 8
57950373 52247314 57968504 52261508 48 48
58140032 51960495 58158164 51974692 31 31
57683195 53087460 57701328 53101656 43 43
57334564 52796093 57352696 52810288 72 72
58337093 52271440 58355224 52285636 68 68
57335694 52282891 57353828 52297088 3 3
57672614 52502423 57690748 52516620 41 41
58091418 52439588 58109548 52453784 60 60
58016603 51767852 58034736 51782048 94 94
57642144 52017648 57660276 52031844 39 39
58145429 51837542 58163560 51851740 59 59
58406630 51968443 58424764 51982640 2 2
58498766 52041337 58516900 52055532 47 47
57882452 52274615 57900584 52288812 8 8
58343522 52051332 58361652 52065528 4 4
57895220 52482912 57913352 52497108 93 93
57200692 52248224 57218824 52262420 74 74
57472050 52063864 57490180 52078060 33 33
58371756 52843705 58389888 52857900 16 16
58399392 53003244 58417524 53017440 93 93
57332441 53069445 57350572 53083640 10 10
57918277 51846856 57936408 51861052 61 61
58551573 52818924 58569704 52833120 61 61
57121172 52555389 57139304 52569584 64 64
57509637 52645938 57527768 52660132 94 94
58538620 52170752 58556752 52184948 53 53
58753185 52613967 58771316 52628164 21 21
56993609 53019801 57011740 53033996 6 6
58385147 52547067 58403280 52561264 62 62
57803936 52993064 57822068 53007260 60 60
57036781 52750231 57054912 52764428 3 3
58330439 52383086 58348572 52397284 37 37
57462175 51966916 57480308 51981112 91 91
58728010 51703447 58746140 51717644 12 12
57852213 52503563 57870344 52517760 66 66
57989584 51942784 58007716 51956980 18 18
57703287 52228978 57721420 52243172 72 72
57688526 52574003 57706660 52588200 66 66
58016660 52329298 58034792 52343492 59 59
58453087 52884070 58471220 52898268 45 45
57346096 51964877 57364228 51979072 61 61
58180150 52334763 58198284 52348960 64 64
57751580 52874021 57769712 52888216 54 54
58103067 52434631 58121200 52448828 76 76
57301884 53013770 57320016 53027964 40 40
57235467 52169266 57253600 52183460 46 46
58300301 51904177 58318432 51918372 85 85
58403224 52986348 58421356 53000544 34 34
56996227 52682517 57014360 52696712 18 18
58311422 52356010 58329556 52370204 55 55
57864109 53023653 57882240 53037848 37 37
58556910 52159657 58575044 52173852 71 71
57740452 52435170 57758584 52449364 20 20
56988898 52276819 57007028 52291016 37 37
58241128 52557200 58259260 52571396 88 88
57396482 52732894 57414612 52747092 66 66
57058817 51886504 57076948 51900700 23 23
57961259 52253350 57979392 52267548 76 76
58324887 52359729 58343020 52373924 31 31
57762318 52867498 57780452 52881692 47 47
57621403 52478633 57639536 52492828 84 84
58192658 51956948 58210788 51971144 45 45
58281522 52103943 58299652 52118140 62 62
57851435 53001324 57869568 53015520 30 30
58652996 52061450 58671128 52075644 55 55
58201917 52612176 58220048 52626372 6 6
58553019 52102782 58571152 52116980 94 94
58115734 52586015 58133868 52600212 93 93
57079855 51939958 57097988 51954156 68 68
57758426 52115263 57776556 52129460 77 77
58558209 52907850 58576340 52922044 63 63
57531447 51687885 57549580 51702080 88 88
58428468 52019255 58446600 52033452 11 11
57159409 52080061 57177540 52094256 85 85
57918840 52520932 57936972 52535128 84 84
58193467 51862136 58211600 51876332 49 49
58010199 51793083 58028332 51807280 23 23
57127954 52737572 57146084 52751768 90 90
58767664 52884825 58785796 52899020 85 85
58084112 51930416 58102244 51944612 21 21
57163780 51750502 57181912 51764700 51 51
57414690 52381794 57432820 52395988 11 11
57578575 52794593 57596708 52808788 74 74
57144681 52234712 57162812 52248908 55 55
58672084 52600323 58690216 52614520 90 90
58560468 51955122 58578600 51969316 67 67
58502700 52653356 58520832 52667552 52 52
58058862 51986817 58076996 52001012 65 65
58734125 51931416 58752256 51945612 85 85
57764403 52961672 57782536 52975868 39 39
57729724 52046224 57747856 52060420 73 73
58752754 52791621 58770884 52805816 71 71
58458504 52661309 58476636 52675504 75 75
57629759 51874020 57647892 51888216 49 49
57661869 51849493 57680000 51863688 22 22
57392651 52763968 57410784 52778164 44 44
57525288 52736119 57543420 52750316 21 21
57087798 52185933 57105932 52200128 46 46
57970975 51814216 57989108 51828412 9 9
57960822 51979340 57978956 51993536 76 76
58359677 52810151 58377808 52824348 26 26
57910572 52822203 57928704 52836400 18 18
57167543 51818170 57185676 51832364 39 39
57581647 53046431 57599780 53060628 2 2
57018439 52485773 57036572 52499968 86 86
57693143 52379689 57711276 52393884 80 80
57752901 52806313 57771032 52820508 29 29
58461648 52470579 58479780 52484776 53 53
57422337 52224850 57440468 52239044 45 45
58451487 51967009 58469620 51981204 85 85
57791766 51742263 57809900 51756460 96 96
58698457 51719528 58716588 51733724 24 24
58771072 52496596 58789204 52510792 80 80
57336982 52273348 57355116 52287544 38 38
57632369 51702910 57650500 51717108 49 49
57240346 52804542 57258476 52818740 6 6
57222645 51735715 57240776 51749912 74 74
57309437 52176493 57327568 52190688 5 5
58582173 52924336 58600304 52938532 59 59
58164681 52822511 58182812 52836708 27 27
58639072 53048688 58657204 53062884 42 42
57688746 52459734 57706876 52473932 75 75
57320193 52265684 57338324 52279880 99 99
57740711 51938491 57758844 51952688 85 85
57807530 52973528 57825660 52987724 81 81
57683783 52827991 57701916 52842188 9 9
57263386 52279431 57281516 52293628 9 9
57094217 52583589 57112348 52597784 99 99
58560458 52635833 58578588 52650028 29 29
57270315 52668793 57288448 52682988 3 3
57276115 52776599 57294248 52790796 94 94
58165003 52681255 58183136 52695452 32 32
57279904 52015605 57298036 52029800 31 31
58401186 52421590 58419316 52435788 27 27
57500201 52350928 57518332 52365124 25 25
58729537 52606599 58747668 52620796 9 9
58172042 52480143 58190172 52494340 58 58
58398323 52993873 58416456 53008068 99 99
57302381 52226071 57320512 52240268 81 81
58398054 51921732 58416188 51935928 52 52
57252739 52466280 57270872 52480476 91 91
56997232 52311413 57015364 52325608 96 96
57036138 51696280 57054268 51710476 84 84
58641793 52637622 58659924 52651820 40 40
57309735 53016492 57327868 53030688 96 96
58037633 52650590 58055764 52664788 1 1
58019506 52762871 58037636 52777068 60 60
56979266 51899693 56997396 51913888 48 48
58317851 51858903 58335984 51873100 65 65
58254668 52679104 58272800 52693300 70 70
57455661 52385678 57473792 52399876 91 91
58103817 52546935 58121948 52561132 67 67
58072704 52332045 58090836 52346240 73 73
57705105 52425106 57723236 52439300 5 5
57242995 52879400 57261128 52893596 52 52
58037819 52276158 58055952 52290356 89 89
57205709 53064724 57223840 53078920 30 30
57580232 52929818 57598364 52944012 75 75
58004399 52772235 58022532 52786432 29 29
57744814 52139658 57762948 52153852 16 16
57094382 51916878 57112516 51931076 37 37
57625601 51893555 57643732 51907752 90 90
58209621 52764524 58227752 52778720 4 4
57875140 52153096 57893272 52167292 7 7
57524609 52102214 57542740 52116412 28 28
57680819 51975864 57698952 51990060 87 87
58531924 52495435 58550056 52509632 96 96
57451170 53052923 57469300 53067120 10 10
57885736 51946279 57903868 51960476 28 28
57091677 52630700 57109808 52644896 28 28
57763432 52433205 57781564 52447400 64 64
58381210 51934865 58399340 51949060 25 25
58443508 51865507 58461640 51879704 6 6
58009054 52137409 58027188 52151604 88 88
57699582 52198836 57717716 52213032 14 14
57094944 52180549 57113076 52194744 76 76
57486511 52645510 57504644 52659708 72 72
57368787 52166712 57386920 52180908 64 64
57496098 51961576 57514228 51975772 97 97
58687562 52307420 58705692 52321616 34 34
58630196 52693991 58648328 52708188 42 42
58554723 52520026 58572856 52534220 13 13
58313754 52346042 58331884 52360236 13 13
57959935 52922500 57978068 52936696 13 13
58220959 52079793 58239092 52093988 17 17
58319763 52318674 58337896 52332868 75 75
58042960 52827153 58061092 52841348 77 77
57097524 51974034 57115656 51988228 49 49
57360073 52512905 57378204 52527100 64 64
57541151 52418872 57559284 52433068 51 51
57655691 52351215 57673824 52365412 21 21
58051811 52341604 58069944 52355800 10 10
57582582 52499590 57600716 52513788 6 6
58001538 52602758 58019668 52616956 15 15
57368641 52918994 57386772 52933188 41 41
57273737 52462363 57291868 52476560 9 9
58651383 53032498 58669516 53046692 8 8
58713382 52428915 58731516 52443112 32 32
58164641 52021742 58182772 52035940 89 89
58434809 52074465 58452940 52088660 9 9
58595504 52028427 58613636 52042624 15 15
57637628 52532831 57655760 52547028 72 72
58760099 52434393 58778232 52448588 6 6
57001009 51713410 57019140 51727604 15 15
58256036 52229852 58274168 52244048 89 89
58383316 52993198 58401448 53007396 41 41
56979060 51690494 56997192 51704692 45 45
57621282 51993958 57639412 52008156 68 68
57111119 52880945 57129252 52895140 79 79
57762378 51819527 57780508 51833724 73 73
58447443 52245040 58465576 52259236 79 79
57750185 52256763 57768316 52270960 41 41
58000389 52590720 58018520 52604916 68 68
57465483 52504805 57483616 52519000 71 71
57127991 51732160 57146124 51746356 60 60
57188814 52176347 57206948 52190544 53 53
58468980 52865477 58487112 52879672 23 23
57691328 52234406 57709460 52248604 44 44
58276033 51878522 58294164 51892716 65 65
58058167 52526728 58076300 52540924 50 50
58353941 52104392 58372072 52118588 49 49
58046516 52685290 58064648 52699484 76 76
57688968 52016315 57707100 52030512 43 43
57365144 52218410 57383276 52232604 53 53
58620495 52704977 58638628 52719172 22 22
58487160 51901505 58505292 51915700 87 87
58304113 51992920 58322244 52007116 57 57
58181355 52822363 58199488 52836560 36 36
58059738 52325245 58077868 52339440 55 55
57331372 52144661 57349504 52158856 2 2
58727450 52773490 58745580 52787684 83 83
57959385 52949594 57977516 52963788 14 14
57482513 52320071 57500644 52334268 61 61
57284402 52839459 57302532 52853656 33 33
57619798 51727664 57637932 51741860 40 40
57219736 52342454 57237868 52356652 73 73
58242592 53082316 58260724 53096512 71 71
57099779 52448386 57117912 52462580 78 78
58025404 52157185 58043536 52171380 60 60
58315410 51900301 58333540 51914496 95 95
57480967 51713260 57499100 51727456 55 55
57744580 52158307 57762712 52172504 18 18
58083903 52404058 58102036 52418252 24 24
57726795 51750668 57744928 51764864 41 41
57913800 52324295 57931932 52338492 36 36
57521703 52971366 57539836 52985564 70 70
57514379 52577664 57532512 52591860 92 92
58109601 52224663 58127732 52238860 27 27
57704843 52565183 57722976 52579380 14 14
58351199 52288390 58369332 52302588 18 18
58581835 52137010 58599968 52151204 87 87
58209308 52330224 58227440 52344420 69 69
57550252 52667590 57568384 52681788 41 41
58068696 51874858 58086828 51889052 43 43
58357254 51893001 58375388 51907196 24 24
57742566 52136429 57760700 52150624 9 9
58255705 52925063 58273836 52939260 80 80
57111813 52961258 57129944 52975452 95 95
58583747 52080437 58601880 52094632 88 88
57847153 52229197 57865284 52243392 11 11
57051112 52362844 57069244 52377040 67 67
57424339 52166719 57442472 52180916 39 39
58153690 52806415 58171820 52820612 37 37
57427823 52108498 57445956 52122692 21 21
58622643 52533782 58640776 52547980 20 20
56995181 52721782 57013312 52735980 75 75
57651795 51825596 57669928 51839792 58 58
56993632 52548892 57011764 52563088 39 39
57690652 52947761 57708784 52961956 95 95
57200609 52091239 57218740 52105436 85 85
58656621 52703921 58674752 52718116 5 5
58450684 52106769 58468816 52120964 6 6
57349965 51978237 57368096 51992432 7 7
58256077 51735442 58274208 51749636 29 29
57285517 52547990 57303648 52562188 13 13
57169794 52449087 57187924 52463284 89 89
58453200 52423683 58471332 52437880 33 33
58082466 52163709 58100596 52177904 31 31
57942253 52008617 57960384 52022812 10 10
58759992 52739589 58778124 52753784 81 81
58319235 52353927 58337368 52368124 60 60
57181758 52508787 57199892 52522984 33 33
57100781 52345036 57118912 52359232 70 70
57606498 52948677 57624628 52962872 9 9
58516399 51701065 58534532 51715260 90 90
57851237 52724848 57869368 52739044 41 41
58692610 52460012 58710740 52474208 65 65
58207249 52047620 58225380 52061816 45 45
58324677 52563719 58342808 52577916 71 71
57060990 51696450 57079124 51710644 32 32
57312198 52904136 57330332 52918332 36 36
57878207 52347137 57896340 52361332 53 53
58163298 52015942 58181428 52030140 20 20
58591278 53034172 58609412 53048368 72 72
58048587 52915613 58066720 52929808 29 29
58701783 52612463 58719916 52626660 9 9
57730868 52961293 57749000 52975488 85 85
58647993 52699550 58666124 52713748 14 14
57357819 52794541 57375952 52808736 31 31
57121175 53004670 57139308 53018868 32 32
58682585 52231818 58700716 52246012 1 1
58335901 52902469 58354032 52916664 41 41
57554396 52528679 57572528 52542876 56 56
57463097 52710039 57481228 52724236 50 50
57545549 52093842 57563680 52108036 54 54
57588536 52748224 57606668 52762420 75 75
58305763 52628768 58323896 52642964 4 4
58335254 52375156 58353388 52389352 71 71
56986945 52670718 57005076 52684916 7 7
58294592 52031090 58312724 52045284 20 20
58655420 51715484 58673552 51729680 85 85
57616133 52293825 57634264 52308020 68 68
57928670 53085544 57946804 53099740 98 98
57921280 51942172 57939412 51956368 44 44
58223052 53041510 58241184 53055708 12 12
57535206 51983349 57553340 51997544 90 90
57252893 52620453 57271024 52634648 23 23
58048664 52919329 58066796 52933524 72 72
57040795 51738242 57058928 51752436 82 82
57892996 52768825 57911128 52783020 24 24
57851079 51707463 57869212 51721660 26 26
57249832 52485000 57267964 52499196 24 24
58263845 53056276 58281976 53070472 70 70
57967445 52146668 57985576 52160864 84 84
57974497 52715326 57992628 52729524 35 35
57039736 52981943 57057868 52996140 49 49
58682653 52369625 58700784 52383820 37 37
57228699 52156871 57246832 52171068 77 77
57186224 51955083 57204356 51969280 84 84
57371664 52673591 57389796 52687788 84 84
58450107 52823563 58468240 52837760 11 11
58015166 52954022 58033300 52968220 60 60
57946655 52879288 57964788 52893484 74 74
57778910 52039892 57797044 52054088 7 7
57476295 52666018 57494428 52680212 7 7
58128271 52459211 58146404 52473408 26 26
58029520 52383695 58047652 52397892 41 41
57987072 53081820 58005204 53096016 51 51
57563650 52637654 57581780 52651852 27 27
57521260 51937913 57539392 51952108 74 74
57381964 52533833 57400096 52548028 10 10
57028653 51748601 57046784 51762796 21 21
57100049 52902752 57118180 52916948 73 73
58026087 52980555 58044220 52994752 65 65
58434194 52342595 58452324 52356792 39 39
58296215 52145173 58314348 52159368 4 4
57648621 52790052 57666752 52804248 49 49
58562014 52201766 58580148 52215964 95 95
57474761 52920997 57492892 52935192 15 15
58040483 52293691 58058616 52307888 84 84
57063205 52507611 57081336 52521808 30 30
57211714 52283278 57229844 52297476 74 74
58237107 52220484 58255240 52234680 38 38
58588052 52287354 58606184 52301548 92 92
57980787 52947764 57998920 52961960 24 24
58686194 52322328 58704324 52336524 62 62
58450155 52913135 58468288 52927332 57 57
57704118 52697513 57722252 52711708 44 44
57451842 52149541 57469972 52163736 2 2
58423463 52643239 58441596 52657436 8 8
58175467 52459901 58193600 52474096 48 48
58180552 52639090 58198684 52653284 29 29
57160029 53046677 57178160 53060872 11 11
58399585 51967240 58417716 51981436 63 63
58067835 52467379 58085968 52481576 98 98
58458780 52820816 58476912 52835012 17 17
57133044 52398614 57151176 52412812 47 47
58211649 51699257 58229780 51713452 28 28
57840223 52222981 57858356 52237176 7 7
57878801 52113936 57896932 52128132 12 12
58349908 52830181 58368040 52844376 15 15
57341653 52513252 57359784 52527448 22 22
57221723 52634312 57239856 52648508 55 55
57070108 52805548 57088240 52819744 87 87
57935485 52919367 57953616 52933564 81 81
57163074 52129007 57181204 52143204 75 75
58388122 52403409 58406252 52417604 69 69
58170279 51836706 58188412 51850900 14 14
