57964652 52521467 58327304 52805380 20.5209 40.3209
58005354 51871025 58368004 52154936 5.63792 25.4379
57082492 52678839 57445144 52962752 40.28 60.08
57068565 52054570 57431216 52338480 40.2499 60.0499
57663000 52668007 58025652 52951920 12.8138 32.6138
57885525 52025490 58248176 52309400 15.2796 35.0796
57434904 52530156 57797556 52814068 35.1524 54.9524
57900306 51733179 58262956 52017092 62.9552 82.7552
58355322 52775179 58717972 53059092 36.1977 55.9977
58287187 52390502 58649840 52674416 4.50443 24.3044
58300534 51797247 58663188 52081160 29.2316 49.0316
57357867 52181661 57720520 52465572 39.1926 58.9926
57723771 52174042 58086424 52457952 77.4514 97.2514
57377157 51766775 57739808 52050688 43.337 63.137
57573874 51798442 57936524 52082352 8.27314 28.0731
57097751 52134282 57460404 52418192 24.7255 44.5255
57828316 52562950 58190968 52846864 4.44173 24.2417
57128151 51733395 57490804 52017308 16.0649 35.8649
57689255 52341963 58051908 52625876 31.2461 51.0461
57111234 51695418 57473884 51979328 7.33054 27.1305
57596402 52650139 57959052 52934052 37.6988 57.4988
57666090 52201008 58028740 52484920 21.0976 40.8976
57052979 52085244 57415632 52369156 58.2088 78.0088
57568403 51738288 57931056 52022200 49.2217 69.0217
57047930 51761857 57410580 52045768 48.5115 68.3115
57482729 52399545 57845380 52683456 64.4532 84.2532
58165838 52478511 58528492 52762424 47.0597 66.8597
57555537 52045965 57918188 52329876 48.2046 68.0046
57551071 52309739 57913724 52593652 36.3477 56.1477
57100804 51751291 57463456 52035204 75.501 95.301
57210411 52281213 57573064 52565124 10.6375 30.4375
57416533 52480377 57779184 52764288 30.278 50.078
57296511 52523533 57659164 52807444 30.2606 50.0606
58406029 52298051 58768680 52581964 30.8652 50.6652
57342348 52175707 57705000 52459620 71.3417 91.1417
57957489 52006074 58320140 52289984 4.10374 23.9037
57993136 52145330 58355788 52429240 62.0311 81.8311
57579319 52305197 57941972 52589108 12.0762 31.8762
57373709 52522577 57736360 52806488 55.5941 75.3941
58161529 52781181 58524180 53065092 10.1827 29.9827
57758662 52653076 58121316 52936988 16.7462 36.5462
57488232 52252714 57850884 52536624 73.9164 93.7164
58323383 52105930 58686036 52389840 43.4858 63.2858
58374497 52703971 58737148 52987884 79.1059 98.9059
57183408 51873019 57546060 52156932 66.7137 86.5137
57655094 52013489 58017748 52297400 71.7824 91.5824
57866606 52441227 58229260 52725140 39.8373 59.6373
57218247 51778590 57580900 52062504 53.5203 73.3203
57311359 52360946 57674012 52644856 28.6963 48.4963
57407186 52589664 57769836 52873576 47.2114 67.0114
57046862 52463886 57409516 52747800 44.7961 64.5961
58299981 51855765 58662632 52139676 78.1492 97.9492
58096104 52405673 58458756 52689584 19.5682 39.3682
57633940 52244778 57996592 52528688 55.0621 74.8621
57239255 52577699 57601908 52861612 25.8525 45.6525
57247793 52361341 57610444 52645252 57.6509 77.4509
58164873 52312455 58527524 52596368 6.9105 26.7105
58277718 52091117 58640372 52375028 28.4911 48.2911
56979078 52087465 57341732 52371376 32.1973 51.9973
58336505 51765836 58699156 52049748 62.9768 82.7768
58386813 52370818 58749464 52654728 27.3306 47.1306
57363002 52216065 57725652 52499976 53.2961 73.0961
58012711 52112643 58375364 52396556 31.7515 51.5515
58346523 51765652 58709176 52049564 22.5573 42.3573
57749768 51817314 58112420 52101224 4.97875 24.7788
57445296 52747060 57807948 53030972 51.3575 71.1575
57820498 52633854 58183148 52917768 33.9973 53.7973
56989895 51953715 57352548 52237628 15.9293 35.7293
57005997 52464687 57368648 52748600 36.8296 56.6296
57672416 52721788 58035068 53005700 23.4924 43.2924
57272064 52728215 57634716 53012128 64.3002 84.1002
57444108 52291641 57806760 52575552 46.1994 65.9994
57248765 52008954 57611416 52292864 71.7064 91.5064
58297235 52316773 58659888 52600684 55.5069 75.3069
57369571 51951509 57732224 52235420 46.107 65.907
57245512 52279478 57608164 52563392 59.6204 79.4204
57744828 52495734 58107480 52779648 67.6293 87.4293
57978650 52209586 58341300 52493496 29.7713 49.5713
57922587 52679437 58285240 52963348 77.7665 97.5665
57317900 52312158 57680552 52596072 32.3113 52.1113
57452278 52014619 57814932 52298532 17.817 37.617
58395172 52581394 58757824 52865304 28.4798 48.2798
57975260 51914172 58337912 52198084 64.2488 84.0488
57903923 51871474 58266576 52155384 63.4922 83.2922
57059628 51893126 57422280 52177040 31.6721 51.4721
58340195 51738393 58702848 52022304 72.841 92.641
57929428 52112787 58292080 52396700 6.04962 25.8496
57014787 52510330 57377440 52794240 54.8086 74.6086
58347183 52230670 58709836 52514584 9.00895 28.809
57841701 52787153 58204352 53071064 10.648 30.448
57450125 52031988 57812776 52315900 11.9026 31.7026
57396481 51761874 57759132 52045784 20.1032 39.9032
57208447 52550531 57571100 52834444 8.34594 28.1459
57328634 52529561 57691284 52813472 38.9823 58.7823
57675553 51795304 58038204 52079216 22.7696 42.5696
57836185 52753562 58198836 53037472 74.4865 94.2865
57420501 51939521 57783152 52223432 66.0905 85.8905
57536814 52589006 57899468 52872920 79.1791 98.9791
58197608 52715138 58560260 52999048 51.4815 71.2815
57980867 51950686 58343520 52234600 16.8274 36.6274
57846823 52497253 58209476 52781164 29.3091 49.1091
57497441 51979852 57860092 52263764 71.0268 90.8268
57992106 52156456 58354756 52440368 30.78 50.58
57824109 52244550 58186760 52528464 7.87507 27.6751
57455359 51728989 57818012 52012900 57.8189 77.6189
58135930 52027612 58498580 52311524 17.7185 37.5185
58090635 52628428 58453288 52912340 76.9943 96.7943
57494202 52059612 57856852 52343524 73.2755 93.0755
57940558 52024046 58303212 52307960 6.73355 26.5336
57738902 52355767 58101556 52639680 13.3348 33.1348
57822411 52588946 58185064 52872856 16.5905 36.3905
58073263 51906286 58435916 52190200 62.9177 82.7177
57008015 52355509 57370668 52639420 49.9962 69.7962
57340345 51883230 57702996 52167144 13.4747 33.2747
57095561 51840736 57458212 52124648 43.4456 63.2456
57806482 52424877 58169132 52708788 43.7809 63.5809
57342001 52555610 57704652 52839520 54.7216 74.5216
57839510 52703378 58202164 52987288 63.3174 83.1174
57558322 52546593 57920972 52830504 42.1767 61.9767
57010295 52633133 57372948 52917044 30.9086 50.7086
57059719 51809557 57422372 52093468 9.56108 29.3611
57586622 52696342 57949276 52980256 47.2367 67.0367
58417385 51979128 58780036 52263040 54.2387 74.0387
57474528 52796936 57837180 53080848 19.913 39.713
57417791 52589608 57780444 52873520 29.8419 49.6419
57759940 52591814 58122592 52875728 58.195 77.995
57051232 52765646 57413884 53049560 49.6587 69.4587
58043273 52232191 58405924 52516104 19.7235 39.5235
57208887 51911144 57571540 52195056 17.9686 37.7686
58404249 51685725 58766900 51969636 44.2755 64.0755
57095632 51850792 57458284 52134704 16.2716 36.0716
57053654 52071681 57416308 52355592 41.4659 61.2659
58205657 52645450 58568308 52929360 31.4852 51.2852
58072445 51801446 58435096 52085360 26.7096 46.5096
58093403 52345740 58456056 52629652 4.41406 24.2141
57561103 52093696 57923756 52377608 79.6176 99.4176
57634066 52498807 57996716 52782720 2.83869 22.6387
57382224 52262392 57744876 52546304 18.0717 37.8717
57322370 51774751 57685020 52058664 9.59203 29.392
57824962 52485813 58187612 52769724 42.3334 62.1334
57608202 51702077 57970852 51985988 19.8305 39.6305
58109778 52587493 58472428 52871404 68.4738 88.2738
58382252 51972115 58744904 52256028 40.1811 59.9811
57863540 52799939 58226192 53083852 35.5484 55.3484
58367180 51891445 58729832 52175356 17.4506 37.2506
57375343 52798015 57737996 53081928 27.3331 47.1331
57760391 51732652 58123044 52016564 60.377 80.177
56985710 51852937 57348364 52136848 10.9039 30.7039
57036539 51921654 57399192 52205568 20.4312 40.2312
58228563 52789120 58591216 53073032 52.9355 72.7355
57366000 51998751 57728652 52282664 8.52555 28.3256
57167136 51975558 57529788 52259472 4.56235 24.3624
57913721 52597448 58276372 52881360 29.0826 48.8826
57286611 51902956 57649264 52186868 6.5251 26.3251
58091438 52128383 58454092 52412296 64.6028 84.4028
58132606 51936227 58495260 52220140 25.1576 44.9576
57927418 52235508 58290068 52519420 73.1844 92.9844
57222232 51851279 57584884 52135192 31.3421 51.1421
57675599 52468578 58038252 52752488 76.754 96.554
57475705 52057956 57838356 52341868 38.3888 58.1888
57456701 51771468 57819352 52055380 18.722 38.522
57736808 51763630 58099460 52047544 3.42518 23.2252
57799582 52423328 58162236 52707240 12.9642 32.7642
58280580 52468904 58643232 52752816 49.2242 69.0242
58231548 52005527 58594200 52289440 8.11489 27.9149
57910562 51709625 58273212 51993536 23.8502 43.6502
58166542 52005585 58529196 52289496 73.8477 93.6477
58205541 52573779 58568192 52857692 3.54624 23.3462
56981769 51736006 57344420 52019920 65.6173 85.4173
57741391 51868989 58104044 52152900 62.653 82.453
57838064 52626622 58200716 52910536 33.9867 53.7867
57309893 51783874 57672544 52067784 30.0489 49.8489
58147157 52489759 58509808 52773672 68.7134 88.5134
57402893 52775799 57765544 53059712 79.3612 99.1612
57679057 52636982 58041708 52920896 48.9407 68.7407
58056902 52281959 58419556 52565872 23.5025 43.3026
57483759 51690309 57846412 51974220 77.9798 97.7798
57007834 52047533 57370484 52331444 16.1495 35.9495
57230113 52415099 57592764 52699012 24.3156 44.1156
57617036 51909708 57979688 52193620 54.3092 74.1092
58234380 52746361 58597032 53030272 49.2659 69.0659
57754906 51874542 58117556 52158456 45.3113 65.1113
58084166 51858297 58446820 52142208 47.0076 66.8076
58115182 52476638 58477836 52760552 32.8375 52.6375
57564466 52814087 57927116 53098000 10.3261 30.1261
57546044 52194075 57908696 52477988 71.6763 91.4763
57764511 52019161 58127164 52303072 53.0454 72.8454
57984498 51719900 58347148 52003812 8.61804 28.418
57592911 52586936 57955564 52870848 46.9362 66.7362
58145852 52039579 58508504 52323492 7.15389 26.9539
57240413 52724275 57603064 53008188 35.4599 55.2599
57071711 52471898 57434364 52755808 72.3761 92.1761
58133918 52471959 58496572 52755872 40.1278 59.9278
57162625 52369802 57525276 52653712 60.4792 80.2792
58362205 51815895 58724856 52099808 52.8544 72.6544
57777076 52255129 58139728 52539040 44.3684 64.1684
58056217 52592179 58418868 52876092 68.4715 88.2715
58345470 52041160 58708124 52325072 10.0112 29.8112
57564448 52615216 57927100 52899128 29.9339 49.7339
57433338 52096277 57795988 52380188 15.4569 35.2569
57000292 51833146 57362944 52117056 76.8332 96.6332
58249103 52769651 58611756 53053564 10.4496 30.2496
57753136 52749073 58115788 53032984 33.355 53.155
57540051 52564894 57902704 52848808 26.2627 46.0627
58300556 52201445 58663208 52485356 47.5339 67.3339
58427781 52626396 58790432 52910308 17.3094 37.1094
58408530 52167632 58771180 52451544 6.69173 26.4917
57298548 51981791 57661200 52265704 44.0606 63.8606
57436776 52433613 57799428 52717524 15.7656 35.5656
57032624 51997604 57395276 52281516 53.9223 73.7223
58176321 52036319 58538972 52320232 25.84 45.64
58038256 52504650 58400908 52788560 36.9846 56.7846
57130698 52472189 57493348 52756100 54.4672 74.2672
58276231 52100954 58638884 52384864 13.4956 33.2956
57668131 52184791 58030784 52468704 36.7072 56.5072
57344057 52746316 57706708 53030228 54.2282 74.0282
57279953 52012047 57642604 52295960 56.5347 76.3347
57405006 52603116 57767660 52887028 17.4723 37.2723
57540927 52298829 57903580 52582740 53.4589 73.2589
57445302 51989845 57807956 52273756 52.0308 71.8308
57959110 52059917 58321764 52343828 48.9418 68.7418
57036838 52414883 57399492 52698796 78.6519 98.4519
57673990 52708208 58036644 52992120 5.53702 25.337
58391094 52620381 58753748 52904292 76.7251 96.5251
57922762 51702769 58285412 51986680 13.8951 33.6951
57653790 52359756 58016444 52643668 76.9016 96.7016
57791154 51756754 58153804 52040664 53.5131 73.3131
57370371 51965755 57733024 52249668 30.2008 50.0008
58352188 52196001 58714840 52479912 26.5762 46.3762
58094976 52257756 58457628 52541668 12.373 32.173
57647350 52564504 58010004 52848416 62.2482 82.0482
57890105 52144438 58252756 52428352 14.4351 34.2351
57193729 52097900 57556380 52381812 65.3832 85.1832
57784551 52355528 58147204 52639440 10.8476 30.6476
58181920 52677265 58544572 52961176 64.0908 83.8908
57665692 52459603 58028344 52743516 36.047 55.847
57093549 52659628 57456200 52943540 79.4254 99.2254
57038697 52626537 57401348 52910448 43.5178 63.3178
57229585 52672810 57592236 52956720 18.9849 38.7849
58125578 52400142 58488228 52684056 32.1923 51.9923
58331288 52150309 58693940 52434220 26.2622 46.0622
57860248 52263353 58222900 52547264 55.6348 75.4348
57508079 52452455 57870732 52736368 79.0946 98.8946
57100606 52384853 57463260 52668764 48.9087 68.7087
57078735 52451741 57441388 52735652 58.773 78.573
57805725 52059924 58168376 52343836 65.1945 84.9945
57339705 52272925 57702356 52556836 51.8016 71.6016
58291733 52270872 58654384 52554784 14.9288 34.7288
58188201 51865414 58550852 52149328 30.2486 50.0486
56999937 51686067 57362588 51969980 21.4199 41.2199
58096035 52026401 58458688 52310312 39.4735 59.2735
57513701 52127898 57876352 52411808 33.1512 52.9512
57620878 52736129 57983532 53020040 51.505 71.305
57398318 52605228 57760972 52889140 28.4717 48.2717
57339554 52699746 57702204 52983656 61.7766 81.5766
57532022 51904019 57894676 52187932 3.91469 23.7147
57466727 52044133 57829380 52328044 71.1876 90.9876
57957410 52071891 58320060 52355804 78.5085 98.3085
57353743 52283736 57716396 52567648 54.0782 73.8782
57623189 52043753 57985840 52327664 23.4727 43.2727
57247337 51953870 57609988 52237784 29.6651 49.4651
57754038 51760156 58116692 52044068 53.7036 73.5036
57747472 51937739 58110124 52221652 59.4232 79.2232
58301870 51779566 58664524 52063480 62.6072 82.4072
57323168 51958373 57685820 52242284 73.1031 92.9031
58324392 52359956 58687044 52643868 44.2018 64.0018
57049329 52625482 57411980 52909392 22.5502 42.3502
57108008 52582661 57470660 52866572 6.37371 26.1737
58234255 52080045 58596908 52363956 38.1901 57.9901
57513814 52067201 57876468 52351112 9.18441 28.9844
58403369 52166284 58766020 52450196 57.3488 77.1488
58170216 51709168 58532868 51993080 1.94564 21.7456
58289881 52398571 58652532 52682484 75.0096 94.8096
57249742 52759838 57612396 53043752 17.8354 37.6354
58074200 52359388 58436852 52643300 38.7316 58.5316
58228600 51993133 58591252 52277044 16.0713 35.8713
57090654 52024722 57453308 52308632 64.649 84.449
57065947 51922128 57428600 52206040 27.2663 47.0663
58283425 52273428 58646076 52557340 78.2519 98.0519
57336847 52139086 57699500 52423000 37.8546 57.6546
57415168 52671498 57777820 52955408 6.69417 26.4942
58186410 51929507 58549060 52213420 23.2442 43.0442
58143574 52642982 58506228 52926896 42.456 62.256
57930127 52458335 58292780 52742248 13.6345 33.4345
57374289 52311484 57736940 52595396 15.8513 35.6513
57696116 52083740 58058768 52367652 30.6831 50.4831
57999618 51996329 58362268 52280240 10.4447 30.2447
58181423 52437555 58544076 52721468 56.9235 76.7235
57178240 52660876 57540892 52944788 39.6282 59.4282
57674918 52131592 58037572 52415504 60.237 80.037
58008719 52373270 58371372 52657184 63.0224 82.8224
57264193 52494379 57626844 52778292 56.6496 76.4496
57668570 52599249 58031220 52883160 14.6221 34.4221
57948620 51780216 58311272 52064128 24.9632 44.7632
57120286 52432302 57482940 52716216 72.08 91.88
57837843 52546321 58200496 52830232 47.6756 67.4756
57096465 51690760 57459116 51974672 16.952 36.752
57276586 51930465 57639236 52214376 60.6594 80.4594
57058203 51894022 57420856 52177936 54.3713 74.1713
57698159 52019130 58060812 52303040 6.67806 26.4781
57096880 52663232 57459532 52947144 34.564 54.364
57273012 52078983 57635664 52362896 15.9779 35.7779
57376070 52537075 57738724 52820988 2.46555 22.2656
57860610 52522452 58223260 52806364 18.4364 38.2364
57813587 51949552 58176240 52233464 50.126 69.926
57473877 52671058 57836528 52954968 38.0658 57.8658
57499981 52712545 57862632 52996456 74.5272 94.3272
58005141 52415941 58367792 52699852 37.1592 56.9592
57892519 52047547 58255172 52331460 60.0282 79.8282
57610215 52184514 57972868 52468424 61.9859 81.7859
57782891 52160976 58145544 52444888 1.68714 21.4871
57132476 51843479 57495128 52127392 72.8259 92.6259
57133196 52627860 57495848 52911772 59.0465 78.8465
58358525 52080867 58721176 52364780 3.80488 23.6049
58002063 52113683 58364716 52397596 27.5356 47.3356
57318602 52232839 57681252 52516752 66.8899 86.6899
57292072 51703642 57654724 51987552 42.751 62.551
58086766 51988751 58449420 52272664 23.7635 43.5635
57412805 52707285 57775456 52991196 67.8509 87.6509
57779534 52566046 58142188 52849960 3.64158 23.4416
56983257 52027313 57345908 52311224 50.7724 70.5724
58363797 51781564 58726448 52065476 11.6658 31.4658
56998218 52667349 57360868 52951260 23.1713 42.9713
57602023 52180717 57964676 52464628 47.3111 67.1111
57387302 52703857 57749956 52987768 30.8482 50.6482
57354845 52728477 57717496 53012388 44.8627 64.6627
58365084 51982464 58727736 52266376 35.8301 55.6301
57043181 52758549 57405832 53042460 21.7026 41.5026
57447429 51897482 57810080 52181392 62.1394 81.9394
58208019 51908737 58570672 52192648 1.51192 21.3119
57409721 51966045 57772372 52249956 3.89819 23.6982
57215293 51954652 57577944 52238564 54.2622 74.0622
57327648 52243780 57690300 52527692 58.7819 78.5819
57287532 52565554 57650184 52849464 79.1229 98.9229
58243370 52637474 58606020 52921384 72.5215 92.3215
58130133 52739781 58492784 53023692 69.1038 88.9038
57444289 52725098 57806940 53009008 26.7356 46.5356
58159010 52501018 58521660 52784928 48.5441 68.3441
57808133 52800689 58170784 53084600 62.8885 82.6885
57899456 51717581 58262108 52001492 49.5969 69.3969
57287719 52024698 57650372 52308608 19.0553 38.8553
57371091 51942423 57733744 52226336 53.1509 72.9509
58304636 52780566 58667288 53064480 15.7095 35.5095
57608163 52090752 57970816 52374664 72.5777 92.3777
57255473 52542338 57618124 52826248 40.5602 60.3602
58271219 52308414 58633872 52592328 32.9927 52.7927
58360614 51952507 58723268 52236420 8.96515 28.7652
56980405 52631108 57343056 52915020 37.8284 57.6284
58141151 52405858 58503804 52689768 35.546 55.346
57333754 52301247 57696404 52585160 19.3687 39.1687
57668852 52064888 58031504 52348800 70.1383 89.9383
58294377 52027816 58657028 52311728 61.2271 81.0271
57960739 52302284 58323392 52586196 2.30092 22.1009
58139346 52750690 58501996 53034600 73.9311 93.7311
58004208 52748799 58366860 53032712 66.8288 86.6288
57372529 52155067 57735180 52438980 29.8421 49.6421
57214431 52055626 57577084 52339536 66.0339 85.8339
57732210 52723180 58094860 53007092 4.23404 24.034
58133722 51853528 58496372 52137440 22.5453 42.3453
58296299 51919156 58658952 52203068 53.307 73.107
57407258 52050816 57769908 52334728 18.8311 38.6311
58207425 52518276 58570076 52802188 30.8158 50.6158
58033479 52457754 58396132 52741664 14.7233 34.5233
57828345 52443719 58190996 52727632 76.9354 96.7354
58167371 52236774 58530024 52520688 39.9752 59.7752
58273225 52778115 58635876 53062028 52.564 72.364
57848028 51731291 58210680 52015204 56.0057 75.8057
58216572 52436854 58579224 52720768 44.4359 64.2359
57659253 52319589 58021904 52603500 47.3988 67.1988
57272019 52470424 57634672 52754336 47.5828 67.3828
57119002 51815472 57481652 52099384 43.9848 63.7848
58368423 51832278 58731076 52116192 26.0602 45.8602
57920072 52780473 58282724 53064384 74.5598 94.3598
57693861 52377870 58056512 52661784 27.7931 47.5931
57727854 52168070 58090508 52451984 5.93784 25.7378
58300114 51874976 58662764 52158888 78.1542 97.9542
57210557 52137691 57573208 52421604 70.4349 90.2349
57292987 52090288 57655640 52374200 67.9451 87.7451
57099796 52694563 57462448 52978476 30.3132 50.1132
58059952 52415783 58422604 52699696 21.6852 41.4852
57628592 51858917 57991244 52142828 30.8298 50.6298
57947761 52568666 58310412 52852576 28.6852 48.4852
58291134 52618771 58653788 52902684 24.8787 44.6787
57598749 52615239 57961400 52899152 20.711 40.511
57032542 52530775 57395196 52814688 41.5134 61.3134
58211998 52268776 58574652 52552688 42.3146 62.1146
57445656 52328483 57808308 52612396 63.5567 83.3567
57871739 51947087 58234392 52231000 10.8737 30.6737
57936530 52178458 58299180 52462368 75.4995 95.2995
57610966 52044205 57973620 52328116 42.3794 62.1794
57356019 51821139 57718672 52105052 72.6205 92.4205
57866764 51850317 58229416 52134228 26.6539 46.4539
57472010 51845063 57834660 52128976 42.0954 61.8954
57227826 52607304 57590476 52891216 75.4682 95.2682
57657684 52613199 58020336 52897112 52.9079 72.7079
57643029 52430213 58005680 52714124 42.9895 62.7895
57886987 52018025 58249640 52301936 20.0771 39.8771
57809572 52560774 58172224 52844688 7.57626 27.3763
57199344 52568204 57561996 52852116 60.5229 80.3229
58188747 52663628 58551400 52947540 37.3159 57.1159
56985811 52526001 57348464 52809912 15.1379 34.9379
58083931 52274517 58446584 52558428 65.5737 85.3737
57929627 52085627 58292280 52369540 77.2836 97.0836
57465560 51894403 57828212 52178316 3.62733 23.4273
58266093 52449853 58628744 52733764 49.7979 69.5979
58180466 51939007 58543116 52222920 72.9333 92.7333
57080780 51716653 57443432 52000564 41.3875 61.1875
57508698 52251172 57871348 52535084 4.59557 24.3956
58329194 51692259 58691844 51976172 80.1025 99.9025
57621362 52200807 57984012 52484720 38.6216 58.4216
57060433 52238524 57423084 52522436 61.238 81.038
57562813 51981533 57925464 52265444 19.3815 39.1815
57790336 52356154 58152988 52640064 49.5372 69.3372
57013436 52000118 57376088 52284032 46.7838 66.5838
57304053 51886319 57666704 52170232 31.8324 51.6324
58124631 51700131 58487284 51984044 44.1962 63.9962
57808552 52054503 58171204 52338416 26.9899 46.7899
57089289 52445999 57451940 52729912 42.7702 62.5702
57453856 52043722 57816508 52327632 51.8107 71.6107
57225396 52465494 57588048 52749408 79.0109 98.8109
57630152 51828409 57992804 52112320 9.35012 29.1501
57268667 52528612 57631320 52812524 51.849 71.649
58215672 52475827 58578324 52759740 73.7614 93.5614
57471872 51845808 57834524 52129720 68.5827 88.3827
57596200 52712187 57958852 52996100 29.5812 49.3812
57225638 52584965 57588292 52868876 40.2646 60.0646
57618493 52238527 57981144 52522440 12.8225 32.6225
58233739 51994620 58596392 52278532 45.532 65.332
57267559 52758190 57630212 53042104 18.1693 37.9693
56985176 51994243 57347828 52278156 38.8574 58.6574
57147324 51846219 57509976 52130132 75.3121 95.1121
57169716 52021684 57532368 52305596 3.2713 23.0713
58424098 51990204 58786748 52274116 25.7087 45.5087
58103569 52168095 58466220 52452008 31.9078 51.7078
58146879 52766965 58509532 53050876 34.0961 53.8961
57206732 52282592 57569384 52566504 50.4715 70.2715
57078872 52120313 57441524 52404224 75.7672 95.5672
57273980 52327470 57636632 52611384 51.1708 70.9708
58323344 52350283 58685996 52634196 60.4777 80.2777
58350080 52198217 58712732 52482128 72.9906 92.7906
57732914 52402768 58095564 52686680 57.731 77.531
57412782 52397510 57775436 52681424 15.7371 35.5371
57975086 52481180 58337740 52765092 26.5902 46.3902
58189461 52204982 58552112 52488896 58.6276 78.4276
58091934 51899723 58454588 52183636 79.433 99.233
57416458 51768929 57779108 52052840 11.0389 30.8389
57902941 51816453 58265592 52100364 64.6414 84.4414
57746548 52427489 58109200 52711400 28.6305 48.4305
57059155 52107442 57421808 52391352 23.9764 43.7764
57767811 52352882 58130464 52636792 51.8898 71.6898
58077211 51688710 58439864 51972624 31.9816 51.7816
57189494 52531823 57552148 52815736 32.8018 52.6018
57704433 52334599 58067084 52618512 45.9995 65.7995
57959084 51890071 58321736 52173984 73.7362 93.5362
57855221 52496895 58217872 52780808 27.1944 46.9944
58011633 51804507 58374284 52088420 13.1555 32.9555
57225945 51864203 57588596 52148116 21.284 41.084
57855067 52082591 58217720 52366504 44.4024 64.2024
57396209 52798463 57758860 53082376 18.2427 38.0427
56997433 52815935 57360084 53099848 19.1743 38.9743
57524418 52473420 57887068 52757332 55.4545 75.2545
57431249 51907379 57793900 52191292 22.9955 42.7955
57440685 52632791 57803336 52916704 52.8686 72.6686
57283584 52672302 57646236 52956216 41.9824 61.7824
58086104 52551662 58448756 52835576 49.8448 69.6448
57789048 52192435 58151700 52476348 32.3519 52.1519
57214425 52221385 57577076 52505296 37.9752 57.7752
57056385 51940390 57419036 52224304 13.682 33.482
57284034 52007609 57646684 52291520 68.8429 88.6429
57527479 51968373 57890132 52252284 75.9357 95.7357
57381323 52324622 57743976 52608536 57.3509 77.1509
57928533 52674172 58291184 52958084 19.2196 39.0196
57826414 52596099 58189068 52880012 56.4788 76.2788
57807417 51766631 58170068 52050544 16.3187 36.1187
57305527 51857081 57668180 52140992 35.5669 55.3669
57435267 51948736 57797920 52232648 34.2564 54.0564
57777771 52141216 58140424 52425128 52.026 71.826
58073193 52568179 58435844 52852092 23.7172 43.5172
57374842 51703038 57737492 51986952 26.5604 46.3604
58338205 52255207 58700856 52539120 4.33213 24.1321
57136649 52623492 57499300 52907404 67.1221 86.9221
57178492 51691650 57541144 51975560 57.9118 77.7118
58083129 52579992 58445780 52863904 40.1032 59.9032
57676378 52546884 58039028 52830796 36.6957 56.4957
57205138 51799603 57567788 52083516 13.6255 33.4255
57281993 52287892 57644644 52571804 56.287 76.087
57755789 51889147 58118440 52173060 67.0358 86.8358
57424458 51906937 57787108 52190848 76.7557 96.5557
57165656 52754540 57528308 53038452 20.0494 39.8494
58256095 52140704 58618748 52424616 24.9593 44.7593
57221905 52347694 57584556 52631608 29.4598 49.2598
58103985 51908336 58466636 52192248 9.80544 29.6054
57862282 52169375 58224932 52453288 47.1916 66.9916
57817983 51836490 58180636 52120400 37.0869 56.8869
57419347 51912674 57782000 52196584 18.4737 38.2737
58040295 52117669 58402948 52401580 22.1968 41.9968
58183947 51825477 58546600 52109388 50.0083 69.8083
58087318 52723811 58449972 53007724 9.0833 28.8833
57501920 52812470 57864572 53096384 20.9038 40.7038
57919752 52416267 58282404 52700180 26.5127 46.3127
