Test #1


Test #2
1246 1395 1459 1482 1587 1696 1729 1757 1819 1939 2027 2182 

Test #3
1915 

Test #4
1053 1211 

Test #5
121 135 638 957 1153 1246 1291 1320 1337 1375 1386 1407 1409 1430 1434 1474 1486 1489 1549 1585 

Test #6
319 635 1076 1087 1268 1290 1326 1335 1338 1472 1513 1527 1546 1575 1610 1624 1648 1658 1702 1761 1855 1868 

Test #7
1704 1881 2230 2288 2301 2352 2376 2483 2490 2494 2507 2529 2539 2547 2595 2625 2636 2640 2674 2675 2693 2703 2738 

Test #8


Test #9
1 24 25 58 70 106 174 213 228 234 280 282 336 360 368 397 405 421 456 474 525 549 558 559 592 593 623 627 628 638 668 697 726 738 751 771 772 779 820 836 837 841 842 847 862 885 889 926 933 939 944 954 971 981 983 987 994 1045 1047 1052 1055 1058 1064 1067 1078 1080 1081 1084 1090 1094 1096 1103 1104 1106 1115 1116 1131 1132 1140 1142 1143 1151 1156 1162 1166 1172 1178 1199 1201 1215 1223 1265 1273 1289 1290 1292 1295 1303 

Test #10
370 676 861 936 1340 1417 1451 1458 1475 1538 1580 1632 1643 1653 1688 1705 1706 1709 1735 1757 1772 1774 1794 1795 1807 1809 1810 1812 1817 1854 1867 1883 1937 1948 1968 

Test #11


Test #12
1553 1778 2072 2530 2531 2539 2559 2585 2606 2627 2647 2655 

Test #13
13 29 39 90 112 171 205 244 386 389 422 461 533 607 795 796 804 960 1054 1083 1085 1165 1204 1241 1244 1257 1266 1305 1315 1333 1339 1351 1401 

Test #14


Test #15
45 103 111 113 116 136 222 251 326 365 502 508 514 529 533 547 616 635 652 681 752 793 802 961 971 998 1018 1023 1077 1087 1096 1104 1107 1108 1122 1125 1138 1151 1153 1157 1170 1173 1183 1184 1195 1205 1207 1217 1228 1229 1308 

Test #16
898 

Test #17
319 635 1130 1268 1335 1338 1527 1570 1575 1610 1624 1647 1648 1736 1756 1761 1773 1837 1855 2007 

Test #18


Test #19


Test #20


Test #21
319 1028 1432 1452 1931 1965 1969 2048 2086 2093 2109 2115 2119 2124 2141 2168 2290 

Test #22


Test #23


Test #24
243 643 802 969 983 1026 1027 1124 1128 1233 1264 1311 1340 1362 1447 1593 1602 1603 1657 1712 1717 1836 1856 1869 1928 1932 1941 2004 2064 2081 2092 2180 2215 2257 2264 2267 2272 2273 2276 2282 2283 2286 2299 2306 2311 2317 2319 2321 2339 2343 2344 2347 2349 2353 2356 2359 2374 2392 2396 2399 2406 2419 2421 2422 2435 2441 2444 2446 2460 2461 2463 2471 2485 2486 2489 2496 2506 2511 2512 2513 2518 2532 2533 2538 2550 2552 2554 2558 2562 2564 2568 2575 2582 2583 2590 2597 2614 2616 2622 2637 2645 2664 

Test #25
1459 1729 1819 

Test #26


Test #27


Test #28
1426 2286 2363 2383 2403 2420 2471 2477 2500 2519 2570 2571 2596 2643 2668 

Test #29
469 903 1074 1432 1589 1619 1759 1795 1823 1835 1844 1901 1915 1916 2022 2046 2063 2071 2083 2098 2099 2105 2107 2109 2114 2116 2119 2143 2167 2168 2169 2174 2178 2189 2199 2201 2209 2218 2221 2224 2227 2273 2311 2317 2322 2339 

Test #30
135 405 414 883 957 1115 1153 1177 1199 1284 1296 1316 1325 1375 1386 1407 1409 1434 

Test #31
1074 1096 1242 1322 1446 1473 1522 1533 1548 1553 1559 1565 1572 1611 1620 1640 1653 1712 1727 1728 

Test #32
432 442 542 1376 

Test #33


Test #34


Test #35


Test #36


Test #37
4 475 708 1074 

Test #38
1070 1279 1329 1652 1820 1888 1913 1939 1960 1964 2076 2103 2106 2113 2212 2279 2309 2323 2337 2350 2367 2387 2404 2409 2417 2449 2466 2521 2537 

Test #39


Test #40


Test #41
643 1155 1208 1304 1325 1451 1456 1467 1468 1470 1471 1475 1500 1501 1506 1521 1547 1549 1588 1594 1600 1613 1635 1670 1691 1726 1729 

Test #42
98 1258 1431 1813 2115 2390 2468 

Test #43


Test #44
156 302 370 593 676 694 792 840 936 1032 1200 1412 1556 1585 1603 1688 1722 1771 1797 1820 1851 1854 1865 1871 1888 1907 1918 1919 1926 1928 1929 1935 1947 1960 1964 1966 1973 1976 1978 1984 1985 1989 1990 1995 2005 2019 2026 2031 2035 2036 2039 2042 2045 2050 2061 2062 2076 2096 2097 2101 2108 2110 2137 2147 2151 2152 2155 2160 2176 2183 2203 2216 2267 2270 2274 2279 

Test #45
58 1561 

Test #46


Test #47


Test #48
806 1246 1696 2470 

Test #49
469 903 1074 1432 1589 1619 1709 1759 1795 1823 1835 1844 1901 2022 2046 2052 2063 2071 2082 2083 2084 2098 2099 2105 2109 2114 2116 2119 2138 2143 2167 2168 2169 2170 2174 2178 2186 2189 2199 2201 2209 2218 2221 2224 2227 2273 

Test #50
18 215 379 409 531 609 642 750 816 823 834 933 937 953 1006 1019 1022 1047 1145 1152 1174 1191 1203 1208 1224 1242 1250 1252 1261 1280 1288 1295 1307 1310 1323 1330 1345 1353 1372 1396 1406 1435 1442 1458 1472 1478 1482 1494 1518 1552 1558 

Test #51
50 148 177 203 208 290 295 302 442 443 492 542 568 599 609 623 633 646 753 778 794 808 810 811 875 880 890 966 1010 

Test #52


Test #53
68 133 349 679 806 872 

Test #54


Test #55
1747 2234 2472 

Test #56


Test #57


Test #58
331 816 1352 1566 1695 1840 1872 1885 1917 1949 1994 2007 2040 2052 2067 2107 2169 2173 2205 2225 2235 2243 2245 2269 2280 2282 2292 2320 2327 2344 2369 2382 

Test #59


Test #60
331 816 1352 1695 1779 1871 1878 1885 1891 1917 1949 1994 2000 2003 2007 2040 2052 2067 2098 2107 2173 2213 2225 2235 2243 2245 2255 2269 2280 2282 2342 2344 2411 2431 

Test #61
1246 1459 1587 1696 1729 1819 1820 1939 2182 2234 

Test #62
957 1386 1407 1434 

Test #63


Test #64
1778 1862 1873 1889 1896 1947 1974 1992 2023 2146 2161 2163 2177 2180 2211 

Test #65
960 1204 1431 1624 

Test #66


Test #67
676 694 792 936 1241 1308 1602 1603 1688 1714 1735 1851 1866 1879 1888 1912 1919 1922 1928 1935 1943 1945 1968 1976 1990 2011 2012 2017 2019 2026 2036 2061 2078 2087 2096 2102 2134 2137 2147 2158 2171 2176 2184 2185 2187 2188 2195 2197 2204 2207 2210 2216 2223 2228 2251 2262 2264 2267 2268 2271 2274 2300 2302 2308 2310 2314 2324 2338 2343 2384 

Test #68


Test #69


Test #70


Test #71
1 7 11 23 26 30 45 49 52 53 67 73 91 111 113 116 136 185 188 220 228 230 241 251 257 265 304 322 324 326 338 341 346 347 351 356 365 369 376 382 389 399 405 421 434 444 446 462 464 469 502 505 508 509 514 533 541 547 576 578 595 596 622 630 652 653 674 680 717 729 738 741 752 760 763 773 777 783 793 798 802 828 839 845 849 856 859 897 912 914 917 931 941 945 961 968 980 989 996 998 1017 1018 1020 1021 1031 1033 1038 1039 1073 1075 1089 1091 1097 1099 1104 1107 1108 1125 1127 1138 1142 1153 1157 1181 1193 1205 1213 

Test #72
635 1610 1647 1837 1925 1952 

Test #73
121 1911 2183 2211 2288 2300 2363 2376 2383 2420 2488 2507 2509 2515 2580 2601 2625 

Test #74
2 14 134 173 192 348 440 603 704 707 733 903 930 969 993 1019 1027 1077 1095 1129 1130 1145 1189 1210 1216 1252 1258 1277 1343 1351 1356 1359 1362 1392 1408 1422 1443 1445 1454 1468 1472 1473 1480 1493 1501 1506 1520 1529 1544 1546 1547 1553 1558 1570 1578 1579 1586 1590 1592 1594 1595 1601 1607 1611 1616 1620 1621 1626 1629 1630 1631 1640 1642 1648 1653 1678 1679 1692 1694 1698 1706 1710 1713 1720 1743 1744 1754 1762 1763 1764 1808 1816 

Test #75
6 8 9 12 23 25 26 58 68 69 78 94 124 127 130 133 140 146 152 189 204 213 226 227 240 242 260 269 270 281 282 298 305 321 324 327 336 352 368 378 379 387 388 397 402 404 415 431 433 453 456 474 485 493 496 501 503 504 510 513 525 553 558 570 582 584 592 604 619 637 643 647 648 649 654 662 668 686 696 707 710 735 771 772 776 817 820 829 831 836 842 847 851 853 854 869 873 875 879 896 898 904 914 926 933 935 936 939 944 950 954 955 967 970 971 974 975 981 990 994 1015 1017 1025 1033 1045 1056 1058 1063 1093 1094 1103 1111 1116 1134 1143 1156 1169 

Test #76


Test #77


Test #78
1270 

Test #79
30 43 52 67 72 91 257 268 304 322 324 444 453 469 505 541 550 680 707 740 752 760 839 845 855 884 897 914 926 931 941 945 967 968 973 980 989 1020 1021 1031 1033 1038 1039 1044 1058 1063 1075 1089 1097 1098 1099 1105 1127 1134 1135 1138 1139 1141 1147 1148 1160 1165 1166 1181 1193 1213 1230 1270 1279 1319 1321 

Test #80
349 710 1395 1459 

Test #81
13 39 385 613 960 1165 1204 1211 1268 1297 1305 1315 1334 1335 1392 

Test #82
526 

Test #83
302 370 676 694 792 840 936 1032 1241 1603 1688 1714 1735 1841 1851 1866 1888 1919 1922 1928 1935 1943 1945 1976 1989 1990 1995 2012 2026 2062 2078 2091 2096 2134 2137 2151 2176 2183 2188 2191 2194 2195 2196 2203 2204 2210 2216 2223 2228 2251 2261 2262 2264 2267 2268 2270 2271 2274 2276 2279 2288 2300 2302 2308 2310 2314 2324 2338 2352 2361 2372 2375 2384 2419 2421 2437 

Test #84
2528 

Test #85
351 508 838 962 1108 1110 1179 1192 1267 1355 1516 1539 

Test #86
1028 2102 2165 2598 

Test #87
18 531 953 1070 1235 1323 1329 1438 1577 1668 1695 1749 1797 1815 1839 1840 1874 1898 1903 1913 1926 1946 1949 1965 1978 1979 1987 1994 2047 2072 

Test #88


Test #89
27 308 317 721 1128 1265 1355 1553 1666 1777 1791 1792 1833 1881 1919 1968 2001 2014 2122 2171 2180 2185 2188 2195 2197 2201 2210 2214 2215 2223 2231 2241 2246 2252 2254 2275 2283 2285 2293 2297 2298 2299 2301 2307 2316 2328 2349 2353 2354 2366 2370 2385 2388 2392 2399 2428 2447 2448 2450 2485 2498 2499 

Test #90


Test #91


Test #92
1279 1329 1820 1913 1939 1960 1964 2076 2103 2279 2387 2470 2537 

Test #93


Test #94


Test #95
155 169 224 330 416 629 720 902 915 978 1030 

Test #96


Test #97
1028 2102 2598 

Test #98


Test #99


Test #100


Test #101
39 960 1204 1526 

Test #102
33 77 82 177 193 203 207 284 377 492 506 568 585 599 621 657 769 876 880 883 891 900 913 929 950 958 1000 1100 

Test #103


Test #104
349 442 542 806 

Test #105
1150 

Test #106


Test #107
82 336 495 592 870 1110 1133 1234 1337 1348 1429 1778 1862 1873 1889 1896 1935 1945 1947 1962 1974 1983 1989 1992 1997 2017 2023 2029 2032 2042 2078 2079 2080 2087 2089 2108 2110 2144 2146 2148 2151 2161 2163 2177 2180 2183 2196 2197 2202 2208 2211 2214 2226 2232 2236 2246 2247 2253 2259 2262 2265 2275 2277 2283 2297 2299 2349 

Test #108


Test #109
365 1023 1150 1562 1580 1591 

Test #110
1128 1355 1426 1777 1911 1975 2001 2014 2044 2081 2122 2188 2195 2210 2215 2219 2231 2285 2293 2334 2354 2370 2388 2477 

Test #111
1074 1611 1727 1728 1773 1835 

Test #112


Test #113
156 302 322 451 593 601 676 697 718 726 776 840 861 870 885 931 936 1032 1082 1133 1194 1250 1251 1279 1289 1291 1340 1369 1374 1383 1395 1397 1407 1434 1444 1456 1458 1459 1462 1463 1466 1467 1485 1491 1492 1499 1500 1502 1504 1507 1510 1511 1514 1517 1521 1539 1549 1551 1563 1574 1588 1597 1600 1613 1614 1623 1628 1632 1634 1639 1650 1656 1670 1671 1675 1680 1682 1688 1689 1696 1722 1737 1750 

Test #114
1334 1343 1426 1697 1707 1731 1776 1825 1848 1917 2019 2025 2029 2036 

Test #115
98 813 838 903 962 1110 1128 1179 1192 1236 1291 

Test #116


Test #117
899 1559 1620 1661 1678 1694 1703 1779 1802 1823 1841 1869 1915 1989 

Test #118
676 936 1308 1377 1735 1928 1986 2012 2026 2166 2221 2224 2261 2268 2270 2273 2289 2294 2306 2308 2321 2324 2331 2340 2374 2421 2422 2423 2434 2435 2454 2461 2477 2496 2513 2525 2533 2543 2569 2590 2619 2621 2623 2637 2653 2662 2667 2672 2682 2711 2732 

Test #119


Test #120


Test #121
45 98 103 111 113 312 365 498 514 529 616 652 681 802 903 1023 1043 1061 1067 1077 1096 1122 1150 1151 1159 1173 1184 1206 1207 1226 1228 1273 1277 1299 1308 1350 1360 1364 1368 1370 1382 1387 1391 1404 1405 1417 1425 1477 

Test #122


Test #123
1 11 30 52 67 72 91 92 189 228 265 292 305 312 322 324 352 354 369 388 405 444 453 456 462 495 502 525 541 550 627 637 654 707 717 738 772 836 839 841 855 859 884 897 926 931 954 967 968 971 974 987 988 989 994 998 1018 1038 1058 1063 1077 1089 1096 1098 1104 1105 1106 1108 1109 1127 1131 1134 1135 1139 1141 1142 1148 1151 1153 1157 1160 1165 1166 1181 1183 1193 1198 1200 1207 1221 1239 1278 1283 1290 1311 1319 

Test #124
312 616 681 802 1061 1192 1287 1334 1343 1426 1428 1481 1490 1557 1560 1562 1580 1583 1584 1589 1591 1610 1616 1618 1631 1636 1638 1666 1672 1685 1693 1711 1758 1825 1828 

Test #125


Test #126


Test #127


Test #128


Test #129


Test #130


Test #131


Test #132
10 128 129 135 166 280 287 384 447 486 588 612 713 726 751 813 889 907 927 932 976 984 1005 1026 1034 1047 1055 1064 1067 1084 1110 1115 1177 1187 1192 1197 

Test #133
213 1426 2363 2383 2420 2471 2519 2571 2601 2643 2668 

Test #134


Test #135
8 23 30 52 91 94 127 146 189 204 227 269 305 321 324 327 352 387 388 431 453 456 513 525 549 553 582 592 619 627 637 647 648 649 654 668 707 710 772 831 836 926 935 944 950 954 955 967 970 971 974 975 983 990 994 1015 1017 1020 1025 1033 1056 1058 1063 1093 1103 1134 1156 1165 1166 1169 1191 1221 

Test #136
349 1246 1696 1729 

Test #137


Test #138
1401 

Test #139
1873 1896 1935 1947 1974 2023 2054 2146 2177 2180 2208 

Test #140
1074 1096 1473 1533 1548 1593 1611 1620 1727 1728 

Test #141
365 1023 

Test #142


Test #143


Test #144


Test #145


Test #146
796 908 1338 1619 1752 1780 1849 1852 1901 1906 1994 2022 2040 2046 2205 2264 2326 2349 2360 2368 2381 2418 2419 2426 2429 2445 2451 2463 2486 2495 2506 2513 2522 2527 2528 2548 2560 2561 2562 2576 2582 2583 2594 2611 2612 2620 2635 2639 2648 2665 2676 2687 2689 2716 2717 2718 2735 2746 2749 2752 2755 

Test #147
113 136 209 241 347 547 569 798 1001 1118 1128 1182 1234 1238 1385 1410 

Test #148


Test #149


Test #150


Test #151
7 43 45 49 103 111 113 116 220 251 257 268 304 324 326 338 365 376 399 434 439 461 469 502 508 509 529 533 547 596 616 622 630 635 652 680 681 694 707 729 740 752 760 763 770 792 795 827 845 856 871 912 914 917 931 941 945 967 968 973 977 980 989 996 998 1017 1018 1020 1021 1023 1028 1031 1033 1044 1058 1075 1087 1097 1098 1099 1104 1107 1108 1122 1125 1127 1134 1135 1136 1138 1141 1147 1153 1157 1165 1166 1170 1173 1181 1184 1195 1205 1213 1230 1248 1257 1266 1270 1305 1321 

Test #152


Test #153
171 367 422 480 533 573 796 922 960 966 967 1018 1083 1135 1165 1166 1183 1204 1205 1210 1225 1241 1247 1260 1263 1264 1270 1297 1301 1305 1315 1322 1326 1333 1334 1343 1351 1389 1390 1401 1411 1416 1445 1446 1450 1460 1471 1473 1495 1520 1522 1535 1553 1557 

Test #154
58 136 209 241 347 547 569 798 1069 1101 1118 1128 1182 1234 1238 1357 1385 1400 1410 1420 

Test #155


Test #156


Test #157
1246 

Test #158


Test #159


Test #160
1074 1260 1281 1388 1473 

Test #161
15 56 58 74 83 107 126 132 148 161 171 183 206 223 227 258 267 275 293 297 311 323 333 345 368 374 397 411 415 438 456 473 474 481 490 524 525 559 581 583 599 613 629 656 658 662 670 686 687 692 693 739 759 771 778 785 831 848 868 872 905 908 924 954 971 999 1022 

Test #162
1087 1268 1326 1472 1546 1624 1658 1702 1868 

Test #163


Test #164
312 637 1969 2102 2216 2228 2245 2246 2267 2274 2283 2355 2442 2443 2550 2558 2565 2575 2576 2579 2644 

Test #165


Test #166
2215 

Test #167
365 1401 

Test #168


Test #169


Test #170


Test #171
68 133 432 487 561 679 825 872 879 970 975 1093 1664 1673 

Test #172
82 495 592 1069 1101 1110 1133 1182 1234 1348 1553 1615 1687 1791 1841 1881 1945 1967 2017 2032 2134 2144 2180 2202 2223 2271 2277 2285 2288 2289 2296 2297 2299 2300 2301 2307 2316 2330 2349 2352 2378 2380 2385 2391 2399 2401 2403 2408 2410 2430 2436 2439 2450 2456 2463 2473 2474 2478 2483 2490 2492 2497 2504 2505 2535 2542 2556 2567 2592 

Test #173
1247 1473 

Test #174


Test #175


Test #176


Test #177


Test #178
98 635 1130 1258 1470 1570 1676 1813 1883 1925 1942 1969 2048 2093 2115 2119 2168 2258 2345 

Test #179
82 495 592 1069 1101 1110 1133 1182 1234 1348 1553 1615 1687 1791 1841 1881 1945 1967 1989 2017 2032 2134 2144 2180 2183 2202 2223 2271 2275 2277 2283 2285 2288 2289 2296 2297 2299 2300 2301 2307 2316 2330 2349 2352 2378 2380 2385 2399 2403 2408 2410 2430 2439 2450 2456 2463 2473 2474 2478 2483 2490 2492 2497 2504 2535 2542 2556 2567 2592 

Test #180
5 67 100 104 120 129 163 245 261 376 429 470 486 489 494 502 550 605 679 713 725 745 775 784 799 814 826 843 851 855 889 893 907 920 927 976 984 

Test #181
113 508 616 1118 1128 1182 1192 1234 1355 1387 1701 1707 1749 

Test #182
27 308 616 721 1026 1061 1124 1128 1192 1265 1299 1302 1447 1557 1561 1583 1584 1589 1596 1615 1618 1631 1672 1684 1690 1715 1732 1740 1747 1749 1758 1766 1783 1787 1798 1842 1852 1861 

Test #183


Test #184
1813 1969 

Test #185
616 1128 1387 1410 1490 1616 1707 1731 1776 1825 1980 

Test #186
447 569 837 907 1001 1069 1101 1115 1128 1179 1192 1236 1238 1291 1357 1373 

Test #187
409 601 642 726 750 776 840 1113 1163 1203 1259 1289 1304 1353 1361 1383 1386 1393 1396 1406 1413 1427 1438 1444 1453 1458 1470 1482 1485 1487 1494 1500 1501 1507 1514 1521 1525 1543 1552 1582 1605 1635 1637 1649 1661 1700 1716 

Test #188
120 

Test #189


Test #190
648 1224 1274 1483 1494 1598 

Test #191


Test #192


Test #193
931 1246 1279 1587 1696 1729 1757 1819 1820 1939 1954 2103 2182 2234 2337 

Test #194


Test #195
531 621 715 929 953 1323 1526 1722 1725 1976 2018 2031 2049 2107 2111 2148 2179 2188 2196 2240 2255 2280 2281 2287 2295 2323 2327 2333 2336 2338 2385 2391 2395 2415 2432 2438 2449 2452 2461 2467 2479 2493 2501 2508 2517 2531 2540 2544 2545 2549 

Test #196
432 459 642 929 931 1113 1246 1289 1291 1304 1353 1395 1439 1463 1482 1487 1581 1613 1659 1660 1662 1667 1696 1725 1729 1740 1757 1784 1788 1799 1810 1815 1817 1834 1853 1862 1886 1907 1916 1919 1920 1923 1953 1972 1992 1995 1999 2009 2043 

Test #197


Test #198


Test #199


Test #200
1154 1468 

Test #201
1779 2325 

Test #202
82 549 731 931 1113 1193 1201 1203 1222 1240 1246 1291 1314 1324 1353 1361 1395 1396 1397 1444 1459 1463 1466 1482 1551 1556 1563 1581 1600 1603 1613 1632 1639 1655 1662 1695 1700 1730 1738 1742 1789 1815 

Test #203
1047 

Test #204
121 213 1355 1426 1777 1882 1911 1968 2001 2362 2363 2383 2420 

Test #205


Test #206


Test #207


Test #208


Test #209


Test #210
149 816 1393 1555 1566 1623 1719 1727 1743 1759 1761 1770 1849 1857 1863 1872 1874 1884 1894 1897 1900 1910 1916 1947 1950 1965 1982 1986 2005 

Test #211
2 59 224 326 348 433 733 899 998 1068 1127 1130 1144 1149 1154 1242 1249 1263 1295 1352 1363 1406 1421 1455 1468 

Test #212


Test #213


Test #214


Test #215


Test #216
82 451 718 870 885 931 1222 1240 1246 1251 1279 1291 1324 1374 1395 1397 1434 1459 1463 1466 1492 1496 1551 1556 1563 1600 1613 1632 1634 1639 1646 1656 1659 1683 1709 1738 1760 1789 1818 1845 

Test #217
6 9 47 56 68 74 78 133 155 206 226 240 267 270 281 293 297 311 323 331 333 368 379 402 433 451 474 501 503 513 559 583 601 609 623 625 629 656 658 686 715 735 739 785 794 820 840 851 854 861 869 870 872 879 890 898 924 933 937 955 960 966 979 987 992 1000 1003 1010 1011 1019 1024 1025 1035 1042 1046 1047 1057 1063 1065 1068 1076 1086 1100 1111 1116 1145 1152 1160 1169 1186 1191 1196 1198 1214 1252 1253 1259 

Test #218
1413 

Test #219


Test #220
98 243 687 1028 1138 1252 1454 1472 1495 1506 1526 1542 1546 1570 1579 1584 1594 1610 1636 1647 1648 1686 1697 1708 1720 1728 1754 1777 1791 1805 1820 1821 1826 1837 1848 

Test #221


Test #222
36 222 239 452 754 757 1001 1043 1055 1069 1118 1182 

Test #223
2038 

Test #224


Test #225
10 58 135 234 280 405 414 447 837 907 1055 1067 1110 1115 1179 1185 1192 1199 1277 1291 1373 

Test #226
27 308 1265 1666 1833 1869 2026 2077 2297 2299 2319 2328 2366 2399 2403 2444 2446 2447 2448 2450 2454 2463 2471 2477 2499 2500 2504 2525 2542 2543 2555 2567 2571 2574 2575 2595 2600 2618 2634 2638 2647 2650 2651 2652 2656 2681 2682 2711 2750 2777 

Test #227


Test #228
365 793 1023 1150 

Test #229


Test #230
62 

Test #231


Test #232


Test #233


Test #234
6 9 24 25 26 32 35 46 48 51 61 68 69 72 78 92 94 97 101 124 130 133 140 146 152 174 189 191 195 199 204 205 226 237 240 242 257 260 270 274 281 298 305 315 321 324 328 336 344 350 352 357 360 362 379 384 387 388 394 402 415 420 423 424 427 431 435 447 453 455 462 467 471 478 479 485 486 487 497 499 501 503 504 507 510 513 553 557 558 561 570 578 582 584 592 593 604 606 612 619 620 632 637 638 641 648 649 675 680 695 696 697 698 703 707 710 729 735 758 772 773 781 783 791 817 820 829 841 851 853 854 856 873 875 876 879 884 888 898 904 907 912 914 933 949 955 967 970 974 975 983 1015 1017 1020 1025 1058 

Test #235


Test #236
2007 2172 2244 2467 

Test #237


Test #238
13 29 39 90 112 197 217 286 339 386 389 422 610 613 895 1054 1244 

Test #239
29 1401 1647 

Test #240
349 1246 1729 1960 

Test #241
29 1384 1401 

Test #242
98 104 129 135 280 287 384 447 489 757 813 830 838 903 907 962 984 1001 1055 1064 1067 1110 1115 1128 1179 1182 1192 1236 

Test #243


Test #244
50 56 107 126 172 223 258 259 293 311 345 463 473 581 613 654 670 693 785 816 847 861 870 905 918 971 

Test #245
319 339 385 607 613 659 1054 1241 

Test #246
171 244 319 533 1018 1083 1087 1165 1183 1204 1211 1225 1270 1297 1305 1338 1392 1411 1415 1445 1513 1526 1527 1542 1575 

Test #247
43 103 192 222 251 268 304 326 399 439 469 498 502 529 533 616 635 652 680 681 694 704 707 740 744 752 760 770 792 884 914 930 967 973 977 980 998 1018 1023 1028 1031 1043 1048 1054 1058 1061 1087 1096 1104 1105 1122 1125 1127 1134 1135 1136 1138 1141 1151 1159 1160 1165 1166 1170 1173 1181 1183 1184 1195 1198 1205 1206 1207 1213 1217 1220 1230 1248 1257 1266 1270 1271 1276 1292 1299 1305 1321 1342 1344 1353 1356 1360 1364 1368 1374 1377 1378 1380 1381 1387 1390 1405 1415 1418 1426 1475 1476 

Test #248
1849 2059 2083 2109 2368 2426 2528 

Test #249


Test #250
370 694 718 792 1200 1251 1567 1770 1771 1889 1943 2072 2130 2148 2195 2212 2255 2281 2315 2323 2336 2337 2358 2361 2367 2372 2377 2388 2394 2405 2408 2422 2437 2439 2440 2455 2456 2464 2465 2469 2492 2503 2516 2521 2524 2526 2530 2531 2533 2535 2537 2541 2543 2559 2572 2578 2589 2604 2605 2606 2610 2615 2619 2621 2655 2670 2677 2704 2707 2708 2712 2726 

Test #251


Test #252


Test #253
308 495 592 1133 1234 1553 1615 1791 1833 1881 1968 2001 2032 2180 2202 2275 2297 2299 2301 2316 2319 2349 2366 2392 2399 2403 2428 2439 2446 2447 2448 2450 2456 2463 2474 2498 2499 2504 2542 2555 2567 2592 2600 

Test #254
91 94 140 432 459 485 710 929 1089 1121 1201 1310 1324 1361 1372 1459 1464 1551 1556 1581 1603 1632 1644 1655 1673 1742 1789 1799 

Test #255
349 806 1526 1913 1960 2076 2588 

Test #256


Test #257
43 257 268 304 324 469 680 684 687 707 740 752 759 760 845 884 887 914 931 945 947 960 966 967 973 980 989 1006 1020 1021 1028 1031 1033 1039 1044 1058 1068 1071 1089 1097 1098 1099 1105 1114 1122 1127 1134 1135 1136 1138 1141 1147 1158 1160 1165 1166 1174 1181 1193 1203 1204 1213 1218 1224 1225 1230 1257 1270 1279 1321 1346 1356 

Test #258


Test #259
45 49 103 111 113 116 136 222 251 326 365 399 405 502 508 529 533 547 596 635 652 752 793 912 914 917 980 998 1017 1018 1023 1087 1104 1107 1108 1122 1125 1127 1141 1153 1157 1159 1165 1170 1173 1183 1184 1195 1205 1207 1217 1228 

Test #260
18 149 331 531 816 834 953 1022 1070 1212 1224 1235 1323 1329 1393 1438 1441 1483 1577 1623 1625 1628 1649 1661 1675 1716 1726 1729 1746 1759 1762 1763 1770 1788 1790 1796 1797 1802 1804 1827 1829 1838 1849 1857 1864 1874 1926 1947 1950 

Test #261


Test #262
643 931 1279 1374 1454 1456 1467 1500 1506 1512 1517 1547 1549 1600 1613 

Test #263


Test #264
1778 2072 2405 2530 2531 2543 2559 2585 2604 2606 2655 

Test #265


Test #266
1 11 24 25 27 58 70 106 166 219 228 234 265 280 312 317 341 360 405 421 502 504 558 588 604 612 628 653 717 721 726 738 751 771 779 781 813 837 841 842 843 859 862 878 885 889 920 948 998 1018 1026 1034 1047 1052 1055 1064 1067 1077 1078 1080 1081 1084 1090 1094 1096 1104 1115 1116 1124 1131 1132 1140 1143 1151 1157 1172 1178 1183 1187 1197 1199 1201 1227 1265 1287 1290 

Test #267


Test #268


Test #269
2088 

Test #270


Test #271
312 480 573 603 637 796 908 922 1609 1619 1752 1840 1852 1856 1901 1906 1969 2022 2025 2040 2053 2085 2092 2102 2176 2215 2216 2222 2228 2243 2245 2246 2264 2267 2274 2283 2311 2314 2317 2318 2321 2344 2348 2349 2351 2353 2355 2360 2365 2368 2374 2381 2389 2406 2418 2419 2422 2429 2433 2435 2441 2442 2443 2444 2451 2459 2460 2471 2476 2481 2482 2484 2486 2489 2491 2496 2506 2511 2522 2527 2548 2550 2560 2562 2563 2565 2575 2576 2579 2582 2583 2591 2631 2635 2639 

Test #272
29 1384 

Test #273


Test #274


Test #275
59 62 224 355 416 720 763 899 1030 1062 1068 1144 1149 1154 1171 1235 1249 1262 1281 

Test #276
1047 1745 

Test #277


Test #278
1747 2234 2472 

Test #279


Test #280


Test #281
29 243 1339 

Test #282
13 39 90 112 205 217 220 244 286 339 361 386 389 422 461 555 572 573 576 613 787 795 796 922 960 985 986 1020 1054 1083 1085 1102 1136 1141 1173 1210 1244 1248 1333 

Test #283


Test #284


Test #285
4 38 565 708 1074 1119 1159 

Test #286
1047 

Test #287
36 136 209 241 347 569 597 798 1001 1069 1118 1128 1182 1234 1238 1291 1385 1410 

Test #288
2368 2426 2528 

Test #289
319 1076 1268 1326 1335 1472 1546 1610 1624 1648 1837 1855 1868 

Test #290


Test #291
2228 2274 2283 2355 2495 2510 2550 2553 2629 2632 2663 

Test #292


Test #293
224 899 1192 1621 1627 1630 1703 1808 1849 1892 1897 1916 1917 2007 2038 2047 2053 2071 2095 2098 2100 2107 2116 2138 2141 2143 2145 2169 2173 2189 2192 2198 2217 2225 2235 2243 2272 2280 2282 2292 2301 2320 2326 2327 2359 2369 2374 

Test #294
85 452 635 736 952 956 

Test #295
58 113 547 1069 1101 1118 1128 1156 1182 1234 1360 1385 1410 1561 1687 1701 1707 1724 1731 1776 

Test #296
960 1813 

Test #297


Test #298


Test #299
1778 1889 1951 2072 2139 2193 2230 2331 2340 2358 2405 2432 2530 2543 2559 

Test #300
1778 1889 1978 1992 2139 2163 2228 2335 2358 

Test #301


Test #302


Test #303


Test #304
1200 1222 1771 1778 1889 1922 1943 1951 2072 2130 2195 2210 2230 2309 2330 2337 2358 2367 2384 2394 2397 2405 2413 2432 2437 2439 2455 2469 2521 2524 2530 2531 2541 2543 2559 2572 2585 2589 2604 2606 2633 

Test #305
1270 2007 

Test #306
1047 

Test #307


Test #308


Test #309
2007 2143 

Test #310
31 76 78 155 331 379 409 451 513 601 609 645 743 750 816 851 869 877 890 933 937 955 978 1000 1003 1010 1011 1019 1022 1024 1025 1035 1042 1047 1065 1068 1076 1082 1113 1114 1145 1152 1158 1163 1186 1191 1196 1218 1245 1250 1252 1263 1274 1288 1293 1302 1310 1379 

Test #311
1444 1923 1999 

Test #312
367 480 603 666 967 1004 1135 1166 1210 1220 1225 1242 1249 1260 1263 1264 1281 1322 1332 1343 1351 1358 1360 1381 1387 1388 1389 1390 1404 1411 1416 1422 1446 1451 1455 1460 1468 1471 1473 1477 1505 1519 1520 1522 1533 1535 1541 1545 1548 1553 1559 1565 1572 

Test #313
149 644 733 816 908 1351 1352 1436 1441 1470 1555 1566 1578 1601 1604 1620 1625 1628 1635 1649 1654 1661 1675 1678 1691 1703 1713 1716 1723 1726 1727 1743 1746 1759 1762 1763 1765 1770 1802 1827 1829 1838 1841 1856 1857 1863 1869 1872 1874 1877 1881 1884 1885 1892 1899 1913 1950 

Test #314


Test #315


Test #316
133 349 442 679 806 872 1376 

Test #317
694 792 1022 1340 1417 1623 1709 1719 1735 1759 1762 1770 1795 1796 1812 1820 1829 1854 1857 1863 1867 1874 1883 1884 1900 1921 1937 1947 1965 1968 1973 1986 2005 2051 

Test #318


Test #319


Test #320
2007 2172 2467 2502 2608 

Test #321
960 1813 

Test #322
56 68 69 74 82 124 133 163 206 267 281 293 297 311 333 362 442 443 487 501 503 510 542 561 574 582 584 598 609 621 623 656 658 679 731 739 799 810 811 817 825 872 875 879 880 913 924 970 975 992 1000 1068 1093 1100 1120 1145 1146 1152 1161 1162 1164 1167 1168 1175 1176 1237 1242 1269 1280 

Test #323


Test #324
1581 1862 1889 1992 2163 2228 

Test #325
1252 

Test #326


Test #327


Test #328
91 1089 1201 1551 1632 1742 

Test #329
207 213 284 336 397 559 592 593 638 676 697 726 861 870 885 936 939 978 981 1003 1032 1065 1081 1084 1089 1133 1141 1167 1187 1193 1194 1196 1201 1239 1250 1282 1288 1289 1294 1302 1303 1306 1312 1314 1317 1319 1325 1340 1341 1345 1347 1365 1366 1402 1403 1408 1409 1412 1413 1419 1423 1427 1430 1443 1444 1454 1459 1467 1469 1499 1506 1510 1514 

Test #330
349 1526 1913 1960 2076 2588 

Test #331
59 899 1127 1154 1249 1262 1281 1455 

Test #332
1252 1401 1647 

Test #333


Test #334
94 140 459 485 487 561 582 710 825 929 975 1093 1121 1256 1324 1361 1466 1581 1603 1655 

Test #335


Test #336


Test #337


Test #338
642 931 1246 1279 1376 1587 1625 1690 1747 1757 1784 1819 1820 1829 1910 1954 1973 2027 2103 2111 2166 2179 2212 2234 2263 

Test #339


Test #340
322 459 1222 1235 1376 1475 1652 1682 1690 1747 1784 1820 1834 1854 1888 1910 1972 2039 2090 2106 2111 2113 2121 2135 2157 2160 2166 2179 2191 2205 2206 2212 2230 2256 2263 2279 2296 2309 2330 2333 2337 2350 2367 2394 2397 2404 2409 

Test #341


Test #342


Test #343


Test #344


Test #345
694 792 1200 1771 1778 1889 1943 1951 2072 2130 2195 2212 2316 2405 2422 2439 2465 2469 2521 2524 2530 2531 2537 2539 2541 2543 2559 2572 2585 2589 2604 2606 2610 2627 2633 2655 2670 2726 

Test #346
243 514 1004 1028 1331 1432 1452 1470 1481 1497 1562 1570 1593 1624 1636 1676 1711 1748 1758 1761 1766 1772 1773 1791 1794 1826 1855 1874 1883 1894 1906 1909 1922 1941 1942 1944 1956 1959 1961 1967 1974 2002 2015 2041 2085 2093 2094 

Test #347
52 91 94 140 156 207 213 284 336 368 378 397 404 444 474 549 559 592 593 623 627 638 643 648 676 686 697 710 718 726 772 776 820 826 847 861 862 870 913 933 936 939 981 987 1003 1013 1032 1045 1047 1055 1063 1065 1072 1078 1080 1081 1089 1093 1106 1111 1116 1120 1133 1142 1143 1156 1160 1162 1166 1167 1169 1176 1178 1187 1191 1194 1196 1198 1199 1201 1208 1209 1215 1220 1223 1237 1239 1251 1254 1261 1273 1278 1282 1289 1292 1295 1303 1306 1307 1312 1313 1317 1318 1331 1340 1341 1347 1366 

Test #348


Test #349
7 43 45 49 103 111 113 116 132 205 214 220 251 252 268 326 338 339 361 365 376 386 389 399 405 434 439 461 498 502 508 509 529 533 547 576 595 596 615 616 630 634 635 652 681 694 729 740 752 758 763 770 787 792 795 827 856 859 863 871 886 887 912 914 917 945 973 977 980 996 998 1017 1020 1023 1031 1033 1044 1048 1075 1091 1098 1099 1104 1107 1108 1122 1125 1127 1136 1141 1147 1153 1157 1170 1173 1181 1184 1195 1205 1230 1257 

Test #350


Test #351
27 121 308 317 721 1128 1265 1355 1553 1615 1701 1717 1777 1792 1799 1818 1833 1836 1882 1896 1898 1962 1967 1974 1983 1993 2001 2017 2029 2059 2079 2086 2087 2122 2142 2146 2171 2177 2197 2214 2219 2241 2252 2307 2316 

Test #352


Test #353
336 1553 1841 1873 1881 1967 2134 2163 2223 2230 2271 2288 2300 2301 2352 2401 2405 2410 2463 2474 2478 2483 2494 2505 2529 2539 2547 2556 2559 2605 2627 2634 2647 

Test #354
1028 1138 1252 1384 1454 1584 1647 1702 1822 1826 1831 

Test #355
269 352 370 422 498 643 694 770 772 792 841 983 1084 1155 1250 1311 1325 1331 1417 1432 1449 1451 1456 1468 1469 1475 1490 1500 1504 1535 1536 1538 1540 1549 1570 1571 1574 1576 1580 1586 1588 1594 1597 1600 1613 1622 1640 1642 1653 1656 1657 1670 1671 1676 1677 1679 1684 1705 1706 1714 1737 1741 1748 1751 1757 1772 1774 1794 1809 1810 1817 

Test #356


Test #357


Test #358
5 104 163 245 260 261 470 489 679 713 784 799 920 927 

Test #359
508 1128 1182 1192 1234 1355 1573 1690 1701 1749 1798 

Test #360
1291 1374 1489 1496 1549 1563 1634 1639 1646 1655 1709 

Test #361


Test #362
1410 

Test #363


Test #364
1270 

Test #365
1911 2211 2363 2376 2383 2420 

Test #366


Test #367
37 52 82 91 156 207 444 451 549 676 697 710 718 726 776 861 870 936 978 1003 1032 1081 1082 1089 1141 1146 1177 1178 1187 1193 1194 1201 1208 1239 1245 1250 1251 1282 1288 1289 1294 1302 1306 1312 1314 1319 1320 1328 1340 1341 1345 1366 1369 1383 1386 1395 1397 1407 1408 1409 1413 1419 1423 1427 1433 1443 1444 1453 1454 1456 1459 1462 1467 1485 1496 1500 1506 1507 1512 1514 1517 1549 1574 

Test #368


Test #369


Test #370


Test #371
43 49 103 111 113 192 220 222 251 268 304 324 326 338 365 399 434 439 469 498 502 509 529 533 547 596 616 630 635 652 680 681 694 707 729 740 752 760 763 770 792 912 914 917 930 931 945 967 973 977 980 989 998 1017 1018 1020 1023 1028 1031 1033 1044 1048 1058 1061 1075 1087 1097 1098 1099 1104 1107 1108 1122 1125 1127 1134 1135 1136 1138 1141 1147 1153 1157 1159 1160 1165 1166 1170 1173 1181 1183 1184 1195 1205 1213 1217 1230 1248 1257 1266 1270 1276 1305 1321 1356 1364 1374 1377 

Test #372


Test #373
322 1222 1376 1682 1834 1854 1888 1889 1951 1978 2106 2121 2130 2139 2147 2157 2160 2166 2191 2193 2228 2230 2261 2279 2296 2309 2315 2330 2331 2335 2340 2394 2397 2413 2455 

Test #374
1426 2008 2132 2207 2222 2231 2248 2370 

Test #375
10 21 27 49 51 61 67 71 78 98 100 104 120 128 129 133 142 163 166 191 195 220 245 261 278 287 298 317 344 376 384 387 399 427 429 447 457 478 486 489 494 502 507 521 533 548 550 553 561 571 579 588 605 612 630 632 650 660 671 675 679 703 713 719 721 725 726 745 751 757 763 767 774 814 817 820 826 841 843 851 854 855 873 889 893 894 907 912 917 920 927 932 933 946 976 984 998 1005 1018 1026 1034 1047 1052 

Test #376
2 149 644 733 908 1351 1352 1436 1470 1555 1566 1578 1601 1604 1620 1625 1628 1635 1649 1654 1675 1678 1691 1703 1713 1716 1726 1727 1743 1746 1752 1759 1762 1763 1765 1770 1802 1829 1838 1856 1863 1872 1875 1877 1881 1884 1885 1892 1899 1913 

Test #377


Test #378
1432 1452 1925 2495 

Test #379


Test #380
1410 

Test #381
859 

Test #382
331 409 601 642 743 750 823 840 1082 1163 1174 1178 1203 1208 1239 1250 1259 1261 1280 1288 1307 1319 1345 1353 1354 1372 1383 1386 1396 1398 1406 1413 1427 1442 1444 1453 1458 1462 1467 1470 1472 1478 1482 1485 1487 1500 1501 1507 1514 1517 1525 1543 1552 

Test #383
1980 2088 

Test #384
1043 1212 1441 1554 1559 1620 1703 1841 

Test #385
602 1150 

Test #386
63 96 135 194 222 239 398 452 588 664 752 757 789 813 830 832 838 

Test #387


Test #388
322 354 643 931 1136 1155 1200 1250 1279 1306 1325 1374 1395 1408 1437 1440 1443 1444 1454 1456 1459 1463 1467 1469 1490 1492 1500 1502 1504 1506 1511 1512 1517 1547 1549 1588 1594 1597 1600 1613 1617 1675 

Test #389
2188 

Test #390
319 533 607 680 1018 1076 1083 1087 1183 1225 1241 1270 1290 1297 1326 1334 1338 1390 1392 1415 1445 1513 1526 1527 1537 1542 1575 1608 1619 1645 1708 

Test #391
243 269 643 802 969 1026 1027 1124 1233 1264 1447 1541 1593 1657 1712 1717 1836 1852 1869 1932 1952 2004 2025 2064 2081 2096 2102 2142 2158 2176 2198 2199 2201 2207 2215 2216 2221 2222 2224 2225 2228 2235 2246 2248 2257 2266 2272 2273 2274 2282 2283 2284 2286 2298 2301 2306 2314 2318 2319 2339 2348 2349 2353 2354 2355 2356 2359 2365 2366 2379 2381 2396 2419 2446 

Test #392


Test #393
607 635 680 760 796 804 1010 1018 1076 1087 1225 1290 1326 1338 1384 1392 1415 1472 1506 1513 1526 1527 1537 1542 1546 1568 1575 1579 1584 1594 1608 1619 1645 1648 1658 1702 1708 1736 1739 1754 1773 

Test #394


Test #395


Test #396
676 840 936 1032 1308 1377 1603 1688 1714 1735 1851 1866 1928 1943 2011 2012 2026 2078 2166 2188 2191 2195 2204 2210 2221 2224 2228 2261 2262 2264 2267 2268 2270 2276 2289 2294 2308 2310 2331 2337 2340 2367 2375 2377 2378 2384 2388 2415 2419 2421 2434 2437 2452 2457 2461 2513 2514 2569 2577 2586 2590 

Test #397


Test #398
643 772 802 1026 1124 1422 1447 1479 1541 1553 1624 1657 1731 1776 1777 1783 1791 1843 1852 1870 1881 1896 1905 1911 1917 1921 1931 1932 1940 1944 1967 1974 1983 2008 2015 2019 2020 2025 2029 2033 2044 2058 2059 2073 2077 2086 2087 2100 2112 2126 2132 2142 2200 

Test #399
347 452 497 597 798 1118 1234 1238 

Test #400


Test #401


Test #402


Test #403


Test #404
39 339 385 389 659 1241 1286 1315 1334 

Test #405
1935 

Test #406


Test #407
2 14 134 173 192 348 440 480 603 687 707 733 993 1004 1010 1019 1095 1129 1130 1145 1189 1210 1216 1252 1258 1277 1351 1356 1359 1392 1443 1445 1472 1473 1493 1501 1522 1529 1545 1546 1547 1553 1558 1572 1578 1579 1583 1586 1590 1592 1595 1601 1607 1611 1616 1620 1621 1626 1627 1629 1630 1631 1641 1642 1648 1669 1678 1686 1692 1694 1698 1710 1713 1720 1727 1728 1736 1743 1744 1754 1762 1763 1764 1780 1786 

Test #408
1813 2175 

Test #409
98 319 635 1130 1258 1335 1338 1470 1570 1575 1594 1647 1648 1676 1756 1837 1883 1952 2007 2109 2124 

Test #410
1638 

Test #411


Test #412


Test #413


Test #414
960 1204 1431 1624 

Test #415
834 1194 1212 1412 1438 1585 1767 1770 1804 1979 2016 2018 2067 2107 2111 2162 2169 2196 2205 2240 2255 2280 2281 2287 2327 2329 2333 2338 2342 2364 2369 2386 2415 2416 2440 2484 2501 2516 2536 

Test #416
2571 

Test #417
82 718 1200 1240 1429 1771 1841 1854 1888 1889 1922 1935 1951 1953 1978 1989 2019 2078 2089 2091 2108 2121 2130 2139 2147 2148 2149 2151 2157 2160 2166 2176 2183 2191 2193 2194 2196 2216 2228 2230 2239 2261 2262 2264 2265 2277 2279 2288 2296 2300 2315 2331 2335 2340 2352 2413 

Test #418


Test #419
1848 1911 1957 1975 1980 2014 2081 2188 2195 2215 

Test #420


Test #421


Test #422


Test #423


Test #424
133 442 574 658 679 872 879 1168 

Test #425


Test #426
5 49 67 71 100 101 104 128 129 163 220 245 260 261 298 344 376 389 414 429 447 470 478 486 489 521 550 579 605 630 650 660 679 713 719 721 725 763 767 774 775 784 799 826 843 851 855 873 878 907 917 920 927 933 946 984 998 1018 

Test #427


Test #428


Test #429


Test #430
960 1813 

Test #431


Test #432
63 452 830 

Test #433


Test #434


Test #435
1047 1149 1152 1212 1363 1367 1441 1493 1554 

Test #436


Test #437
149 1070 1149 1212 1441 1470 1471 1501 1558 1566 1577 1604 1625 1635 1649 1654 1661 1691 1703 1716 1726 1729 1746 1802 1827 

Test #438
1184 1284 1360 1365 1385 1561 1573 1651 1717 1721 1724 1733 1734 1778 1781 1792 1832 1873 1876 1889 

Test #439


Test #440
322 1235 1652 1682 1784 1854 1888 1922 1939 2090 2106 2113 2210 2212 2279 2287 2309 2330 2337 2350 2358 2367 2384 2387 2394 2397 2404 2413 2417 2427 2449 2465 2466 2517 2521 2531 2534 2537 2541 

Test #441


Test #442
140 432 487 561 825 975 1093 1376 1664 1673 

Test #443
956 

Test #444
2 14 134 139 149 173 192 326 348 363 502 589 687 694 707 733 792 884 977 993 998 1010 1013 1019 1031 1043 1070 1076 1095 1130 1145 1189 1191 1207 1210 1216 1220 1242 1252 1258 1277 1290 1292 1295 1299 1304 1307 1312 1330 1339 1342 1344 1351 1352 1353 1356 1359 1363 1380 1381 1404 1406 1408 1415 1418 1421 1436 1443 1445 1451 1455 1468 1471 1472 1476 1480 1503 1521 1529 1531 1535 1545 1546 1579 1586 1592 1611 1616 1625 

Test #445


Test #446
1431 1647 1813 1942 1969 2258 

Test #447


Test #448
268 637 707 884 931 973 1006 1010 1013 1038 1058 1063 1068 1076 1098 1105 1136 1141 1145 1160 1166 1174 1191 1198 1203 1213 1218 1220 1224 1230 1242 1263 1270 1276 1278 1279 1290 1292 1319 1330 1342 1344 1346 1353 1374 1406 1415 1475 

Test #449
27 308 317 721 1128 1265 1355 1666 1791 1833 1881 1919 1968 2001 2014 2122 2180 2201 2214 2215 2241 2246 2254 2275 2283 2293 2297 2298 2299 2301 2316 2319 2328 2349 2353 2354 2366 2370 2385 2388 2392 2399 2403 2428 2446 2447 2448 2450 2454 2463 2477 2485 2498 2499 2500 2555 2574 

Test #450


Test #451
68 133 432 487 561 679 806 825 872 879 970 975 1093 1376 1664 1673 

Test #452
98 469 514 573 796 804 922 1268 1335 1432 1452 1470 1497 1589 1609 1619 1632 1676 1699 1766 1794 1795 1823 1844 1874 1883 1901 1931 1941 1942 1952 1956 1965 2003 2004 2007 2020 2022 2030 2033 2041 2046 2048 2052 2063 2065 2066 2071 2083 2084 2093 2094 2099 2105 2109 2115 2117 2119 2124 2127 2128 2129 2143 2150 2159 2164 2167 2170 2178 2181 2186 2199 2201 2209 2218 2221 2224 2227 

Test #453


Test #454
5 27 35 49 67 71 100 101 104 120 128 129 142 163 191 220 245 261 287 298 317 344 376 384 387 399 414 427 429 447 470 486 489 494 502 507 533 548 550 561 579 605 612 630 632 650 660 671 679 713 719 721 725 751 763 767 774 775 781 784 799 820 826 841 843 851 854 855 873 878 889 907 917 920 927 933 946 984 998 1005 1018 1052 

Test #455
27 1355 1426 1541 1968 2001 2077 2122 2215 2241 2328 2363 2370 2383 2388 2392 2420 2428 2447 2477 2485 2500 2570 2574 2600 2622 

Test #456
1957 1980 2014 

Test #457
6 9 12 47 50 56 74 78 83 148 161 168 172 183 206 223 227 240 259 267 270 275 293 297 311 323 331 333 368 374 397 411 415 433 456 473 474 481 490 524 525 559 568 583 601 625 629 656 658 662 686 687 692 693 735 739 759 771 778 785 816 831 840 847 848 861 868 869 870 872 890 898 905 908 924 926 937 954 960 966 971 987 992 999 1019 1022 1046 1065 1076 1086 

Test #458
2173 2368 2426 2496 

Test #459


Test #460
2081 2122 2207 2286 2428 2441 2477 2500 2570 2596 

Test #461


Test #462
602 1041 

Test #463
47 68 76 133 155 302 333 598 621 645 658 731 872 879 975 979 1011 1024 1035 1093 1114 1142 1158 1168 1209 1214 1242 1253 1269 1280 1310 1393 1398 1439 1457 1485 

Test #464


Test #465
508 1065 1101 1184 1284 1360 1424 1561 1573 1724 1733 1781 1792 1832 1889 

Test #466
82 336 495 592 870 1133 1337 1412 1429 1557 1567 1584 1585 1602 1653 1684 1690 1717 1747 1749 1769 1781 1792 1799 1809 1811 1818 1832 1833 1836 1839 1843 1846 1861 1865 1871 1879 1887 1891 1893 1898 1927 1940 1947 1948 1960 1964 1966 1971 1993 1996 1998 2013 2023 2030 2031 2037 2039 2042 2059 2061 2080 2086 

Test #467
621 697 834 1194 1212 1274 1412 1438 1585 1767 1770 1804 2018 2049 2107 2111 2162 2169 2196 2205 2240 2244 2255 2280 2281 2287 2327 2333 2338 2342 2364 2369 2371 2386 2415 2416 2440 2452 2467 2501 2502 2508 2516 2536 2551 

Test #468
82 336 495 592 870 1110 1133 1337 1429 1557 1567 1778 1781 1792 1799 1818 1833 1839 1846 1862 1889 1896 1898 1935 1940 1947 1948 1960 1962 1964 1966 1971 1974 1983 1993 1996 1998 2013 2023 2029 2031 2032 2039 2042 2059 2078 2079 2080 2086 2089 2108 2110 2144 2146 2161 2163 2177 2196 2197 2211 2214 

Test #469
98 319 635 1130 1258 1470 1570 1647 1676 1756 1883 1952 2007 2109 2124 

Test #470
1526 2323 

Test #471


Test #472
27 308 317 721 1128 1265 1355 1447 1557 1615 1701 1717 1799 1818 1832 1836 1843 1852 1858 1879 1896 1898 1940 1962 1964 1970 1971 1974 1983 1990 1998 2029 2059 2079 2086 2137 2142 

Test #473
60 250 442 459 468 542 769 913 929 958 970 1255 

Test #474
62 66 81 169 224 355 416 720 899 902 978 1030 1049 1117 1144 

Test #475


Test #476
82 336 1200 1240 1429 1771 1778 1841 1888 1889 1922 1951 1978 1989 1992 2072 2089 2130 2139 2148 2151 2163 2166 2183 2191 2193 2194 2210 2228 2230 2236 2261 2262 2265 2279 2288 2289 2296 2300 2307 2309 2315 2330 2331 2335 2340 2352 2358 2378 2384 2385 2397 2408 2413 2434 2455 2469 2473 

Test #477


Test #478


Test #479
64 87 112 113 211 268 286 334 365 385 422 498 555 562 580 607 610 636 659 748 895 951 985 1008 1054 

Test #480


Test #481


Test #482
45 98 103 111 308 312 352 354 370 508 514 529 616 652 654 802 884 903 973 1013 1038 1043 1063 1067 1077 1096 1115 1122 1136 1151 1155 1159 1160 1170 1184 1195 1198 1207 1220 1221 1226 1228 1230 1248 1273 1276 1277 1278 1283 1290 1292 1308 1312 1313 1342 1344 1346 1360 1364 1368 1370 1371 1374 1387 1395 1415 1417 1418 1440 1449 1452 1540 

Test #483
98 1258 1470 1570 1575 1594 1647 1676 1883 1952 2109 

Test #484
121 1355 1704 1753 1882 1947 1974 2001 2081 2088 2122 2156 2233 2289 2303 

Test #485
2088 

Test #486
960 1204 1526 1624 

Test #487
1087 1326 1472 1546 1610 1624 1648 1837 1868 1925 1952 1969 

Test #488


Test #489
31 47 155 270 379 609 625 869 890 987 1000 1082 1086 1302 

Test #490
2135 

Test #491
1087 1326 1472 1546 1610 1624 1868 1925 1952 

Test #492
806 1279 1747 1820 1960 2076 2135 2182 2234 2470 

Test #493
806 1246 1696 1960 2076 2182 

Test #494


Test #495
1897 

Test #496


Test #497
36 98 136 209 222 241 351 569 754 838 894 903 962 1001 1043 1118 1238 

Test #498


Test #499


Test #500


