Test #1


Test #2
0 6 10 12 14 24 26 28 36 37 52 53 56 57 59 60 63 67 70 72 77 81 82 84 89 91 92 95 97 98 99 104 105 106 109 113 116 117 123 128 130 133 137 138 143 144 145 148 152 154 168 170 171 173 174 179 180 181 187 188 194 195 197 200 211 212 215 216 217 221 225 229 230 231 232 240 244 248 250 251 253 256 258 260 261 263 264 269 270 271 276 278 280 282 284 285 287 289 292 295 297 299 303 308 309 310 312 315 318 321 322 323 324 331 333 334 335 337 344 345 355 359 364 369 375 378 382 386 387 390 397 400 404 405 406 409 412 413 416 423 424 427 431 433 442 443 444 449 452 454 459 465 479 489 490 491 492 493 495 497 498 500 501 507 510 513 515 517 518 520 526 529 530 534 541 547 550 551 553 554 556 564 569 573 576 582 583 584 586 597 605 606 609 610 611 612 613 618 624 626 629 639 653 657 660 674 679 

Test #3
35 37 209 242 354 357 379 419 542 

Test #4
29 75 78 170 175 206 209 227 239 338 389 429 529 542 590 605 633 663 676 686 

Test #5


Test #6


Test #7


Test #8
115 207 210 238 268 301 363 464 

Test #9
188 331 374 462 526 

Test #10
0 77 106 187 197 225 233 245 260 321 355 378 405 529 591 629 

Test #11
21 32 34 36 38 48 53 54 59 69 70 87 113 117 118 119 121 126 140 142 149 152 164 179 195 220 229 247 256 270 272 275 276 287 291 295 298 300 306 330 333 345 346 355 356 375 380 390 399 410 411 412 423 424 429 446 454 457 463 479 484 486 490 503 507 509 513 517 535 540 552 562 580 593 596 603 611 619 631 647 648 668 670 671 687 

Test #12


Test #13


Test #14
386 569 

Test #15
117 135 176 207 268 291 301 367 464 

Test #16
2 3 4 5 6 7 10 11 12 14 16 17 18 22 23 24 26 28 29 33 37 43 52 56 57 58 59 60 65 66 67 71 73 77 81 82 83 86 89 90 92 95 99 101 103 104 106 108 109 110 112 116 123 128 130 133 134 138 139 143 144 148 153 165 166 168 170 173 174 180 181 182 187 194 197 200 207 208 213 215 216 217 221 225 226 230 232 233 235 239 240 245 248 251 253 257 258 260 266 274 278 280 284 286 295 297 299 303 308 310 312 321 323 329 331 334 335 337 343 344 355 359 360 364 366 368 369 370 376 378 387 391 392 397 400 405 406 409 413 414 424 430 435 438 441 442 443 444 445 450 458 461 464 465 467 482 493 495 497 498 500 515 516 518 521 526 529 537 539 541 543 545 553 554 556 563 564 566 571 574 582 583 584 586 588 601 604 605 606 609 622 624 629 632 634 639 667 673 682 

Test #17
196 

Test #18


Test #19


Test #20
331 462 

Test #21
3 6 10 12 14 17 23 29 37 47 58 59 65 67 68 73 80 81 82 86 89 90 92 103 110 112 116 133 134 139 143 153 156 168 170 174 178 181 186 200 205 207 208 216 217 239 258 265 280 302 303 323 331 337 344 347 360 364 368 369 370 376 384 400 414 438 441 450 458 464 468 471 480 494 502 526 537 539 541 545 553 554 556 558 561 564 566 572 604 605 606 634 651 

Test #22
1 6 12 14 39 50 63 79 82 127 130 157 171 174 188 214 222 228 229 253 254 280 309 310 331 348 374 409 420 432 447 448 462 478 490 506 526 581 583 592 598 653 

Test #23
0 6 10 11 12 14 16 24 26 28 36 37 52 56 57 59 60 65 67 77 81 82 84 89 91 92 95 98 99 104 105 106 109 116 123 128 130 133 138 143 144 148 168 170 173 174 180 181 187 194 197 200 215 216 217 221 225 230 232 240 245 248 251 253 258 260 262 269 270 271 278 280 282 284 286 295 297 299 303 308 310 312 318 321 322 323 331 334 335 337 344 345 355 359 364 368 369 376 378 382 387 392 395 397 400 405 406 409 413 424 442 443 444 465 491 492 493 495 497 498 500 510 515 518 521 526 529 541 550 553 554 556 564 566 569 582 583 584 586 597 605 606 609 618 624 626 629 639 653 660 674 679 

Test #24
2 13 17 18 21 22 23 27 31 34 48 49 54 71 76 80 90 93 95 102 103 108 111 112 117 123 124 128 131 135 136 139 140 146 151 158 159 165 176 178 183 184 186 190 192 194 199 202 207 218 221 224 227 233 235 236 237 240 243 252 253 257 259 267 268 278 279 281 283 286 296 298 300 304 306 312 313 328 329 332 334 341 343 351 353 354 356 366 367 377 381 385 391 392 401 403 406 407 410 414 421 425 429 435 437 439 444 445 455 456 458 460 461 464 466 467 471 473 474 479 481 483 484 486 488 495 496 498 512 513 514 521 522 523 525 527 533 535 537 538 540 546 557 558 562 563 574 580 583 585 587 594 595 601 602 609 611 614 619 623 631 632 633 635 640 644 647 649 656 667 678 681 683 693 

Test #25
17 23 37 77 89 103 106 112 114 116 134 156 197 203 208 225 233 245 260 307 321 355 360 378 379 396 405 458 464 468 494 529 537 541 572 591 629 634 637 662 

Test #26
35 37 209 242 354 357 379 419 

Test #27


Test #28
207 238 363 464 

Test #29
0 6 10 12 14 37 59 65 67 77 81 82 89 92 106 116 128 133 143 144 148 168 170 174 181 187 197 200 215 216 217 225 230 245 258 260 271 280 297 303 308 318 321 323 331 337 344 355 364 368 369 376 378 392 397 400 405 492 510 526 529 541 553 554 556 564 566 569 582 605 606 629 653 679 

Test #30
1 6 12 14 39 50 63 79 82 127 130 157 171 174 188 214 222 228 229 253 254 280 309 310 331 348 374 409 420 432 447 448 462 478 490 506 526 581 583 592 598 653 

Test #31
8 21 34 38 44 48 53 54 59 69 70 87 96 113 117 118 119 121 126 135 140 142 147 149 152 164 179 183 195 215 220 229 247 270 272 275 281 287 290 291 295 298 300 306 330 333 345 346 355 356 380 390 410 412 421 423 424 429 446 454 463 474 479 484 486 490 503 507 513 517 519 535 538 540 552 559 562 587 593 596 611 619 630 631 646 647 648 659 668 670 671 687 

Test #32


Test #33
12 81 82 315 416 510 569 629 

Test #34
29 75 78 170 206 227 239 338 358 389 429 453 475 542 590 605 608 633 663 

Test #35


Test #36


Test #37


Test #38


Test #39
378 405 591 

Test #40
17 18 20 23 27 31 34 61 71 76 80 93 95 101 103 111 124 151 158 159 160 161 176 178 186 190 192 193 194 213 218 221 227 233 236 240 243 252 255 259 265 267 278 283 286 294 300 302 304 306 312 313 319 328 329 332 334 338 341 343 350 354 377 385 391 392 394 406 410 414 421 425 429 430 436 439 444 445 453 460 461 465 467 471 472 473 474 475 481 488 496 502 514 521 522 525 527 533 535 540 546 557 558 565 574 580 584 585 587 594 600 607 609 614 632 633 635 636 643 644 645 656 678 

Test #41
29 35 75 78 114 170 175 206 208 209 225 227 239 242 338 354 358 379 389 419 429 453 475 529 542 590 605 633 663 676 686 

Test #42


Test #43
10 20 29 33 65 68 73 92 93 143 151 158 160 161 168 170 185 218 227 239 255 258 265 314 316 319 337 341 358 361 369 370 372 384 385 418 425 429 430 438 440 450 453 460 468 475 533 553 560 579 585 589 605 633 658 665 

Test #44
35 37 114 203 208 225 242 321 357 379 464 529 537 590 634 

Test #45


Test #46


Test #47


Test #48


Test #49


Test #50
1 6 12 14 50 53 55 63 70 72 79 81 82 97 100 109 113 117 123 125 127 130 137 154 157 168 171 174 177 179 180 188 195 201 212 214 221 222 228 229 246 249 253 254 256 280 292 309 310 324 331 337 348 374 375 386 388 390 400 409 420 422 423 431 432 433 447 448 452 459 489 490 495 506 508 526 530 547 569 583 598 609 624 626 628 652 653 657 691 

Test #51
549 

Test #52


Test #53


Test #54
24 26 28 32 34 36 38 42 48 52 53 56 57 59 60 67 69 70 74 84 88 92 95 99 104 105 109 113 117 118 121 123 126 128 130 132 138 142 143 144 148 149 150 152 164 170 173 179 180 188 194 195 200 213 215 220 221 225 229 232 240 245 247 248 251 253 256 260 261 262 269 270 272 276 278 282 284 287 289 291 295 299 300 305 308 310 312 318 321 324 333 334 335 345 346 352 355 356 359 365 369 375 382 387 390 392 395 399 402 406 409 410 412 413 417 423 424 434 435 442 443 444 446 454 461 463 465 479 484 486 487 490 493 495 497 498 503 507 509 513 515 517 518 521 524 530 536 554 555 559 562 566 568 573 583 584 586 596 599 603 605 609 611 612 621 624 626 639 648 669 673 674 688 

Test #55
17 23 37 77 106 112 114 116 134 156 203 208 225 242 307 321 355 357 360 378 379 396 405 464 468 494 529 537 541 590 591 634 637 

Test #56


Test #57
8 21 34 38 44 48 53 54 59 69 70 87 96 113 117 118 119 121 126 135 140 142 147 149 152 164 179 183 195 215 220 229 247 256 270 272 275 281 287 290 291 295 298 300 306 330 333 345 346 355 356 380 390 410 411 412 421 423 424 429 446 454 457 463 474 479 484 486 490 503 507 509 513 517 519 535 538 540 552 559 562 587 593 596 611 619 630 631 646 647 648 668 670 671 687 

Test #58
13 18 27 31 48 49 51 71 80 85 93 95 111 117 126 128 135 140 155 159 169 176 183 186 189 191 192 196 199 207 218 219 223 243 259 268 278 286 288 291 296 298 301 311 312 313 326 329 332 340 343 351 367 391 403 408 414 445 460 461 464 467 484 486 488 514 521 527 528 533 538 546 557 562 574 611 614 617 620 623 638 642 644 

Test #59
115 207 210 238 268 291 301 363 464 

Test #60


Test #61


Test #62
2 13 17 18 22 27 31 34 40 48 49 54 71 80 90 93 95 102 103 111 117 123 124 126 128 131 135 140 146 151 155 158 159 165 169 176 183 184 186 189 190 192 194 199 207 218 224 227 235 236 240 243 252 253 257 259 267 268 278 279 281 286 288 291 296 298 300 306 311 312 313 328 329 332 334 340 341 343 351 354 356 366 367 377 381 391 401 403 406 407 408 410 414 421 425 429 435 437 444 445 456 458 460 461 464 466 467 471 474 479 481 483 484 486 488 496 512 513 514 521 522 523 525 527 533 535 537 538 540 546 557 558 562 563 574 580 587 602 607 609 611 614 617 619 623 631 632 633 635 640 644 647 649 656 678 681 683 

Test #63
10 14 15 20 29 30 33 65 68 73 92 93 143 151 158 160 161 168 170 176 185 205 206 217 218 227 239 255 258 265 283 304 313 314 316 319 337 338 341 342 344 354 358 361 368 369 370 372 384 385 418 425 429 430 436 438 440 450 453 460 468 472 475 488 525 533 540 545 548 553 560 565 579 584 585 589 594 605 606 633 658 665 684 

Test #64
386 569 591 

Test #65
191 196 

Test #66
2 4 5 7 11 16 17 18 19 20 22 23 24 26 28 29 33 43 47 56 57 66 71 73 83 86 90 95 101 102 103 104 108 109 110 112 123 128 134 138 139 153 163 165 166 173 180 182 184 192 194 202 207 208 213 221 226 233 235 239 240 248 251 253 257 266 278 284 286 293 295 299 308 310 312 329 334 335 343 360 366 367 381 387 391 392 406 409 413 414 415 430 435 442 443 444 445 455 458 461 464 465 467 476 482 493 495 498 505 515 516 518 521 537 543 557 563 571 574 583 584 588 601 604 609 622 632 634 644 667 

Test #67


Test #68


Test #69
1 6 12 14 50 53 63 79 82 113 125 127 130 157 171 174 180 188 201 214 222 228 229 246 249 253 254 256 280 309 310 331 337 348 374 375 400 409 420 423 432 433 447 448 452 462 478 489 490 506 526 547 583 598 609 626 628 652 653 657 

Test #70
3 6 10 11 12 14 16 18 22 33 37 58 59 65 67 77 81 82 84 89 92 99 106 108 116 133 143 148 168 170 174 181 187 197 200 215 216 217 225 230 233 235 245 257 258 260 274 280 282 286 297 303 321 323 331 337 344 355 364 368 369 370 376 378 382 391 397 400 405 438 441 445 450 458 482 500 516 526 529 539 541 545 553 554 556 561 564 566 572 582 591 604 605 606 629 662 673 682 

Test #71


Test #72
71 95 115 191 192 196 210 278 312 326 363 546 641 

Test #73


Test #74
29 35 75 78 92 114 168 170 175 185 206 209 227 239 338 354 358 362 389 419 429 453 470 475 542 561 579 585 605 608 633 663 676 685 

Test #75


Test #76
386 569 

Test #77


Test #78
10 20 29 33 65 68 73 92 93 151 158 160 161 168 170 185 218 227 239 255 258 265 316 319 334 337 341 358 361 369 370 372 384 385 418 425 429 430 438 440 453 460 468 475 533 553 560 565 579 585 589 605 614 632 633 658 665 

Test #79
35 37 114 175 208 209 225 242 354 357 379 389 419 429 529 542 590 686 

Test #80
0 6 10 12 14 24 26 28 36 37 52 56 57 59 60 65 67 77 81 82 84 89 91 92 95 98 99 104 105 106 109 116 123 128 130 133 138 143 144 148 168 170 173 174 180 181 187 194 197 200 211 215 216 217 221 225 230 232 240 245 248 251 253 258 260 269 270 271 278 280 282 284 286 295 297 299 303 308 310 312 318 321 322 323 331 334 335 337 344 345 355 359 364 368 369 378 382 387 392 397 400 405 406 409 413 416 424 442 443 444 449 465 491 492 493 495 497 498 500 501 510 515 518 526 529 541 550 553 554 556 564 566 569 582 583 584 586 597 605 606 609 618 624 626 629 639 653 660 674 679 

Test #81


Test #82


Test #83
386 569 

Test #84
6 10 12 14 29 30 35 47 58 65 67 68 73 80 81 92 143 153 168 170 178 181 186 200 205 216 217 239 258 265 302 303 323 331 337 342 344 347 354 361 362 364 368 369 370 376 384 400 436 438 441 450 468 471 480 494 502 526 545 553 556 558 561 564 566 600 605 606 608 651 

Test #85


Test #86


Test #87
64 95 115 135 198 204 207 210 238 241 268 291 301 363 464 641 642 655 

Test #88


Test #89


Test #90


Test #91


Test #92


Test #93
2 4 9 11 16 17 18 20 22 23 24 26 54 56 57 71 90 95 101 102 103 104 108 109 110 111 112 123 128 138 139 146 153 163 165 184 192 194 202 207 221 233 234 235 239 240 248 252 253 257 268 278 284 286 293 294 312 329 334 335 343 353 360 366 367 381 383 385 387 391 392 406 413 414 415 435 442 443 444 445 455 458 461 464 465 466 467 472 473 475 476 483 495 498 505 514 515 518 521 532 537 557 563 574 577 583 584 585 601 604 609 622 623 632 634 644 649 667 690 692 

Test #94
17 23 77 103 106 112 134 156 197 203 225 233 245 307 321 355 378 379 396 405 468 494 529 541 572 591 629 634 637 662 

Test #95
18 27 49 64 71 80 85 95 111 126 140 169 191 192 196 204 210 219 223 241 243 259 273 278 296 312 313 326 329 332 363 391 408 414 445 467 486 521 538 546 557 562 574 614 620 638 641 642 644 

Test #96
18 71 80 111 169 191 192 196 204 210 219 223 278 312 326 332 363 486 538 546 614 638 

Test #97
17 23 37 103 112 114 116 134 156 203 208 225 242 307 321 355 357 360 379 396 464 468 494 529 537 541 590 634 637 

Test #98


Test #99
590 

Test #100
45 269 675 

Test #101
35 37 357 464 

Test #102


Test #103
18 27 71 80 85 95 111 115 140 169 191 192 196 204 210 219 223 241 278 312 326 329 332 363 408 486 538 546 574 614 638 641 

Test #104


Test #105


Test #106


Test #107
45 100 269 675 

Test #108
31 34 93 103 151 160 193 218 240 252 300 306 319 328 334 350 394 406 421 439 444 453 460 522 533 535 565 607 609 614 632 633 636 664 678 

Test #109
38 59 215 229 281 412 490 630 646 659 

Test #110


Test #111
127 214 222 549 

Test #112


Test #113
1 6 12 14 50 53 55 63 79 81 82 113 123 130 137 154 157 168 171 174 177 180 188 201 212 214 221 222 229 246 249 253 254 280 292 309 310 331 337 348 374 375 386 390 400 409 420 423 432 433 447 448 452 489 490 506 526 547 569 583 598 606 609 626 628 652 653 657 691 

Test #114


Test #115
57 109 125 127 216 231 254 388 549 613 

Test #116
8 21 24 32 34 36 38 42 48 53 59 69 70 74 87 88 104 113 117 118 121 126 132 140 142 143 149 150 152 164 170 173 179 188 195 200 215 220 225 229 247 251 256 261 269 270 272 276 287 289 291 295 298 300 305 318 321 324 325 333 334 336 345 346 352 355 356 365 369 375 382 390 399 402 410 412 423 424 429 434 442 446 454 457 463 479 484 486 487 490 493 497 503 507 509 513 517 524 530 531 535 536 538 554 555 559 562 568 573 596 599 603 611 612 621 625 631 639 648 669 672 688 

Test #117


Test #118
1 10 32 37 45 52 56 57 62 74 88 100 109 116 117 125 127 129 138 162 167 172 177 201 216 217 229 230 231 246 248 249 263 271 282 289 322 323 327 348 374 387 388 393 398 399 420 426 432 433 447 469 485 486 491 506 511 524 541 549 550 551 559 562 584 603 613 615 618 628 650 652 654 660 680 

Test #119
35 114 175 208 225 242 354 362 379 471 529 561 564 566 590 608 651 

Test #120
386 569 591 

Test #121


Test #122
386 569 591 

Test #123
6 10 11 12 14 16 22 24 26 28 33 36 37 52 56 57 59 60 65 67 71 77 81 82 83 84 89 91 92 95 99 104 105 106 108 109 116 123 128 130 133 138 143 144 148 168 170 173 174 180 181 182 187 194 197 200 213 215 216 217 221 225 226 230 232 235 239 240 245 248 251 253 258 260 262 266 274 278 280 282 284 286 295 297 299 303 308 310 312 318 321 322 323 329 331 334 335 337 344 345 355 359 364 368 369 378 382 387 391 392 395 397 400 405 406 409 413 417 424 430 435 442 443 444 445 461 465 467 482 491 493 495 497 498 500 510 515 516 518 521 526 529 541 543 553 554 556 563 564 566 574 582 583 584 586 597 605 606 609 618 624 626 629 632 639 667 673 674 679 

Test #124
8 40 53 87 90 94 118 124 126 131 141 142 147 151 155 158 189 237 291 311 328 341 349 354 377 380 381 390 428 437 454 474 499 507 538 552 575 587 602 616 630 671 677 694 

Test #125
16 24 26 28 32 34 36 38 42 48 52 53 56 57 59 60 69 70 71 84 88 95 99 104 109 113 117 118 121 123 126 128 130 132 138 142 144 149 150 152 164 173 179 180 182 188 194 195 200 213 220 221 225 226 229 232 235 240 247 248 251 253 256 262 266 270 272 274 276 278 282 284 287 291 295 299 300 308 310 312 318 321 324 333 334 335 345 346 355 356 359 365 375 382 387 390 392 395 399 406 409 410 412 413 417 423 424 430 435 442 443 444 445 446 454 461 463 465 467 479 484 486 487 490 493 495 497 498 503 507 509 513 515 517 518 521 530 536 543 562 573 574 583 584 586 596 603 609 611 621 624 626 639 648 667 669 673 688 

Test #126


Test #127
386 569 

Test #128
1 6 12 14 39 50 63 79 82 127 130 157 171 174 188 214 222 228 229 253 254 280 309 310 331 348 374 409 420 432 447 448 462 478 490 506 526 581 583 592 598 653 

Test #129


Test #130
21 34 38 48 53 54 59 69 70 87 113 117 118 119 121 126 140 141 142 149 152 163 164 179 183 195 229 247 256 270 272 275 287 291 298 300 306 330 333 345 346 355 356 380 390 410 411 412 423 424 429 446 454 463 479 484 486 490 503 507 513 517 525 535 540 543 552 562 580 593 596 611 619 631 647 648 668 670 671 687 

Test #131


Test #132


Test #133
216 549 

Test #134
8 40 87 90 94 118 126 141 142 147 151 189 237 291 311 341 377 380 390 428 454 499 507 552 575 602 616 671 694 

Test #135


Test #136
35 37 114 175 208 209 225 242 354 357 379 389 419 429 529 542 590 686 

Test #137
13 21 22 34 40 48 54 90 113 117 118 124 126 128 131 135 140 142 151 155 158 165 176 183 189 190 195 207 227 235 237 257 268 288 291 296 298 300 301 306 311 328 341 349 351 356 367 371 377 380 381 401 403 407 408 410 423 425 428 429 435 437 454 456 458 464 466 471 474 479 483 484 486 499 503 512 513 523 525 535 537 538 540 544 562 563 575 578 580 587 595 602 611 616 617 619 623 630 631 635 640 647 649 656 661 677 681 683 

Test #138


Test #139


Test #140


Test #141
17 23 37 77 103 106 112 114 116 134 156 197 203 208 225 233 242 245 307 321 355 357 360 378 379 396 405 464 468 494 529 537 541 590 591 629 634 637 662 

Test #142


Test #143


Test #144
24 32 36 37 38 42 45 46 48 52 53 57 59 60 62 67 69 70 74 77 84 88 91 92 99 100 104 106 107 113 116 117 118 120 121 126 132 133 137 142 143 145 148 149 150 152 164 167 170 172 173 177 179 188 195 200 212 215 216 220 225 229 230 240 248 249 250 251 256 260 261 263 264 269 270 271 272 276 285 287 289 291 295 305 309 312 318 321 322 323 324 325 327 333 334 335 336 339 344 345 346 348 352 355 359 369 375 378 382 390 393 398 399 402 405 412 413 423 424 433 434 442 446 449 451 454 465 469 477 479 484 486 487 490 491 492 493 497 501 503 507 513 517 520 524 530 531 536 550 553 554 559 562 567 568 573 576 584 586 596 597 599 603 605 610 611 612 621 625 627 639 648 654 660 669 672 674 

Test #145
2 4 5 6 7 10 11 12 14 16 17 18 19 22 23 24 26 28 29 33 47 56 57 58 59 65 67 68 71 73 80 81 82 83 86 90 92 95 101 103 104 108 109 110 112 123 128 133 134 138 139 143 153 165 166 168 170 174 178 180 181 184 186 192 194 200 205 207 208 213 216 217 221 226 233 235 239 240 248 253 257 258 266 278 284 286 302 303 308 310 312 323 329 331 334 335 337 343 344 360 364 366 367 368 369 370 376 381 384 387 391 392 400 406 413 414 430 435 438 441 442 443 444 445 450 455 458 461 464 465 467 468 471 480 482 494 495 498 502 515 518 521 526 537 539 545 553 554 556 557 558 563 564 572 574 583 584 588 601 604 605 606 609 622 632 634 667 

Test #146
8 21 32 34 36 38 41 42 44 48 53 54 59 69 70 74 87 88 96 113 117 118 119 121 126 132 135 140 142 149 150 152 164 179 183 188 195 200 215 220 225 229 247 256 269 270 272 275 276 287 290 291 295 298 300 305 306 318 321 324 330 333 345 346 352 355 356 365 375 380 390 399 410 411 412 423 424 429 446 454 457 463 474 479 484 486 490 493 503 507 509 513 517 519 530 531 535 536 538 540 552 555 559 562 573 587 593 596 603 611 619 621 631 647 648 668 669 670 671 687 688 

Test #147


Test #148
29 37 75 78 114 170 175 206 208 209 225 242 338 354 379 389 419 429 529 542 590 633 676 686 

Test #149


Test #150
386 569 

Test #151


Test #152


Test #153
31 93 151 160 193 218 240 252 265 300 319 328 334 394 430 444 453 460 533 535 565 609 614 632 633 678 

Test #154
17 18 23 27 31 34 49 71 76 80 93 95 103 111 124 151 159 160 176 186 192 193 194 199 213 218 221 236 240 243 252 259 267 278 286 300 306 312 313 319 328 329 332 334 343 350 377 391 392 394 406 410 414 421 430 436 439 444 445 453 460 461 467 474 481 488 496 514 521 522 527 533 535 546 557 558 565 574 580 587 607 609 614 632 633 636 644 664 678 

Test #155


Test #156


Test #157
0 6 10 12 14 26 67 81 82 89 92 98 113 123 130 137 144 168 171 174 179 180 194 211 212 217 221 231 244 253 256 258 261 264 269 270 278 280 284 285 297 299 303 309 310 315 324 331 337 364 375 390 397 400 405 409 412 416 423 427 443 449 459 479 490 495 507 510 517 520 526 534 541 547 551 556 564 569 573 582 583 606 609 624 626 629 653 657 660 679 

Test #158
386 569 

Test #159


Test #160


Test #161
8 21 32 34 36 38 41 42 48 53 54 59 69 70 74 87 88 96 113 117 118 121 126 132 135 140 142 149 150 152 164 170 179 188 195 200 215 220 225 229 247 256 261 269 270 272 276 287 290 291 295 298 300 305 318 321 324 325 333 345 346 352 355 356 365 375 380 390 399 402 410 411 412 423 424 429 446 454 457 463 474 479 484 486 487 490 493 497 503 507 509 513 517 519 530 531 535 536 538 555 559 562 573 587 593 596 603 611 621 631 648 654 668 669 672 688 

Test #162
45 62 100 116 135 269 290 393 474 675 

Test #163


Test #164


Test #165


Test #166
0 1 10 32 37 38 45 46 52 53 56 57 62 70 74 88 89 95 100 109 116 117 120 126 129 133 138 142 152 162 167 172 177 181 187 188 195 201 216 217 229 230 231 232 246 248 249 258 260 263 271 282 285 287 289 315 322 323 325 327 333 336 344 348 378 387 388 393 398 399 413 416 420 422 426 432 433 446 447 451 454 469 485 486 491 492 500 501 511 513 524 530 541 550 551 559 562 564 576 584 603 610 613 615 618 621 627 628 650 652 654 660 674 680 

Test #167
1 6 12 14 50 53 55 63 79 81 82 113 123 125 130 137 154 157 168 171 174 177 180 188 201 212 214 221 222 229 246 249 253 254 280 292 309 310 331 337 348 374 375 386 390 400 409 420 423 432 433 447 448 452 489 490 506 526 547 569 583 598 606 609 626 628 652 653 657 691 

Test #168
207 238 268 301 363 464 

Test #169
29 75 78 114 170 175 206 208 209 225 227 239 242 338 354 389 419 429 529 542 590 605 633 663 676 686 

Test #170
478 

Test #171
1 6 12 14 39 50 63 79 82 127 130 157 171 174 180 188 214 222 228 229 253 254 280 309 310 331 348 374 409 420 432 447 448 462 478 490 506 526 581 583 592 598 653 

Test #172


Test #173


Test #174
216 549 

Test #175
62 

Test #176
117 135 207 268 291 301 367 464 

Test #177


Test #178
57 216 549 584 680 

Test #179


Test #180


Test #181
35 37 209 242 379 

Test #182
6 14 39 50 63 79 130 157 171 174 188 214 222 228 253 254 280 310 331 374 409 432 462 490 526 581 583 592 598 

Test #183
2 4 5 9 11 16 17 18 19 20 22 23 24 26 28 29 33 47 54 56 57 71 73 83 90 95 101 102 103 104 108 109 110 111 112 123 128 134 138 139 146 153 163 165 166 184 192 194 202 207 208 213 221 233 234 235 239 240 248 252 253 257 267 268 278 284 286 293 294 308 312 329 334 335 343 360 366 367 381 383 385 387 391 392 406 413 414 415 430 435 442 443 444 445 455 458 461 464 465 466 467 472 473 475 476 483 495 498 505 515 518 521 537 557 563 574 577 583 584 588 601 604 609 622 632 634 644 647 667 692 

Test #184
188 331 462 526 592 

Test #185
2 4 5 7 11 16 17 18 19 22 23 24 26 28 29 33 43 47 56 57 60 66 71 73 83 86 90 95 101 103 104 108 109 110 112 123 128 130 134 138 139 153 163 165 166 173 180 182 184 192 194 207 208 213 221 226 232 233 235 239 240 248 251 253 257 266 274 278 284 286 295 299 308 310 312 329 334 335 343 359 360 366 367 381 387 391 392 406 409 413 414 415 424 430 435 442 443 444 445 455 458 461 464 465 467 476 482 493 495 497 498 505 515 516 518 521 537 543 557 563 571 574 583 584 588 601 604 609 622 624 632 634 639 667 

Test #186
269 675 

Test #187
0 6 10 12 14 24 26 28 36 37 42 46 52 53 56 57 59 60 67 69 70 72 77 81 82 84 89 91 92 95 97 98 99 104 105 106 109 113 116 117 118 120 123 128 130 133 137 138 143 144 148 150 152 164 168 170 171 173 174 179 180 181 187 188 194 195 197 200 211 212 215 216 217 221 225 229 230 231 232 240 244 248 250 251 253 256 258 260 261 263 264 269 270 271 272 276 278 280 282 284 285 287 289 295 297 299 303 305 308 309 310 312 315 318 321 322 323 324 331 334 335 337 339 344 345 352 355 359 364 369 375 378 382 387 390 395 397 400 404 405 406 409 412 413 416 423 424 427 433 434 442 443 444 449 451 454 465 479 490 491 492 493 495 497 498 500 501 507 510 515 517 518 520 526 529 530 534 536 541 547 550 551 553 554 556 564 567 569 573 576 582 583 584 586 597 599 605 606 609 610 611 612 613 618 624 626 627 629 639 653 657 660 669 674 679 

Test #188


Test #189
362 

Test #190
2 9 11 17 18 19 20 23 33 54 61 76 80 90 101 103 110 111 136 138 146 158 161 165 176 178 184 186 190 192 202 205 207 213 224 227 233 234 236 252 255 257 259 267 268 277 279 281 283 286 293 294 302 304 313 332 338 341 343 350 354 366 367 370 372 373 381 383 385 392 414 425 429 430 436 439 442 443 458 461 464 465 466 471 472 473 475 481 483 488 502 505 512 515 518 522 523 525 537 540 548 558 560 565 577 583 584 585 588 589 594 600 632 635 643 644 645 647 656 658 

Test #191
115 135 198 207 210 238 268 291 301 363 464 

Test #192


Test #193


Test #194


Test #195
6 10 12 14 15 19 20 29 30 33 61 65 68 73 80 81 92 143 158 168 170 176 178 185 186 205 206 213 217 227 239 258 259 265 277 283 294 302 313 314 323 331 332 337 338 341 342 344 347 350 354 361 364 368 369 370 372 373 376 383 384 385 400 425 429 430 436 438 443 450 465 468 471 472 473 475 480 488 502 525 540 545 548 553 558 560 579 585 588 594 600 605 606 643 645 658 666 684 

Test #196
17 23 37 77 103 106 112 114 116 134 156 197 203 208 225 242 245 307 321 355 357 360 378 379 396 405 464 468 494 529 537 541 590 591 629 634 637 662 

Test #197


Test #198


Test #199
17 23 37 68 89 90 103 106 112 114 116 134 148 156 197 203 207 208 225 242 245 257 297 307 321 355 357 360 378 379 396 397 405 441 458 464 468 494 529 537 541 561 566 570 572 590 591 604 629 634 637 651 662 

Test #200
386 569 

Test #201
23 37 106 114 203 208 225 242 321 357 360 378 379 405 464 529 537 590 591 634 

Test #202
3 6 10 12 14 17 18 23 29 37 58 59 65 67 68 73 77 81 82 86 89 90 92 103 106 110 112 116 133 134 139 143 148 153 156 168 170 174 181 197 200 205 207 208 215 216 217 225 230 233 239 245 257 258 260 280 297 303 307 321 323 331 337 344 355 360 364 368 369 370 376 378 379 396 397 400 405 414 438 441 450 458 464 468 494 502 526 529 537 539 541 545 553 554 556 561 564 566 570 572 591 604 605 606 629 634 637 651 662 682 

Test #203
35 37 114 175 208 209 225 242 354 357 379 389 419 529 590 

Test #204


Test #205


Test #206
7 11 16 22 24 26 28 29 33 43 52 56 57 60 66 71 73 83 84 95 99 101 104 108 109 123 128 130 134 138 144 163 173 180 182 194 208 213 221 226 232 235 239 240 248 251 253 266 274 278 284 286 295 299 308 310 312 329 334 335 359 366 382 387 391 392 406 409 413 415 424 430 435 442 443 444 445 455 461 465 467 476 482 493 495 497 498 505 515 516 518 521 543 557 563 571 574 583 584 586 588 601 609 622 624 632 639 667 673 

Test #207
8 87 94 141 142 147 291 507 552 602 616 694 

Test #208
6 10 14 15 19 20 29 30 33 61 65 68 73 80 81 92 93 143 158 160 161 168 170 176 178 185 186 205 206 213 217 227 239 255 258 259 265 277 283 294 302 313 314 316 323 331 332 337 338 341 342 344 347 350 354 358 361 362 368 369 370 372 373 376 383 384 385 389 418 425 429 430 436 438 440 450 460 465 468 470 471 472 473 475 488 502 525 533 540 545 548 553 558 560 579 585 588 589 594 600 605 606 643 645 658 665 666 684 

Test #209


Test #210


Test #211


Test #212
8 24 32 36 38 42 45 48 53 59 62 69 70 74 88 100 104 107 113 116 117 118 121 126 132 142 143 145 149 150 152 164 170 173 179 188 195 200 215 220 225 229 251 256 261 264 269 270 272 276 287 289 290 291 295 300 305 318 321 324 325 333 334 336 345 348 352 355 369 375 382 390 393 399 402 411 412 423 424 434 442 446 449 454 463 469 477 479 484 486 487 490 493 497 503 507 509 513 517 524 530 531 536 554 559 562 568 573 596 599 603 611 612 621 625 639 654 669 672 

Test #213
24 32 34 36 38 42 48 53 59 67 69 70 74 87 88 104 107 113 117 118 121 126 132 137 140 142 143 148 149 150 152 164 170 173 179 188 195 200 215 220 225 229 247 251 256 261 264 269 270 272 276 287 289 291 295 300 305 309 318 321 324 325 333 334 336 345 346 352 355 356 365 369 375 382 390 399 402 410 412 423 424 434 442 446 451 454 463 469 477 479 484 486 487 490 493 497 503 507 509 513 517 524 530 531 536 554 555 559 562 567 568 573 596 599 603 605 611 612 621 625 639 648 654 669 672 688 

Test #214


Test #215
386 569 

Test #216
29 35 68 75 78 92 114 168 170 175 185 206 209 227 239 338 354 358 362 384 389 418 419 429 453 470 472 475 542 561 579 585 605 608 633 663 665 

Test #217


Test #218


Test #219


Test #220
45 100 269 675 

Test #221
386 569 

Test #222


Test #223
0 6 10 12 14 24 26 28 36 37 52 56 57 59 60 65 67 77 81 82 84 89 91 92 95 98 99 104 105 106 109 116 123 128 130 133 138 143 144 148 168 170 173 174 180 181 187 194 197 200 211 213 215 216 217 221 225 230 232 240 245 248 251 253 258 260 262 269 270 271 278 280 282 284 286 295 297 299 303 308 310 312 318 321 322 323 331 334 335 337 344 345 355 359 364 368 369 378 382 387 392 395 397 400 405 406 409 413 416 424 435 442 443 444 449 461 465 491 492 493 495 497 498 500 501 510 515 518 521 526 529 541 550 553 554 556 564 566 569 582 583 584 586 597 599 605 606 609 612 618 624 626 629 639 653 660 669 674 679 

Test #224


Test #225


Test #226


Test #227


Test #228
0 1 6 10 12 14 50 53 55 56 62 63 70 72 79 81 82 89 95 97 100 109 113 117 123 125 127 130 137 138 154 157 168 171 172 174 177 179 180 187 188 195 201 212 214 217 221 222 229 231 232 244 246 249 253 254 256 258 263 264 280 282 285 289 292 299 309 310 315 324 327 331 337 348 374 375 386 387 388 390 398 400 409 416 420 422 423 426 431 432 433 447 448 452 459 479 489 490 495 500 506 507 508 520 526 530 534 541 547 551 569 573 583 598 606 609 613 624 626 628 650 652 653 657 691 

Test #229
24 32 38 42 45 46 48 53 57 60 62 69 70 74 77 84 88 91 99 100 106 107 113 116 117 120 121 126 129 132 133 137 142 145 149 150 152 167 172 177 179 188 195 212 216 220 229 240 249 250 251 256 260 261 264 269 272 276 285 287 289 291 305 309 322 323 324 325 327 333 334 335 336 339 344 348 352 369 375 378 390 393 398 399 405 412 413 423 433 434 446 449 451 454 463 465 469 477 479 484 485 486 487 490 491 492 497 501 503 507 509 511 513 517 524 530 531 536 553 554 559 562 567 568 573 576 584 586 599 603 611 612 621 625 627 639 654 660 672 674 

Test #230


Test #231
16 21 24 26 28 32 34 36 38 42 48 52 53 56 57 59 60 69 70 71 87 88 95 104 109 113 117 118 121 123 126 128 130 132 138 140 142 144 149 150 152 164 173 179 180 182 188 194 195 200 213 215 220 221 225 226 229 232 240 247 248 251 253 256 266 269 270 272 274 276 278 284 287 291 295 298 299 300 305 308 310 312 318 321 324 333 334 335 345 346 355 356 359 365 375 387 390 392 399 402 406 409 410 412 413 417 423 424 434 435 442 443 444 446 454 457 461 463 465 467 479 484 486 487 490 493 495 497 498 503 507 509 513 515 517 518 521 530 536 555 559 562 573 583 584 586 596 603 609 611 621 624 626 639 648 667 669 673 688 

Test #232


Test #233
115 207 210 238 268 291 301 363 464 

Test #234


Test #235
6 10 11 12 14 16 22 24 26 28 33 36 37 52 56 57 59 60 65 66 67 71 77 81 82 84 89 91 92 95 99 104 105 106 108 109 116 123 128 130 133 138 143 144 148 168 170 173 174 180 181 182 187 194 197 200 213 215 216 217 221 225 226 230 232 233 235 240 245 248 251 253 258 260 262 266 274 278 280 282 284 286 295 297 299 303 308 310 312 318 321 323 331 334 335 337 344 345 355 359 364 368 369 376 378 382 387 391 392 395 397 400 405 406 409 413 417 424 430 435 438 442 443 444 445 461 465 467 482 491 493 495 497 498 500 515 516 518 521 526 529 539 541 543 553 554 556 561 564 566 571 574 582 583 584 586 605 606 609 622 624 626 629 639 667 673 674 679 682 

Test #236
32 37 45 52 57 62 74 88 100 116 129 172 177 201 216 217 230 246 248 249 263 322 323 327 348 387 393 398 399 426 485 486 491 511 524 549 550 559 562 584 603 615 618 628 654 660 680 

Test #237
35 37 114 175 208 209 225 242 354 357 379 389 419 429 529 542 590 686 

Test #238
1 6 12 14 50 63 79 82 113 127 130 157 171 174 180 188 214 222 228 229 253 254 280 309 310 331 348 374 409 420 423 432 447 448 462 478 490 506 526 583 598 653 

Test #239
0 6 10 12 14 37 59 65 67 77 81 82 89 91 92 106 116 133 143 144 148 168 170 174 181 187 197 200 215 216 217 225 230 233 245 258 260 280 297 303 318 321 323 331 337 344 345 355 364 368 369 376 378 392 397 400 405 500 510 526 529 541 553 554 556 564 566 569 582 591 605 606 629 679 

Test #240
7 11 16 22 24 26 28 29 33 43 52 56 57 60 66 71 73 83 84 95 99 101 104 108 109 112 123 128 130 134 138 139 144 153 173 180 182 194 208 213 221 226 232 235 239 240 248 251 253 266 274 278 282 284 286 295 299 308 310 312 329 334 335 359 360 366 382 387 391 392 406 409 413 415 424 430 435 442 443 444 445 455 461 465 467 482 493 495 497 498 500 515 516 518 521 543 557 563 571 574 583 584 586 588 601 604 609 622 624 632 634 639 667 673 

Test #241
386 569 

Test #242


Test #243
0 1 6 10 12 14 28 32 37 38 45 50 52 53 55 56 57 60 62 63 69 70 72 74 81 82 88 89 91 95 97 100 105 106 109 113 116 117 123 129 130 133 137 138 142 145 152 162 167 168 171 172 174 177 179 180 181 187 188 195 197 201 211 212 216 217 221 229 230 231 232 244 246 248 249 250 253 256 258 263 264 271 272 280 282 285 287 289 292 297 299 309 310 315 322 323 324 325 327 331 333 337 339 344 348 374 375 378 387 388 390 393 398 399 400 404 409 412 413 416 420 422 423 426 427 431 432 433 434 443 444 447 452 454 459 465 469 479 486 489 490 491 492 495 500 501 506 507 508 513 517 520 524 526 529 530 534 541 547 550 551 553 559 564 569 573 576 583 584 586 598 603 606 609 610 613 615 618 621 624 626 627 628 650 652 653 654 657 660 

Test #244
45 62 269 675 

Test #245


Test #246
10 20 29 33 68 75 92 158 168 170 206 227 239 316 338 358 362 369 384 389 429 453 470 475 553 579 585 589 605 608 633 665 

Test #247


Test #248
35 37 114 208 209 225 242 354 357 379 419 429 529 542 590 686 

Test #249


Test #250
64 85 117 135 204 207 238 243 268 273 291 296 301 313 367 391 414 445 464 467 488 528 557 562 620 642 655 

Test #251
18 27 31 49 51 64 71 80 85 93 95 111 126 140 159 169 176 183 186 191 192 196 199 204 210 218 219 223 241 243 259 273 278 286 296 298 312 313 326 329 332 340 343 351 391 403 408 414 445 460 461 467 484 486 488 514 521 527 533 538 546 557 562 574 614 620 638 641 642 644 

Test #252
38 59 229 281 412 490 646 659 

Test #253
64 95 115 191 198 207 210 238 241 268 291 301 363 464 641 642 655 

Test #254
21 34 38 40 48 53 54 59 69 70 87 113 117 118 119 121 126 140 141 142 149 152 164 179 183 195 229 247 270 272 275 287 291 298 300 306 317 330 333 345 346 355 356 380 390 410 411 412 423 424 429 446 454 463 471 479 484 486 490 503 507 513 517 525 535 540 552 562 580 596 611 619 631 640 647 648 668 670 671 687 

Test #255
35 37 357 464 

Test #256
529 590 

Test #257
378 405 591 

Test #258


Test #259


Test #260
6 14 39 50 63 79 130 157 171 174 188 214 228 253 254 280 310 331 374 409 432 462 478 490 506 526 581 583 592 598 653 

Test #261
18 71 80 115 191 192 196 204 210 278 326 332 363 538 546 

Test #262


Test #263
118 377 380 466 575 677 

Test #264
115 207 210 238 268 301 363 464 

Test #265
21 34 38 48 53 54 59 69 70 87 113 117 118 119 121 126 140 141 142 149 152 164 179 183 195 229 247 256 270 272 275 287 291 298 300 306 330 333 345 346 355 356 380 390 399 410 411 412 423 424 429 446 454 457 463 479 484 486 490 503 507 513 517 525 535 540 543 552 562 580 593 596 611 619 631 647 648 668 670 671 687 

Test #266
135 207 268 291 301 367 464 655 

Test #267


Test #268
35 37 114 208 209 225 242 354 357 379 419 529 590 

Test #269
2 3 4 5 6 7 10 11 12 14 16 17 18 19 22 23 24 26 28 29 33 37 43 47 56 57 58 59 65 66 67 68 71 73 81 82 83 86 89 90 92 95 101 103 104 108 109 110 112 116 123 128 133 134 138 139 143 153 165 166 168 170 173 174 180 181 182 192 194 200 205 207 208 213 216 217 221 226 233 235 239 240 248 251 253 257 258 266 274 278 280 284 286 295 299 303 308 310 312 323 329 331 334 335 337 343 344 360 364 366 367 368 369 370 376 381 387 391 392 400 406 409 413 414 430 435 438 441 442 443 444 445 450 458 461 464 465 467 468 482 493 494 495 498 502 515 516 518 521 526 537 539 541 543 545 553 554 556 557 563 564 571 572 574 583 584 588 601 604 605 606 609 622 632 634 667 

Test #270


Test #271
18 

Test #272
115 191 210 363 

Test #273


Test #274


Test #275
6 10 14 15 19 20 29 30 33 61 65 68 73 80 81 92 93 101 143 158 160 161 168 170 176 178 185 186 190 205 206 213 217 227 236 239 255 258 259 265 277 283 294 302 304 313 314 316 323 331 332 337 338 341 344 350 354 358 361 368 369 370 372 373 376 383 384 385 418 425 429 430 436 438 440 450 460 465 468 471 472 473 475 481 488 502 512 525 533 540 545 548 553 558 560 565 579 584 585 588 589 594 600 605 606 635 643 645 656 658 665 666 684 

Test #276
18 71 80 85 111 169 191 192 196 204 210 219 223 241 278 312 326 332 486 538 546 614 638 

Test #277


Test #278
6 14 39 50 63 79 130 157 171 174 188 222 228 253 254 280 310 331 374 409 432 462 490 526 581 583 592 598 

Test #279


Test #280
1 6 12 14 50 53 63 79 82 125 127 130 157 171 174 180 188 201 214 222 228 229 246 249 253 254 256 280 309 310 331 348 374 375 388 400 409 420 423 432 433 447 448 452 459 462 478 490 506 526 530 583 592 598 609 626 628 652 653 

Test #281
8 13 22 40 48 90 117 118 126 128 131 135 140 142 151 155 183 189 195 207 237 268 288 291 296 298 311 341 351 367 371 377 380 381 401 403 408 423 425 428 435 454 456 458 464 466 479 483 484 486 499 513 523 538 544 562 563 575 578 595 602 611 616 617 623 677 

Test #282
3 6 10 12 14 17 18 23 37 58 59 65 67 68 77 81 82 86 89 90 92 103 106 112 114 116 133 134 143 148 156 168 170 174 181 197 200 203 207 208 215 216 217 225 230 233 245 257 258 260 280 297 303 307 321 323 331 337 344 355 360 364 368 369 370 376 378 379 396 397 400 405 414 438 441 450 458 464 468 494 526 529 537 539 541 545 553 554 556 561 564 566 570 572 591 604 605 606 629 634 637 651 662 682 

Test #283
31 93 151 160 193 218 240 252 300 328 334 394 444 453 460 533 535 565 609 614 632 633 678 

Test #284
0 1 6 10 12 14 28 37 50 52 53 55 56 62 63 70 72 74 79 81 82 89 95 97 100 105 109 113 116 117 123 130 137 138 145 152 154 157 162 168 171 172 174 177 179 180 181 187 188 195 197 201 211 212 214 216 217 221 222 229 230 231 232 244 246 248 249 253 254 256 258 263 264 271 280 282 285 287 289 292 297 299 309 310 315 322 323 324 327 331 337 348 374 375 386 387 388 390 398 399 400 404 409 412 413 416 420 422 423 426 427 431 432 433 443 444 447 448 452 459 479 489 490 491 495 500 506 507 508 517 520 526 529 530 534 541 547 550 551 564 569 573 583 584 598 606 609 613 618 624 626 628 629 650 652 653 657 660 679 691 

Test #285
1 6 12 14 39 50 53 63 79 82 125 127 130 157 171 174 180 188 201 214 222 228 229 246 249 253 254 280 309 310 331 348 374 388 400 409 420 432 433 447 448 462 478 490 506 526 530 581 583 592 598 609 626 652 653 

Test #286
8 21 32 34 36 38 40 44 48 53 54 59 69 70 87 94 113 117 118 119 121 126 135 140 141 142 147 149 152 164 179 183 195 220 227 229 247 256 270 272 275 276 281 287 291 295 298 300 306 317 330 333 345 346 355 356 375 380 390 399 410 411 412 421 423 424 429 446 454 457 463 471 474 479 484 486 490 503 507 509 513 517 525 535 538 540 552 562 573 580 587 593 596 603 611 619 630 631 640 646 647 648 668 670 671 687 

Test #287


Test #288
45 96 135 215 225 269 290 305 474 519 559 

Test #289


Test #290
2 4 5 6 10 11 12 14 16 17 18 19 20 22 23 24 26 28 29 30 33 47 56 57 58 65 67 68 71 73 80 81 82 83 86 90 92 95 101 103 104 108 109 110 112 123 128 134 138 139 143 153 165 166 168 170 174 178 181 184 186 192 194 200 205 207 208 213 216 217 221 233 235 239 240 248 253 257 258 265 278 284 286 293 302 303 308 312 323 329 331 334 335 337 343 344 360 364 366 367 368 369 370 376 381 384 387 391 392 400 406 413 414 415 430 435 438 441 442 443 444 445 450 455 458 461 464 465 467 468 471 475 480 494 495 498 502 505 515 518 521 526 537 545 553 554 556 557 558 563 572 574 583 584 588 601 604 605 606 609 622 632 634 644 667 

Test #291
1 6 12 14 39 50 63 79 82 127 130 157 171 174 180 188 201 214 222 228 229 253 254 280 309 310 331 348 374 409 420 432 447 448 462 478 490 506 526 581 583 592 598 626 653 

Test #292
6 10 11 12 14 16 22 24 26 28 33 36 37 52 56 57 58 59 60 65 67 71 77 81 82 84 89 92 95 99 104 105 106 108 109 116 123 128 130 133 138 143 144 148 168 170 173 174 180 181 187 194 197 200 213 215 216 217 221 225 230 232 233 235 240 245 248 251 253 258 260 262 266 274 278 280 282 284 286 295 297 299 303 308 310 312 318 321 323 331 334 335 337 344 345 355 359 364 368 369 376 378 382 387 391 392 395 397 400 405 406 409 413 417 424 435 438 442 443 444 445 461 465 482 491 493 495 497 498 500 515 516 518 521 526 529 539 541 553 554 556 561 564 566 571 582 583 584 586 605 606 609 622 624 626 629 639 667 673 679 682 

Test #293
21 34 38 48 53 54 59 69 70 87 113 117 118 119 121 126 140 141 142 149 152 163 164 179 183 195 229 247 256 270 272 275 287 291 298 300 306 317 330 333 345 346 355 356 380 390 410 411 412 423 424 429 446 454 463 479 484 486 490 503 507 513 517 525 535 540 552 562 580 596 611 619 631 647 648 668 670 671 687 

Test #294


Test #295
11 16 22 24 26 28 32 33 34 36 38 42 48 52 53 56 57 59 60 69 70 71 83 84 88 95 99 104 105 108 109 113 117 118 121 123 128 130 132 138 142 144 150 152 164 173 179 180 182 188 194 195 200 213 221 225 226 229 232 235 239 240 245 247 248 251 253 256 262 266 270 272 274 276 278 282 284 286 295 299 300 308 310 312 318 321 324 333 334 335 345 346 355 356 359 365 375 382 387 390 391 392 395 406 409 410 412 413 417 423 424 430 435 442 443 444 445 446 461 463 465 467 479 484 486 490 493 495 497 498 503 507 509 513 515 516 517 518 521 536 543 562 566 573 574 583 584 586 596 609 611 624 626 639 667 669 673 688 

Test #296


Test #297
6 14 39 79 130 157 171 188 253 254 280 310 320 331 374 409 432 462 490 526 581 583 592 598 689 

Test #298
18 196 326 

Test #299
38 59 229 281 412 490 646 659 

Test #300


Test #301
35 37 209 357 379 

Test #302


Test #303
27 71 80 95 115 191 192 196 198 210 219 223 241 278 312 326 329 332 363 538 546 638 641 642 

Test #304


Test #305
29 75 78 170 206 227 239 338 389 429 529 542 590 605 633 663 676 

Test #306
31 34 93 151 160 193 218 240 252 300 306 328 334 350 394 406 439 444 453 460 522 533 535 565 607 609 614 632 633 636 678 

Test #307


Test #308
10 15 20 29 33 65 68 73 92 93 143 151 158 160 161 168 170 185 206 218 227 239 255 258 265 283 314 316 319 337 341 358 361 369 370 372 384 385 418 425 429 430 438 440 450 453 460 468 475 525 533 545 553 560 579 585 589 605 633 658 665 684 

Test #309
6 10 12 14 19 29 30 47 58 61 65 67 68 73 80 81 82 92 143 153 168 170 178 181 185 186 200 205 216 217 239 258 265 302 303 323 331 332 337 342 344 347 361 364 368 369 370 376 384 400 438 441 450 468 471 473 480 494 502 526 545 553 556 558 564 566 572 600 605 606 645 666 684 

Test #310


Test #311
39 214 309 478 

Test #312
6 320 689 

Test #313
6 10 14 15 19 20 29 30 33 35 61 65 68 73 80 81 92 143 158 168 170 176 178 185 186 205 206 217 227 239 258 259 265 277 283 294 302 313 314 323 331 332 337 338 341 342 344 347 354 358 361 362 368 369 370 372 376 384 385 400 418 425 429 430 436 438 440 450 468 470 471 472 473 475 480 488 502 525 540 545 548 553 558 560 561 579 585 589 594 600 605 606 608 643 645 658 665 666 684 685 

Test #314


Test #315


Test #316
386 569 591 

Test #317
113 221 386 423 569 657 

Test #318


Test #319
416 569 

Test #320
216 549 

Test #321
2 4 9 11 16 17 18 20 22 23 24 26 28 56 57 71 83 90 95 101 102 103 104 108 109 110 111 112 123 128 138 139 146 153 163 165 184 192 194 202 207 221 233 234 235 239 240 248 252 253 257 278 284 286 293 294 312 329 334 335 343 360 366 367 381 385 387 391 392 406 413 414 415 435 442 443 444 445 455 458 461 464 465 467 473 475 476 495 498 505 515 518 521 537 543 557 563 574 583 584 585 601 604 609 622 632 634 644 649 667 690 

Test #322


Test #323


Test #324
50 63 79 130 174 214 409 478 581 598 

Test #325
10 15 20 29 33 65 68 73 92 93 151 158 160 161 168 170 185 218 227 239 255 258 265 316 319 337 341 358 361 369 370 372 384 385 418 425 429 430 438 440 450 453 460 468 475 533 553 560 579 585 589 605 633 658 665 

Test #326
37 114 203 208 225 242 321 357 360 379 464 529 537 561 566 590 634 651 

Test #327
24 28 32 37 38 42 45 46 48 52 53 57 60 62 69 70 74 77 84 88 91 99 100 106 107 113 116 117 120 121 126 129 132 133 137 142 145 149 150 152 167 172 177 179 188 195 201 212 216 220 229 230 240 248 249 250 251 256 260 261 263 264 271 272 276 285 287 289 291 309 322 323 324 325 327 333 334 335 336 339 344 348 352 369 375 378 390 393 398 399 405 412 413 423 433 434 446 449 451 454 465 469 477 479 484 485 486 487 490 491 492 497 501 503 507 511 513 517 520 524 530 531 536 550 553 559 562 567 568 573 576 584 586 599 603 610 611 612 621 625 627 654 660 672 674 

Test #328


Test #329


Test #330
64 95 115 135 198 204 207 210 238 241 268 291 301 363 464 641 655 

Test #331


Test #332
1 127 214 222 309 478 592 

Test #333
241 

Test #334


Test #335
6 14 39 50 63 79 130 157 171 174 188 214 228 253 254 280 309 310 331 374 409 432 448 462 478 490 506 526 581 583 592 598 653 

Test #336
6 12 14 55 63 72 81 82 97 113 123 130 137 154 168 171 174 177 180 212 221 253 256 280 292 309 310 315 324 331 337 375 386 390 400 409 416 423 431 452 459 479 489 490 507 526 547 569 583 606 609 624 626 653 657 

Test #337
2 4 9 11 16 17 18 20 21 22 23 26 27 34 54 61 71 80 90 95 101 102 103 104 108 111 112 123 124 128 131 136 139 146 151 158 165 176 178 184 186 190 192 194 202 207 221 224 227 233 235 240 248 252 253 257 267 268 278 279 281 283 284 286 294 300 302 304 306 312 313 328 329 332 334 341 343 353 354 356 360 366 367 377 381 385 391 392 406 407 410 414 421 425 429 435 436 437 439 442 444 445 455 456 458 461 464 465 466 467 471 472 473 474 475 476 481 483 488 495 498 502 512 514 515 518 521 522 523 525 532 535 537 540 557 558 563 574 577 580 583 584 585 587 594 601 602 609 619 623 631 632 635 640 644 647 649 656 667 678 681 683 690 693 

Test #338
115 191 196 210 363 

Test #339
55 81 137 154 168 177 212 221 292 324 337 386 390 416 489 547 569 606 

Test #340


Test #341
35 114 208 225 242 354 362 379 471 529 561 564 566 590 608 651 

Test #342


Test #343
7 11 16 22 24 26 28 29 33 36 43 52 56 57 60 66 71 73 83 84 95 99 101 104 108 109 123 128 130 134 138 144 163 173 180 182 194 208 213 221 226 232 235 239 240 248 251 253 262 266 274 278 282 284 286 295 299 308 310 312 329 334 335 359 366 382 387 391 392 395 406 409 413 415 417 424 430 435 442 443 444 445 455 461 465 467 476 482 493 495 497 498 515 516 518 521 543 557 563 566 571 574 583 584 586 588 601 609 622 624 626 632 639 667 673 

Test #344
2 6 10 11 14 15 17 18 19 20 23 24 29 30 33 61 65 68 73 80 81 90 92 101 103 109 110 111 138 143 158 161 163 165 168 170 176 178 184 185 186 190 192 205 207 213 217 227 233 234 236 239 255 257 258 259 265 268 277 283 286 293 294 302 304 313 314 323 331 332 337 338 341 342 343 344 347 350 354 361 367 368 369 370 372 373 376 381 383 384 385 414 425 429 430 436 438 443 450 458 464 465 466 468 471 472 473 475 481 483 488 502 505 512 515 518 525 537 540 545 548 553 558 560 565 579 584 585 588 594 600 605 606 632 635 643 644 645 656 658 666 684 692 

Test #345
24 28 32 36 37 38 42 45 46 48 52 53 57 59 60 62 67 69 70 74 77 84 88 91 92 99 100 104 106 107 113 116 117 118 120 121 126 132 133 137 142 143 145 148 149 150 152 164 167 170 172 173 177 179 188 195 200 201 212 215 216 220 225 229 230 240 248 249 250 251 256 260 261 263 264 269 270 271 272 276 285 287 289 291 295 305 309 312 318 321 322 323 324 325 327 333 334 335 336 339 344 345 348 352 355 359 369 375 378 382 390 393 398 399 402 404 405 412 413 423 424 433 434 442 444 446 449 451 454 465 469 477 479 484 486 487 490 491 492 493 497 501 503 507 513 515 517 520 524 530 531 536 550 553 554 559 562 567 568 573 576 584 586 596 597 599 603 605 610 611 612 613 621 625 627 639 654 660 669 672 674 

Test #346
38 59 229 281 412 490 646 659 

Test #347
35 37 114 170 208 209 225 242 354 357 379 419 429 529 542 590 686 

Test #348
24 32 34 36 38 42 46 48 53 59 67 69 70 74 77 88 92 99 104 107 113 117 118 120 121 126 132 137 140 142 143 145 148 149 150 152 164 167 170 172 173 179 188 195 200 215 220 225 229 240 247 250 251 256 260 261 264 269 270 272 276 285 287 289 291 295 300 305 309 318 321 324 325 333 334 336 339 344 345 346 348 352 355 356 365 369 375 378 382 390 399 402 405 412 423 424 434 442 446 449 451 454 463 469 477 479 484 486 487 490 492 493 497 503 507 509 513 517 524 530 531 536 554 555 559 562 567 568 573 586 596 599 603 605 611 612 621 625 627 639 648 654 669 672 674 688 

Test #349
23 106 378 405 591 634 

Test #350
8 21 22 34 40 48 53 54 90 94 113 117 118 124 126 128 131 135 140 141 142 146 151 155 158 165 183 184 190 195 207 224 227 235 237 253 257 268 279 281 288 291 298 300 306 311 317 328 341 346 349 351 354 356 366 367 371 377 380 381 390 401 403 407 410 421 423 425 428 429 435 437 454 455 456 458 464 466 471 474 479 483 484 486 499 503 512 513 523 525 535 537 538 540 544 562 563 575 578 580 587 595 602 611 616 619 623 630 631 635 640 647 649 656 661 670 677 681 683 694 

Test #351


Test #352


Test #353


Test #354
1 6 12 14 39 50 63 79 82 127 130 157 171 174 188 214 222 228 229 253 254 280 309 310 331 348 374 409 420 432 447 448 462 478 490 506 526 581 583 592 598 653 

Test #355
367 655 

Test #356
412 646 

Test #357
45 62 100 116 290 334 393 485 562 

Test #358
18 71 80 115 191 192 196 204 210 219 278 326 332 363 538 546 638 

Test #359
57 216 549 584 680 

Test #360
23 378 405 591 

Test #361
62 562 

Test #362


Test #363


Test #364
28 32 37 38 45 46 52 57 60 62 74 88 99 100 106 116 120 121 126 129 133 142 145 167 172 177 201 216 230 240 248 249 260 263 271 285 291 322 323 325 327 333 334 336 339 344 348 378 393 398 399 405 413 434 446 449 451 454 469 477 485 486 491 492 497 501 511 513 524 550 559 562 568 576 584 586 603 621 627 628 654 660 672 674 

Test #365
6 12 14 50 53 55 63 79 81 82 113 123 130 137 154 168 171 174 177 180 188 212 221 253 280 292 309 310 331 337 375 386 390 400 409 423 452 489 490 526 547 569 583 606 609 626 628 652 653 657 691 

Test #366
485 511 562 680 

Test #367


Test #368


Test #369
6 10 12 14 15 19 20 29 30 33 61 65 68 73 80 81 92 143 158 168 170 176 178 185 186 205 206 213 217 227 239 258 259 265 277 283 294 302 313 314 323 331 332 337 338 341 342 344 347 350 354 361 368 369 370 372 373 376 383 384 385 400 425 429 430 436 438 443 450 465 468 471 472 473 475 480 488 502 525 540 545 548 553 558 560 579 585 588 589 594 600 605 606 643 645 658 666 684 

Test #370
115 207 210 238 268 301 363 464 

Test #371


Test #372
24 26 28 32 34 36 38 42 48 52 53 56 57 59 60 69 70 74 84 87 88 95 99 104 109 113 117 118 121 123 126 128 130 132 138 140 142 143 144 149 150 152 164 170 173 179 180 188 194 195 200 213 215 220 221 225 229 232 240 247 248 251 253 256 262 269 270 272 276 278 284 287 289 291 295 299 300 305 308 310 312 318 321 324 333 334 335 345 346 352 355 356 359 365 369 375 382 387 390 392 399 402 406 409 410 412 413 417 423 424 434 435 442 443 444 446 454 461 463 465 479 484 486 487 490 493 495 497 498 503 507 509 513 515 517 518 521 530 536 554 555 559 562 568 573 583 584 586 596 599 603 605 609 611 612 621 624 626 639 648 669 673 688 

Test #373


Test #374
4 9 16 21 22 26 34 48 54 71 90 95 102 104 108 112 113 117 123 124 128 131 135 139 140 146 151 158 165 183 190 194 195 202 221 224 227 235 237 240 248 252 253 257 268 278 281 284 294 298 300 306 312 317 328 329 334 341 346 349 351 354 356 360 366 367 377 381 385 391 392 401 403 406 407 410 421 423 425 429 435 437 442 444 445 455 456 458 461 464 466 467 471 473 474 476 479 484 486 495 498 499 503 512 513 521 523 525 535 537 538 540 557 562 563 574 578 580 583 585 587 595 601 602 609 611 619 630 631 640 647 649 656 661 667 670 681 683 690 

Test #375


Test #376


Test #377
13 18 27 31 40 48 49 51 71 80 85 93 95 111 117 126 128 135 140 155 159 169 176 183 186 189 191 192 196 199 207 218 219 223 236 243 259 268 278 286 288 291 296 298 301 311 312 313 326 329 332 340 343 351 367 391 403 408 410 414 445 458 460 461 464 467 484 486 488 513 514 521 527 528 533 538 546 557 562 574 611 614 617 620 623 638 642 644 

Test #378
31 565 

Test #379
207 363 464 

Test #380
8 21 34 38 40 48 53 54 59 69 70 87 94 113 117 118 119 121 124 126 135 140 141 142 147 149 152 158 164 183 195 224 227 229 247 257 270 272 275 281 287 291 298 300 306 317 328 330 333 345 346 349 351 354 356 380 390 401 407 410 412 421 423 424 429 437 446 454 463 471 474 479 484 486 490 499 503 504 507 513 517 525 535 538 540 552 562 578 580 587 596 611 619 630 631 640 646 647 648 649 661 668 670 671 687 

Test #381


Test #382
0 1 6 10 12 14 24 26 28 32 36 37 38 42 45 46 48 52 53 56 57 59 60 62 67 69 70 72 74 77 81 82 84 88 89 91 92 95 97 98 99 100 104 105 106 109 113 116 117 118 120 123 126 130 133 137 138 142 143 144 145 148 150 152 162 164 167 168 170 172 173 174 177 179 180 181 187 188 195 197 200 201 211 212 215 216 217 221 225 229 230 231 232 240 244 248 249 250 251 253 256 258 260 261 263 264 269 270 271 272 276 280 282 284 285 287 289 295 297 299 303 305 309 310 312 315 318 321 322 323 324 325 327 331 333 334 335 337 339 344 345 348 352 355 359 364 369 375 378 382 387 390 393 398 399 400 404 405 409 412 413 416 422 423 424 427 432 433 434 442 443 444 446 449 451 454 465 469 479 486 490 491 492 493 495 497 498 500 501 507 508 510 511 513 515 517 520 524 526 529 530 534 536 541 547 550 551 553 554 556 559 564 567 569 573 576 582 583 584 586 597 599 603 605 606 609 610 611 612 613 618 621 624 626 627 629 639 650 653 654 657 660 669 674 679 

Test #383
2 4 5 7 9 11 16 17 18 19 20 22 23 24 26 28 29 33 43 47 56 57 66 71 73 83 86 90 95 101 102 103 104 108 109 110 112 123 128 134 138 139 146 153 163 165 166 173 180 182 184 192 194 202 207 208 213 221 226 233 235 239 240 248 251 253 257 266 278 284 286 293 295 299 308 310 312 329 334 335 343 360 366 367 381 387 391 392 406 409 413 414 415 430 435 442 443 444 445 455 458 461 464 465 467 476 482 493 495 498 505 515 516 518 521 537 543 557 563 571 574 583 584 588 601 604 609 622 632 634 644 667 

Test #384
135 204 207 268 291 301 367 464 528 655 

Test #385
0 1 6 10 12 14 26 28 37 38 45 50 52 53 55 56 57 60 62 63 69 70 72 77 79 81 82 84 89 91 95 97 98 100 105 106 109 113 116 117 123 129 130 133 137 138 142 145 148 152 162 167 168 171 174 177 179 180 181 187 188 195 197 201 211 212 216 217 221 229 230 231 232 244 248 250 253 256 258 261 263 264 269 270 271 272 276 280 282 284 285 287 289 292 297 299 303 309 310 312 315 322 323 324 325 331 333 335 337 339 344 359 375 378 387 390 393 400 404 405 409 412 413 416 422 423 427 431 432 433 443 444 449 452 454 459 465 469 479 489 490 491 492 495 498 500 501 507 508 510 513 515 517 520 526 529 530 534 541 547 550 551 553 556 564 569 573 576 582 583 584 586 597 606 609 610 611 613 618 624 626 627 629 650 653 657 660 679 691 

Test #386


Test #387
10 20 29 68 92 151 158 168 170 227 239 319 358 362 384 429 453 475 553 579 585 605 633 665 

Test #388


Test #389


Test #390


Test #391
38 59 215 229 281 412 490 630 646 659 

Test #392
127 214 222 

Test #393
8 22 40 87 90 94 118 126 131 141 142 147 151 155 158 189 237 291 311 341 349 354 377 380 381 390 428 435 437 454 466 499 507 552 575 602 616 671 677 694 

Test #394
64 135 198 204 207 238 241 268 291 301 367 464 641 655 

Test #395
95 115 135 198 204 207 210 238 241 268 291 301 363 464 641 655 

Test #396
13 40 48 117 118 126 128 135 140 155 183 189 207 268 288 291 296 298 311 351 367 377 380 403 428 435 454 458 464 466 479 484 486 513 538 562 575 611 617 623 677 

Test #397
10 15 29 33 68 73 75 92 158 160 168 170 185 206 227 239 316 337 338 358 362 369 384 385 389 418 425 429 438 440 450 453 470 475 553 560 579 585 589 605 608 633 665 

Test #398


Test #399
3 6 7 10 11 12 14 16 22 24 26 28 29 33 36 37 43 52 56 57 58 59 60 65 66 67 71 73 77 81 82 83 84 89 92 95 99 101 104 106 108 109 116 123 128 130 133 134 138 143 144 148 168 170 173 174 180 181 182 187 194 197 200 208 213 215 216 217 221 225 226 230 232 233 235 239 240 245 248 251 253 258 260 262 266 274 278 280 282 284 286 295 297 299 303 308 310 312 321 323 329 331 334 335 337 344 345 355 359 364 366 368 369 370 376 378 382 387 391 392 395 397 400 405 406 409 413 417 424 430 435 438 442 443 444 445 450 461 465 467 482 493 495 497 498 500 515 516 518 521 526 529 539 541 543 553 554 556 563 564 566 571 574 582 583 584 586 588 601 605 606 609 622 624 626 629 632 639 667 673 

Test #400


Test #401


Test #402
6 10 12 14 15 19 20 29 30 33 35 61 65 68 73 80 81 92 143 158 168 170 176 178 181 185 186 205 206 216 217 227 239 258 259 265 283 294 302 313 314 323 331 332 337 338 342 344 347 354 361 362 368 369 370 372 376 384 385 400 418 425 429 436 438 450 468 471 472 473 475 480 502 540 545 548 553 558 560 561 579 585 589 594 600 605 606 608 643 645 666 684 685 

Test #403
8 21 34 40 48 53 54 70 87 94 113 117 118 121 124 126 135 140 141 142 147 158 183 195 224 227 247 257 281 291 298 300 306 317 328 346 349 354 356 380 390 401 407 410 421 423 429 437 446 454 471 474 479 484 486 503 504 507 513 525 535 538 540 552 562 578 580 587 602 611 616 619 630 631 640 646 647 661 670 671 694 

Test #404


Test #405


Test #406


Test #407
37 357 464 

Test #408
96 135 215 225 269 290 305 411 474 519 559 

Test #409


Test #410
2 4 5 7 11 16 17 18 19 20 22 23 24 26 28 29 33 43 47 56 57 71 73 83 90 95 101 103 104 108 109 110 112 123 128 134 138 139 146 153 163 165 173 180 182 184 192 194 202 207 208 213 221 226 233 235 239 240 248 251 253 257 266 278 284 286 293 295 299 308 310 312 329 334 335 343 360 366 367 381 387 391 392 406 409 413 414 415 430 435 442 443 444 445 455 458 461 464 465 467 476 493 495 498 505 515 518 521 537 543 557 563 574 583 584 588 601 604 609 622 632 634 644 667 

Test #411


Test #412
8 21 34 40 48 53 54 70 87 90 94 113 117 118 121 124 126 135 140 141 142 146 147 151 158 165 183 195 224 227 235 237 257 281 291 298 300 306 317 328 341 346 349 351 354 356 380 390 401 403 407 410 421 423 429 437 446 454 471 474 479 484 486 499 503 504 507 512 513 525 535 538 540 552 562 578 580 587 602 611 616 619 630 631 640 647 649 656 661 670 671 681 

Test #413
10 29 33 68 75 92 158 168 170 206 227 239 316 338 358 362 369 384 389 429 453 470 475 553 579 585 589 605 608 633 665 

Test #414
1 6 12 14 50 63 79 82 130 157 171 174 188 221 229 253 254 280 309 310 331 348 374 386 409 420 423 432 447 448 490 506 526 569 583 598 653 

Test #415
2 6 10 11 14 17 18 19 20 23 24 29 30 33 47 61 65 68 73 80 81 90 92 101 102 103 109 110 111 138 143 158 163 165 168 170 176 178 184 185 186 190 192 202 205 207 213 217 227 233 234 236 239 255 257 258 259 265 268 277 283 286 293 294 302 304 313 323 331 332 335 337 338 341 343 344 350 354 361 366 367 368 369 370 372 373 376 381 383 384 385 387 413 414 425 429 430 436 438 443 450 458 464 465 466 468 471 472 473 475 481 483 488 502 505 512 515 518 525 537 540 545 548 553 558 577 579 584 585 588 594 600 605 606 632 635 643 644 645 656 658 666 684 692 

Test #416
334 394 535 632 

Test #417
386 569 

Test #418
320 331 462 

Test #419
32 45 62 74 88 100 116 120 126 172 177 249 260 344 348 378 393 398 399 446 485 486 491 492 511 524 559 562 603 654 680 

Test #420
0 1 6 10 12 14 50 53 55 56 62 63 70 72 79 82 89 95 97 100 109 113 117 123 125 127 130 137 138 154 157 168 171 172 174 177 179 180 181 187 188 195 201 212 214 217 221 222 229 231 232 244 246 249 253 254 256 258 280 282 289 309 310 315 327 331 337 348 374 375 387 388 390 398 400 409 416 420 422 423 426 431 432 433 447 448 452 459 489 490 500 506 508 520 526 530 541 547 551 583 598 609 613 626 628 650 652 653 657 691 

Test #421
71 115 191 192 196 210 278 312 326 332 363 546 

Test #422
0 6 10 11 12 14 16 24 26 28 36 37 52 56 57 59 60 65 67 71 77 81 82 84 89 91 92 95 98 99 104 105 106 109 116 123 128 130 133 138 143 144 148 168 170 173 174 180 181 182 187 194 197 200 213 215 216 217 221 225 230 232 240 245 248 251 253 258 260 262 266 269 270 271 278 280 282 284 286 295 297 299 303 308 310 312 318 321 322 323 331 334 335 337 344 345 355 359 364 368 369 376 378 382 387 392 395 397 400 405 406 409 413 417 424 435 442 443 444 461 465 467 491 492 493 495 497 498 500 501 510 515 518 521 526 529 541 550 553 554 556 564 566 569 582 583 584 586 597 599 605 606 609 612 618 624 626 629 639 653 660 667 669 673 674 679 

Test #423
1 6 12 14 39 50 63 79 82 130 157 171 174 188 214 222 228 253 254 280 309 310 331 374 409 432 447 448 462 478 490 506 526 581 583 592 598 653 

Test #424
8 21 34 40 48 53 54 70 87 94 113 117 118 119 121 124 126 135 140 141 142 147 149 152 158 183 195 224 227 237 247 257 272 281 291 298 300 306 317 328 345 346 349 351 354 356 380 390 401 407 410 421 423 424 429 437 446 454 471 474 479 484 486 503 504 507 513 525 535 538 540 552 562 578 580 587 602 611 616 619 630 631 640 646 647 661 670 671 694 

Test #425
2 4 5 7 9 11 16 17 18 19 20 22 23 24 26 28 29 33 43 47 56 57 66 71 73 83 86 90 95 101 102 103 104 108 109 110 111 112 123 128 134 138 139 146 153 163 165 166 173 180 182 184 192 194 202 207 208 213 221 226 233 235 239 240 248 251 253 257 266 278 284 286 293 295 299 308 310 312 329 334 335 343 360 366 367 381 387 391 392 406 409 413 414 415 430 435 442 443 444 445 455 458 461 464 465 467 475 476 493 495 498 505 515 516 518 521 537 543 557 563 571 574 583 584 588 601 604 609 622 632 634 644 667 

Test #426
38 59 229 281 412 490 646 659 

Test #427


Test #428
18 27 31 49 51 64 71 80 85 93 95 111 126 140 159 169 176 183 186 191 192 196 199 204 210 218 219 223 236 241 243 259 278 286 296 298 312 313 326 329 332 340 343 351 391 403 408 410 414 445 460 461 467 484 486 488 514 521 527 533 538 546 557 562 574 614 620 638 641 642 644 

Test #429


Test #430


Test #431


Test #432
1 10 50 82 109 125 127 174 201 214 217 222 230 231 246 248 249 254 289 309 327 388 399 409 433 447 448 541 549 598 613 626 

Test #433
8 21 34 38 40 48 53 54 59 69 70 87 96 113 117 118 119 121 126 135 140 141 142 147 149 152 164 179 183 195 215 229 247 270 272 275 281 287 290 291 298 300 306 317 330 333 345 346 355 356 380 390 410 412 421 423 424 429 446 454 463 471 474 479 484 486 490 503 507 513 525 535 538 540 552 562 580 587 596 611 619 630 631 646 647 648 659 668 670 671 687 

Test #434
8 21 34 38 40 44 48 53 54 59 69 70 87 94 113 117 118 119 121 124 126 135 140 141 142 147 149 152 164 179 183 195 224 227 229 247 270 272 275 281 287 291 298 300 306 317 328 330 333 345 346 355 356 380 390 407 410 412 421 423 424 429 437 446 454 463 471 474 479 484 486 490 503 504 507 513 517 525 535 538 540 552 562 578 580 587 593 596 611 616 619 630 631 640 646 647 648 661 668 670 671 687 

Test #435
8 24 32 36 38 42 45 48 53 59 62 69 70 74 88 100 104 107 113 116 117 118 121 126 132 142 143 145 149 150 152 164 170 173 179 188 195 200 215 220 225 229 251 256 261 264 269 270 272 276 287 289 290 291 295 300 305 318 321 324 325 333 334 336 345 346 348 352 355 365 369 375 382 390 393 399 402 412 423 424 434 442 446 449 454 463 469 477 479 484 486 487 490 493 497 503 507 509 513 517 524 530 531 536 554 559 562 568 573 596 599 603 611 612 621 625 639 648 654 669 672 

Test #436
23 37 321 357 464 

Test #437
331 462 

Test #438
106 378 405 591 

Test #439
6 10 11 14 16 22 24 26 28 33 36 37 52 56 57 59 60 65 67 71 77 83 84 89 91 92 95 99 104 105 106 108 109 116 123 128 130 133 134 138 143 144 148 168 170 173 174 180 181 182 187 194 197 200 213 215 216 217 221 225 226 230 232 235 239 240 245 248 251 253 258 260 262 266 274 278 280 282 284 286 295 297 299 303 308 310 312 318 321 322 323 329 331 334 335 337 344 345 355 359 364 369 378 382 387 391 392 395 397 400 405 406 409 413 417 424 430 435 442 443 444 445 461 465 467 482 491 493 495 497 498 500 510 515 516 518 521 526 529 541 543 553 554 556 563 564 566 571 574 582 583 584 586 597 605 606 609 622 624 626 629 632 639 667 673 674 

Test #440


Test #441


Test #442
29 75 78 170 175 206 209 227 239 242 338 389 419 429 529 542 590 605 633 663 676 686 

Test #443


Test #444
331 

Test #445
8 21 34 40 48 53 54 87 90 94 113 117 118 121 124 126 135 140 141 142 146 147 151 158 183 189 195 224 227 237 257 281 291 298 300 306 311 317 328 341 346 349 354 356 380 390 401 407 410 421 423 429 437 446 454 471 474 479 484 486 503 504 507 513 525 535 538 540 552 562 575 578 580 587 602 611 616 619 630 631 640 647 661 670 671 694 

Test #446
17 23 37 77 89 103 106 112 114 116 134 156 197 203 208 225 233 245 260 307 321 355 360 378 379 396 405 458 464 468 494 529 537 541 572 591 629 634 637 662 

Test #447
29 75 78 170 206 227 239 338 389 429 529 542 590 605 633 663 676 

Test #448
10 20 29 68 92 93 151 158 160 168 170 218 227 239 255 265 316 319 358 369 384 429 430 440 453 460 475 533 553 579 585 605 633 665 

Test #449
64 135 198 204 207 238 241 268 291 301 367 445 464 528 641 642 655 

Test #450


Test #451


Test #452


Test #453


Test #454
331 

Test #455


Test #456


Test #457


Test #458


Test #459


Test #460
18 71 80 115 191 192 196 204 210 219 278 326 332 363 538 546 638 

Test #461
386 569 

Test #462
1 6 12 14 50 63 79 82 113 123 130 137 157 171 174 180 188 221 229 253 254 280 309 310 331 337 348 374 386 390 409 420 423 432 447 448 490 506 526 547 569 583 598 609 628 653 657 

Test #463


Test #464
1 6 12 14 50 53 55 63 79 81 82 113 123 125 130 137 154 157 168 171 174 177 180 188 201 212 214 221 222 229 246 249 253 254 280 292 309 310 324 331 337 348 374 375 386 390 400 409 420 423 432 433 447 448 452 489 490 506 526 547 569 583 598 606 609 626 628 652 653 657 691 

Test #465
45 269 675 

Test #466
51 64 85 117 135 159 176 191 204 207 223 243 268 273 286 288 291 296 301 313 367 391 414 445 464 488 527 528 533 557 562 620 623 642 644 655 

Test #467
29 68 75 78 92 168 170 206 227 239 338 358 362 384 389 429 453 470 475 542 579 585 605 608 633 663 665 

Test #468
334 394 535 632 

Test #469
320 

Test #470
331 

Test #471
8 21 32 34 36 38 41 42 48 53 54 59 69 70 87 88 113 117 118 121 126 132 135 140 142 149 150 152 164 179 188 195 200 220 225 229 247 256 270 272 274 276 287 291 295 298 300 306 318 321 324 333 345 346 355 356 365 375 380 390 399 410 411 412 423 424 429 446 454 457 463 474 479 484 486 490 493 503 507 509 513 517 519 530 535 536 538 540 552 562 573 580 587 593 596 603 611 621 631 647 648 668 669 687 688 

Test #472
207 363 464 

Test #473


Test #474
6 157 188 320 331 374 462 526 583 592 689 

Test #475
0 6 10 12 14 24 26 28 36 37 52 53 56 57 59 60 67 70 77 81 82 84 89 91 92 95 98 99 104 105 106 109 113 116 117 123 128 130 133 137 138 143 144 148 152 168 170 171 173 174 179 180 181 187 188 194 195 197 200 211 212 215 216 217 221 225 229 230 231 232 240 244 248 250 251 253 256 258 260 261 263 264 269 270 271 276 278 280 282 284 285 287 289 295 297 299 303 308 309 310 312 315 318 321 322 323 324 331 334 335 337 344 345 355 359 364 369 375 378 382 387 390 392 395 397 400 405 406 409 412 413 416 423 424 427 433 442 443 444 449 454 459 465 479 490 491 492 493 495 497 498 500 501 507 510 515 517 518 520 526 529 530 534 541 547 550 551 553 554 556 564 569 573 576 582 583 584 586 597 605 606 609 610 612 618 624 626 629 639 653 657 660 674 679 

Test #476
8 21 34 38 40 48 53 54 59 69 70 87 94 113 117 118 119 121 124 126 135 140 141 142 147 149 152 158 164 179 183 195 224 227 229 237 247 257 270 272 275 281 287 291 298 300 306 317 328 330 333 345 346 349 351 354 355 356 380 390 401 407 410 412 421 423 424 429 437 446 454 463 471 474 479 484 486 490 499 503 504 507 513 525 535 538 540 552 562 578 580 587 596 602 611 616 619 630 631 640 646 647 648 661 668 670 671 687 694 

Test #477


Test #478
18 27 31 49 51 64 71 80 85 93 95 111 126 140 159 169 176 186 191 192 196 199 204 210 218 219 223 241 243 259 278 286 296 298 312 313 326 329 332 340 343 391 403 408 414 445 460 461 467 484 486 488 514 521 527 533 538 546 557 562 574 614 620 638 641 642 644 

Test #479
6 10 14 15 19 20 29 30 33 35 61 65 68 73 80 81 92 143 151 158 160 168 170 176 178 185 186 205 206 217 218 227 239 258 259 265 277 283 294 302 313 314 316 319 331 332 337 338 341 342 344 350 354 358 361 362 368 369 370 372 376 384 385 389 418 425 429 430 436 438 440 450 453 460 468 470 471 472 473 475 488 502 525 540 545 548 553 558 560 561 579 585 589 594 600 605 606 608 633 643 645 658 665 666 684 

Test #480


Test #481


Test #482
18 71 80 115 169 191 192 196 204 210 219 223 278 312 326 332 363 486 538 546 638 

Test #483


Test #484
3 6 10 12 14 37 58 59 65 67 77 81 82 89 92 106 116 133 143 148 168 170 174 181 187 197 200 215 216 217 225 230 233 245 258 260 280 297 303 321 323 331 337 344 355 364 368 369 370 376 378 397 400 405 438 458 526 529 539 541 553 554 556 561 564 566 582 591 605 606 629 662 682 

Test #485
8 13 40 48 94 117 118 126 128 131 135 140 141 142 151 155 183 189 207 237 268 288 291 296 298 311 341 351 367 371 377 380 381 401 403 425 428 435 454 458 464 466 479 484 486 513 538 562 575 602 611 616 617 623 677 

Test #486
29 68 75 78 92 158 168 170 206 227 239 338 358 362 384 389 429 453 470 475 542 553 579 585 605 608 633 663 665 

Test #487
1 6 12 14 39 50 63 79 82 127 130 157 171 174 188 214 222 228 229 253 254 280 309 310 331 348 374 409 420 432 447 448 462 478 490 506 526 581 583 592 598 653 

Test #488
20 33 61 65 76 80 93 101 136 151 158 160 161 176 178 186 190 213 218 227 233 236 252 255 258 259 265 277 283 294 300 302 304 306 313 319 332 334 338 341 350 354 361 372 373 385 394 425 429 430 436 439 440 453 460 465 468 471 472 473 475 481 488 502 512 525 533 535 540 548 558 565 580 584 585 594 600 609 614 632 633 635 636 643 645 656 658 678 

Test #489
18 27 51 64 71 80 95 115 135 191 192 196 198 204 207 210 219 223 238 241 243 268 273 278 291 296 301 312 313 326 329 332 363 391 414 445 464 467 486 488 538 546 557 562 574 620 638 641 642 655 

Test #490
320 331 462 

Test #491
3 6 10 12 14 17 18 23 29 37 58 59 65 67 68 73 77 81 82 86 89 90 92 103 106 110 112 116 133 134 139 143 148 153 156 168 170 174 181 197 200 205 207 208 215 216 217 225 230 233 239 245 257 258 260 280 297 303 307 321 323 331 337 344 355 360 364 368 369 370 376 378 396 397 400 405 414 438 441 450 458 464 468 494 502 526 529 537 539 541 545 553 554 556 561 564 566 570 572 591 604 605 606 629 634 637 651 662 682 

Test #492
10 14 15 20 29 30 33 65 68 73 92 93 143 151 158 160 161 168 170 176 185 205 206 217 218 227 239 255 258 265 283 304 313 314 316 319 337 338 341 342 344 354 358 361 368 369 370 372 384 385 418 425 429 430 436 438 440 450 453 460 468 472 475 525 533 540 545 548 553 560 565 579 585 589 594 605 606 633 656 658 665 684 

Test #493
0 10 24 28 32 37 38 45 46 52 53 56 57 60 62 69 70 74 77 84 88 89 91 95 99 100 105 106 107 109 113 116 117 120 121 126 129 133 137 138 142 145 150 152 162 167 172 177 179 181 187 188 195 197 201 212 216 217 220 229 230 232 240 246 248 249 250 251 256 258 260 263 264 271 272 282 285 287 289 309 322 323 324 325 327 333 334 336 339 344 348 352 375 378 387 390 393 398 399 404 405 412 413 423 426 433 434 444 446 449 451 454 465 469 477 479 485 486 490 491 492 497 500 501 503 507 511 513 517 520 524 529 530 536 541 550 553 559 562 564 567 568 573 576 584 586 603 610 612 613 615 618 621 627 628 654 660 672 674 

Test #494
28 32 37 38 45 46 52 57 60 62 74 88 99 100 106 116 120 121 126 129 133 142 145 150 167 172 177 201 216 220 230 240 248 249 250 251 260 263 271 272 285 287 289 291 322 323 325 327 333 334 336 339 344 348 378 393 398 399 404 405 413 426 434 444 446 449 451 454 469 477 484 485 486 491 492 497 501 511 513 524 550 553 559 562 564 567 568 576 584 586 603 610 613 615 618 621 627 628 654 660 672 674 

Test #495


Test #496
207 464 

Test #497
45 269 675 

Test #498


Test #499


Test #500
1 6 12 14 50 53 55 63 70 72 79 81 82 97 100 113 117 123 130 137 154 157 168 171 174 177 179 180 188 195 201 211 212 214 221 222 229 246 249 253 254 256 280 292 309 310 315 324 331 337 348 374 375 386 388 390 400 409 420 422 423 431 432 433 443 447 448 452 459 479 489 490 495 506 507 508 526 530 547 569 573 583 598 606 609 624 626 628 652 653 657 691 

