Test #1


Test #2


Test #3
350 381 447 551 588 773 814 817 899 1051 1153 1174 1203 1290 1314 1365 1464 1562 1604 1685 1690 1792 

Test #4
2714 

Test #5
411 577 879 1142 1187 1247 1362 1652 1803 1873 2008 2014 2229 2241 2368 2446 2800 2813 2959 3047 3113 3116 3203 3233 3256 3608 3708 3903 3921 3990 4007 4165 4172 4243 4285 4322 4376 4378 4384 4449 4474 4488 4512 4552 4558 4656 4711 4791 

Test #6


Test #7


Test #8


Test #9
3416 3496 4122 4354 4434 4523 4590 4596 4987 4993 5006 5016 5112 5123 

Test #10


Test #11
724 812 1056 1762 1949 

Test #12
931 2517 2800 3352 4072 4239 4243 4288 4350 4428 

Test #13


Test #14


Test #15


Test #16


Test #17


Test #18


Test #19


Test #20
1142 1187 1247 1303 1362 1652 1938 2008 2229 2391 2446 2550 2800 2813 2935 2959 3083 3116 3608 3833 4036 4109 4193 4201 4243 4302 4324 4358 4366 4514 4535 4552 4661 4812 4824 4836 4873 4922 4949 5000 5020 5027 5083 5086 5088 5124 5139 5158 5199 5213 5262 5266 5290 5291 5301 5313 5349 5353 5367 5379 5386 5392 5427 5439 

Test #21
287 969 971 1136 1285 1698 1734 1970 2019 2161 2199 2351 2357 2373 2399 2505 2535 2556 2573 2622 2647 2720 2899 

Test #22
573 724 812 1056 1147 1581 

Test #23


Test #24


Test #25
1617 

Test #26


Test #27


Test #28


Test #29


Test #30


Test #31
2716 3788 

Test #32
284 411 577 879 1142 1247 1362 1803 1873 2008 2014 2229 2241 2446 2813 2959 3047 3113 3116 3608 3708 3713 3931 3950 4007 4013 4051 4098 4130 4137 4163 4173 4213 4223 4226 4243 4244 4257 4365 4368 4548 4552 4558 4560 4567 4577 

Test #33
231 1054 1140 2414 3139 3294 3389 3402 3597 3633 3740 3806 3809 

Test #34
40 65 102 116 117 149 150 190 196 211 231 270 274 284 308 310 316 317 365 448 521 608 611 636 695 745 825 887 931 1009 1067 1071 1075 1077 1097 1187 1195 1276 1331 1549 1572 1584 1632 1686 1723 1749 1771 1803 1834 1850 1894 1901 1918 1953 1957 1977 2039 2069 2071 2084 2085 2109 2129 2180 2184 2246 2260 2262 2265 2288 2297 2324 2341 2344 

Test #35
284 590 931 1044 1247 1303 1481 1652 1803 1910 1938 1953 2045 2368 2391 2522 2609 2684 2827 2840 2908 3052 3083 3100 3118 3142 3183 3200 3223 3232 3366 3396 3406 3407 3419 3449 3451 3480 3527 3558 3561 3592 3597 

Test #36
952 1857 2330 2649 2711 

Test #37
4581 5340 

Test #38


Test #39


Test #40


Test #41
2764 

Test #42


Test #43
31 391 798 802 1621 1631 2074 2187 2350 2418 2561 2595 2801 2869 2942 3019 3045 3204 3443 3475 3626 3687 3726 3728 3753 3827 3852 3875 

Test #44
133 745 802 949 1974 2485 2611 2665 2676 

Test #45


Test #46
2192 2291 3471 3686 3690 4028 4078 4273 4347 4589 4603 

Test #47


Test #48


Test #49
71 211 529 594 631 636 948 1041 1075 1127 1177 1193 1197 1210 1247 1265 1303 1395 1477 1652 1838 1903 1917 1924 1985 

Test #50
112 287 329 895 969 971 1043 1159 1285 1698 1734 1839 2019 2160 2161 2176 2191 2195 2198 2199 2318 2351 2357 2363 2373 2474 2505 2521 2535 2547 2556 2573 2622 2630 2647 2653 2720 2770 2844 2899 

Test #51
2446 2813 2959 3463 3569 3608 3785 4064 4227 

Test #52
666 933 1737 2007 2066 2747 2777 2806 2845 2898 2947 

Test #53
71 399 521 643 843 897 1142 1334 1404 1639 1847 2045 2241 2319 2464 2491 2532 2559 2598 2604 2684 2731 2735 2736 2813 2817 2827 2851 2853 2857 2884 2919 2939 2959 3047 3113 3125 3142 3193 3221 3258 3267 

Test #54
1198 1252 2045 

Test #55


Test #56
144 376 801 1043 1216 1658 1959 2418 2429 3015 3239 3354 3404 3496 3525 3679 4074 4173 4175 4227 4265 4444 4536 4555 4586 4596 4715 4810 4895 4917 4961 5008 5016 5050 5062 5080 5104 5119 5129 5132 5136 5163 5167 5195 5197 5247 5256 5294 5331 5338 

Test #57


Test #58
4681 

Test #59
17 369 1624 2017 2033 2234 

Test #60
2099 2764 3766 4311 4610 4661 

Test #61


Test #62
41 144 173 190 211 245 263 277 338 365 400 510 616 623 725 745 793 847 927 1044 1075 1195 1216 1323 1385 1425 1510 1548 1577 1601 1769 1771 1850 1858 1888 1901 1904 1918 1936 1956 1960 1985 1990 2052 2063 2082 2085 2109 2110 2119 2131 2156 2168 2169 2190 2192 2196 2198 2201 2214 2250 2267 2279 2297 2302 2361 2378 2383 2384 2393 2424 2436 2442 2443 2449 2453 2460 2487 2490 2496 2501 2516 2524 2526 2531 2533 2538 2546 2561 2568 2578 2599 

Test #63
2669 3122 3425 3630 3669 3826 

Test #64
1414 

Test #65


Test #66
1949 2853 

Test #67


Test #68


Test #69


Test #70


Test #71
6 230 300 328 353 363 423 428 432 508 514 550 628 631 712 729 752 760 803 862 923 1032 1161 1188 1227 1240 1243 1246 1264 1295 1454 1536 1588 1626 1638 1681 1726 1793 1802 1829 1887 1893 1971 2095 2120 2126 2158 2275 2307 2314 2373 2390 2440 2441 2450 2482 2486 2519 2536 2543 2545 2548 2570 2574 2576 2579 2583 2585 2606 2620 

Test #72


Test #73
31 394 798 1055 1189 1210 1602 1616 1621 1631 1658 1732 2074 2208 2350 2365 2561 2634 2791 2869 2940 2955 2966 3000 3053 3151 3287 3289 3307 3410 3456 3475 3495 3497 3498 3532 3544 3565 3598 3616 3618 3631 3635 3661 3681 3692 3697 3718 3719 3723 3737 3750 3773 3793 

Test #74
376 526 1034 1335 1857 2113 2183 2215 

Test #75


Test #76
0 37 80 129 151 188 206 225 238 272 273 312 327 342 353 396 403 489 498 505 514 517 555 569 599 627 635 678 700 722 744 765 793 804 807 878 902 915 920 927 938 940 978 993 995 1005 1035 1052 1061 1088 1143 1203 1211 1227 1233 1246 1249 1256 1264 1268 1277 1295 1316 1334 1359 1363 1374 1383 1459 1466 1522 1564 1567 1590 1635 1695 1712 1724 1726 1747 1751 1757 1796 1797 1802 1804 1867 1879 1881 1886 1893 1925 1940 1962 1971 1979 1989 1996 

Test #77
231 411 577 582 1054 1077 1140 1425 1534 1635 1873 2052 2141 2414 2533 2550 2747 3095 3139 3233 3394 3402 3438 3463 3471 3485 3518 3543 3592 3619 3635 3673 3678 3695 3722 3727 3740 3779 3781 3801 3809 3828 3837 3867 3870 3926 

Test #78
1944 2588 4227 4586 5062 5495 5498 

Test #79
21 474 631 665 712 1852 1987 2045 2095 2652 2682 2737 2789 

Test #80
3206 3582 3730 

Test #81


Test #82
2764 

Test #83
55 447 1817 2351 2366 2456 2551 2650 2733 2855 3036 3159 3260 3338 3470 

Test #84
152 283 699 

Test #85


Test #86


Test #87


Test #88
1970 

Test #89


Test #90
938 1100 1189 1978 2028 2109 2192 2291 2497 2527 2652 2966 2975 3816 3855 3953 4004 4012 4018 4028 4091 4103 4111 4149 4200 4237 4266 4361 4377 4404 4413 4500 4588 4622 4709 4778 4796 4807 4822 4855 4894 4988 5012 5024 5040 5049 5059 5064 5065 5070 5071 5102 5105 5150 5170 5176 5183 5201 5209 5217 5226 5230 5236 5240 5300 5305 

Test #91
62 134 159 168 179 311 322 329 350 366 390 394 402 425 451 458 478 485 488 494 497 626 657 703 753 759 760 762 778 780 786 797 808 839 892 908 932 961 986 997 1003 1023 1043 1125 1136 1159 1164 1176 1188 1196 1217 1237 1281 1291 1326 1338 1362 1376 1454 1457 1515 1518 1558 1559 1562 1580 1603 1605 1688 1793 1832 1887 1927 1943 1980 1992 2012 2014 2036 2037 2059 2060 2075 2087 2095 2097 2102 2118 2123 2137 2141 2146 2163 2185 2202 2224 2232 

Test #92
55 112 447 977 1262 1725 2176 2181 2191 2259 2331 2351 2495 2505 2610 2650 2692 2722 2837 2870 2984 3027 3067 3121 3176 3238 

Test #93
2699 

Test #94
724 1762 

Test #95
221 616 850 1374 2369 2551 2635 2770 2915 3031 3482 3679 3725 3765 3775 3870 4106 4222 4259 4263 4316 4332 4385 4419 4442 4447 4460 4506 4509 4519 4539 4549 4604 4626 4639 4654 4664 4685 4687 4721 4769 4782 4797 4804 4830 4831 4842 4844 4872 

Test #96
761 1647 

Test #97


Test #98


Test #99


Test #100


Test #101


Test #102
144 317 444 777 878 994 1055 1106 1191 1216 1273 1425 1635 1940 1989 2093 2109 2248 2350 2381 2541 2777 2824 2869 2945 2968 3010 3030 3040 3066 3093 3132 3147 3204 3213 3233 3280 3289 3299 3307 3312 3360 3429 3465 3492 3502 3507 3510 3518 3531 3539 3556 3576 3578 3584 3593 3609 3617 3648 3660 3673 3678 3683 3705 3710 3729 3742 3745 3779 

Test #103
668 1543 

Test #104
256 510 938 1014 1106 1182 1191 1213 1239 1321 1580 1909 1989 2096 2118 2141 2168 2291 2298 2443 2448 2500 2528 2564 2591 2606 2608 2640 2655 2666 2739 2755 2848 2889 2890 2895 2946 2990 2997 3012 3052 3063 

Test #105


Test #106


Test #107
329 1043 1122 1159 1372 1496 1707 1734 1869 1970 2312 2360 2649 2733 2993 3072 3130 3152 3159 3167 3173 3177 3206 3257 3361 3460 3479 3613 3636 3637 3654 3700 3730 

Test #108
16 245 256 338 437 460 540 616 722 748 878 1014 1066 1194 1321 1385 1616 1635 1865 1901 1902 1940 1978 1989 2028 2168 2291 2301 2365 2381 2383 2397 2429 2443 2540 2552 2564 2591 2640 2734 2739 2754 2755 2834 2841 2848 2870 2937 2946 2967 

Test #109


Test #110
31 90 658 727 798 946 969 971 1285 1470 1496 1539 1698 1867 2019 2100 2195 2284 2459 2467 2506 

Test #111
29 64 100 111 134 142 163 165 192 219 309 322 335 336 399 418 430 488 497 504 544 578 602 609 629 633 680 693 698 701 728 733 742 772 778 786 808 831 903 975 986 1010 1016 1146 1166 1171 1179 1184 1188 1209 1214 1248 1340 1341 1360 1427 1481 1501 1518 1547 1580 1605 1606 1630 1679 1684 1686 1706 1727 1739 1740 1753 1782 1800 1822 1835 1837 1897 1943 1975 1981 1982 1983 2021 2022 2032 2037 

Test #112


Test #113
504 643 690 1903 2078 2099 2266 

Test #114
920 972 1274 1799 1839 1847 2464 2472 2477 2623 3303 3390 3425 3439 3588 3733 3766 3865 3915 3925 3950 3952 4044 4048 

Test #115


Test #116
216 777 798 1106 1191 1843 1940 2724 3000 3024 3095 3383 3492 3632 3651 3760 3822 4016 4083 4122 4188 4211 4317 4363 4417 4505 4525 4589 4605 4642 4645 4724 4749 4752 4787 4973 4987 4993 

Test #117
376 526 801 1034 1151 1729 1817 1857 1865 1935 2050 2113 2160 2181 2183 

Test #118
161 645 1060 1070 1189 1398 1573 1634 1677 1744 1824 1947 1999 2025 2035 

Test #119
39 100 134 139 153 215 219 286 469 473 497 520 533 698 701 786 876 889 942 955 1020 1022 1071 1075 1122 1127 1142 1170 1210 1303 1340 1351 1372 1394 1396 1494 1518 1613 1694 1753 1782 1785 

Test #120
55 83 112 169 247 285 289 347 350 355 381 443 447 460 546 557 570 572 593 657 704 712 717 732 756 762 767 773 785 795 797 814 817 899 919 1035 1072 1076 1100 1106 1153 1203 1290 1365 1383 1386 1442 1460 1464 1562 1604 1685 1704 1792 1798 1823 1832 1848 

Test #121
221 1151 1729 1869 1935 1944 1988 2070 2226 2330 

Test #122
3551 3646 

Test #123


Test #124


Test #125


Test #126
3187 3664 3745 4013 4869 5038 

Test #127
1198 1252 

Test #128
53 221 872 1151 1701 1729 1869 1876 1935 1944 1988 2173 

Test #129
1949 

Test #130
2800 3411 

Test #131


Test #132


Test #133
50 67 148 159 164 300 432 459 478 494 496 508 518 642 656 677 691 729 839 853 862 959 961 968 1003 1032 1037 1058 1115 1154 1204 1218 1243 1252 1274 1281 1286 1309 1356 1362 1454 1499 1536 1574 1579 1588 1603 1608 1626 1649 1681 1748 1787 1794 1814 1829 1880 1892 1905 1920 1921 1932 1967 1976 1980 1986 1997 2009 2011 2014 2016 2036 

Test #134
1264 2045 

Test #135
724 1240 1762 1949 2041 3039 

Test #136


Test #137


Test #138
3702 

Test #139


Test #140
10 18 81 94 124 155 190 214 220 269 277 291 317 358 400 510 528 567 571 590 594 630 631 674 681 686 709 716 730 771 803 833 848 866 884 901 917 923 976 999 1031 1036 1077 1121 1168 1175 1197 1282 1325 1354 1378 1395 1452 1461 1477 1537 1560 1639 1652 1653 1656 1663 1667 

Test #141


Test #142
409 574 1327 1353 1413 1508 1647 2233 2242 2311 

Test #143
362 474 1122 1243 1410 1496 1559 1681 1707 1869 1970 2161 2181 2195 2259 2629 2659 2770 2779 2915 3007 3077 3152 3159 3167 3173 3292 3308 3331 3444 3538 3547 3587 3636 3644 3654 3700 3730 3765 

Test #144
1002 3155 

Test #145
222 1016 2160 3136 3606 3810 

Test #146
469 643 742 1296 1404 1952 

Test #147


Test #148
504 643 690 1404 1903 2056 2078 2099 2266 

Test #149
668 

Test #150
66 173 371 938 1014 1998 2291 2419 2982 2995 3098 3128 3210 3319 3359 3375 3446 3447 3490 3518 3573 3640 3707 

Test #151


Test #152


Test #153
81 153 269 317 365 506 529 532 533 594 620 630 631 681 686 695 709 716 730 803 876 942 948 965 1071 1168 1193 1197 1210 1247 1265 1278 1394 1395 1477 1771 1836 1874 1924 1985 

Test #154
487 1151 1419 1857 1863 1944 2432 2769 2808 2855 3009 3036 3090 3151 3159 3224 3228 3231 3254 3260 

Test #155
2517 4201 4239 4288 4350 

Test #156


Test #157


Test #158
2808 4753 4845 

Test #159
31 216 315 777 798 1106 2187 2532 2855 3000 3095 3639 3651 3760 3822 4016 4122 4187 4188 4211 4317 4354 4363 4400 4452 4499 4537 4596 4599 4747 4749 

Test #160


Test #161


Test #162
31 216 294 315 777 798 950 1077 1106 1843 1910 1940 2001 2724 3000 3024 3095 3178 3234 3383 3467 3525 3534 3618 3632 3651 3760 3822 4145 4211 4253 4317 4417 4525 4573 4589 4605 4612 4702 4749 4752 4787 4810 4917 4931 4993 

Test #163
66 173 245 256 338 371 478 494 616 703 938 1003 1014 1066 1100 1164 1321 1385 1679 2086 2096 2168 2291 2390 2473 2497 2520 2527 2602 2880 2995 3026 3087 3123 3128 3133 3175 3210 3235 3250 3298 3319 3327 3359 3375 3476 3487 3526 3528 3540 3567 3573 3603 3610 3625 3626 3637 3640 3677 3720 3734 3755 3756 3790 3798 3812 3814 

Test #164
1949 

Test #165
294 315 582 777 950 994 1077 1106 1140 1425 1635 1783 1843 1910 1940 1989 2001 2093 2390 2532 2533 2762 3095 3235 3289 3467 3519 3525 3541 3550 3660 3688 3751 3800 3813 3818 3855 3872 3904 3928 3957 3958 3959 3980 4019 4029 4064 4083 4098 4101 4132 4145 4156 4207 4230 4255 4265 4275 4296 4304 4308 4310 4314 4323 4324 4376 4392 4400 4404 4416 4436 4453 4457 4461 4511 

Test #166


Test #167


Test #168
417 946 1430 1677 1680 1959 2068 2074 2249 2432 2447 2460 2551 2588 2595 2623 2665 2719 2733 2784 2837 2843 2907 2913 2955 

Test #169
6 204 1002 1056 1576 2041 2938 3029 

Test #170


Test #171


Test #172


Test #173


Test #174


Test #175


Test #176
309 1624 1826 2592 3187 3619 3954 4063 4071 4349 4491 

Test #177


Test #178
1734 1869 1970 2360 2443 2495 2547 2649 2659 3290 3317 3386 3418 3456 

Test #179
1002 

Test #180
231 246 369 878 960 1191 1327 2624 2948 3139 3235 3297 3492 3749 3921 3950 4083 4141 4188 4284 4378 4525 4605 4608 4702 4704 4776 4813 4820 4885 4890 4900 4909 4974 4982 4999 5068 5074 5115 5161 5166 5189 5227 5228 5263 

Test #181
152 216 666 859 1327 1956 1974 1998 

Test #182


Test #183
1002 3155 

Test #184
2800 

Test #185


Test #186
879 1873 2241 2368 3014 3075 3113 3122 3233 3352 3990 4218 4360 4384 4450 4498 4661 4722 4792 4896 4918 4984 5000 5072 5133 5182 5196 5219 5266 5289 5326 

Test #187
3352 3481 3846 3948 4072 

Test #188
3416 4523 4536 4590 4682 4775 4871 

Test #189
329 1043 1159 1970 1987 2019 2160 2161 2191 2195 2318 2547 2560 2641 2653 3011 3048 3081 3141 

Test #190


Test #191


Test #192


Test #193
222 536 1016 1056 1912 2692 3136 3515 3885 

Test #194
362 432 508 609 1154 1182 1213 1217 1239 1410 1588 1895 2095 2161 2177 2195 2276 2292 2298 2415 2629 2729 2839 2938 3087 3224 3425 3462 3505 3522 3539 3586 3593 3625 3627 3654 3665 3680 3683 3700 3725 3741 3750 3787 3860 3864 3881 3884 3899 3909 3936 3938 3944 3953 3956 3966 3994 3997 4059 4087 4096 4097 4111 4155 4162 4174 4180 4186 4204 4206 4210 4218 4224 4225 4240 4319 4321 4335 4357 4362 4374 4430 4442 4469 

Test #195


Test #196


Test #197


Test #198


Test #199
2890 2983 3248 3345 

Test #200


Test #201


Test #202
284 411 577 590 831 879 931 1142 1461 1803 1873 2008 2014 2229 2241 2368 2522 2800 3075 3113 3116 3118 3122 3203 3324 3352 3466 3708 3713 3903 3990 4165 4243 4285 4288 4302 4321 4322 4358 4360 4366 4376 4384 4480 4488 4498 4514 4529 4578 4663 4679 4688 4711 4791 4802 

Test #203
376 801 1185 1857 1863 1944 2392 2551 2823 2855 3036 3151 3254 3338 3399 3470 3522 3532 3581 3591 

Test #204


Test #205
3754 

Test #206


Test #207
356 1103 1674 

Test #208


Test #209


Test #210


Test #211
287 743 801 895 969 971 1069 1151 1169 1285 1551 1701 1717 1935 

Test #212
590 931 1044 1142 1362 1461 1953 2008 2241 2446 2517 2522 2800 2813 2840 2949 2959 3113 3116 3118 3353 3466 3569 3608 3628 3664 3711 3715 3768 3785 3791 3834 3924 3929 3933 3971 4011 4022 4064 4088 4127 4166 4214 4222 4227 4229 

Test #213
369 1323 1413 1886 2066 2077 2615 2732 2762 3023 3030 3161 3203 3265 3312 3323 3343 

Test #214
3187 3664 4013 4116 4132 4869 4986 

Test #215


Test #216
284 590 931 1044 1142 1247 1303 1404 1652 1803 1938 2391 2446 2522 2773 2813 2840 2934 2949 2951 2959 3047 3118 3142 3334 3353 3463 3525 3550 3569 3608 3696 3711 3712 3715 3740 3771 3805 3811 3828 3834 3850 3855 3861 3904 3928 3971 4011 4012 4021 4022 4040 4088 4113 

Test #217


Test #218


Test #219


Test #220
2099 2764 4581 4681 5022 

Test #221


Test #222
173 371 1106 1191 1195 1998 2192 2397 2421 2680 2749 2879 2958 3087 3227 3281 3299 3381 3387 3427 3439 

Test #223
111 621 931 1247 1248 1303 1331 1451 1577 1652 1745 1910 1953 2142 2248 2517 2731 2774 2780 2790 2826 2851 2989 3078 3083 

Test #224


Test #225
616 2915 3765 3991 4419 4493 4539 4770 4830 4966 

Test #226
3582 

Test #227


Test #228


Test #229
1327 2989 3160 3265 3323 3780 

Test #230


Test #231
221 616 1559 2915 3765 3775 3991 4097 4127 4315 4419 4460 4493 4519 4539 4685 4770 4804 4830 4966 

Test #232
3009 

Test #233
1353 2233 

Test #234


Test #235
16 95 130 213 246 260 319 362 411 424 438 484 548 565 577 653 810 846 870 879 896 1011 1040 1139 1194 1213 1263 1304 1410 1423 1444 1470 1600 1602 1631 1658 1685 1720 1799 1810 1839 1845 1860 1866 1873 1902 1916 1928 1950 2010 2028 2093 2116 2127 2131 2148 2195 

Test #236
41 193 212 668 940 953 1363 

Test #237


Test #238


Test #239
3496 

Test #240


Test #241


Test #242


Test #243
71 656 831 843 908 1020 1166 1171 1281 1362 1639 1847 2008 2014 2032 2098 2229 2276 2446 2464 2472 2477 2559 2576 2604 2729 2806 2826 2899 2925 2951 3007 3116 3188 3209 3218 3219 3242 3255 3267 3288 3304 3373 3382 3388 3389 3394 3422 3438 3472 3489 

Test #244
6 45 55 83 96 112 201 230 234 285 306 328 347 355 379 423 433 447 460 483 546 550 570 572 607 619 628 658 665 670 672 712 727 737 756 767 773 783 785 795 811 814 816 920 946 954 982 1002 1027 1076 1092 1106 1161 1240 1269 1295 1302 1307 1358 1379 1381 1442 1526 1539 1604 1609 1695 1704 1713 1734 1736 1798 1816 1954 2112 2115 2120 2132 

Test #245
3015 3496 4173 4227 4354 4536 4586 4596 4715 4810 4917 5008 5016 5050 5062 5132 5195 5247 5256 5294 5338 

Test #246
862 1098 1536 2292 2396 2437 3059 3157 3173 3269 3330 3375 3444 3462 3484 3512 3547 3555 3567 3671 3693 3725 3739 3752 3754 3810 3888 3893 3912 3918 3936 3966 4008 4043 4055 4123 4140 4148 4150 

Test #247
256 362 432 862 897 1020 1032 1154 1182 1213 1410 1454 1588 1639 1793 1887 2032 2080 2095 2126 2161 2162 2177 2195 2276 2298 2319 2333 2415 2472 2783 2839 2973 3229 3255 3455 3468 3555 3595 3700 3717 3841 3847 3893 3901 3948 3960 3964 3981 4018 4032 4033 4037 4054 4092 4095 4152 4166 4182 4290 4295 4334 4372 4379 4395 4405 4406 4435 4446 4456 4469 4479 4484 4500 4501 4543 4570 4579 4595 4628 4641 4653 4662 4684 4703 4712 4730 4755 4756 4759 4766 4772 4781 4784 4795 4807 4808 4870 

Test #248
177 1903 2099 

Test #249


Test #250
0 222 478 494 536 594 609 703 718 746 872 908 920 1003 1122 1126 1164 1234 1243 1277 1281 1337 1358 1362 1372 1554 1559 1611 1679 1681 1799 1839 1849 1904 1964 2014 2098 2148 2198 2258 2275 2276 2281 2288 2312 2377 2384 2390 2396 2419 2441 2444 2465 2474 2516 2520 2544 2599 2632 2641 2647 2656 2661 2679 2680 2684 2688 2691 2718 2727 2738 2744 2749 2766 2772 2775 2779 2792 2815 2865 2868 2879 2881 2884 2915 2958 2979 2998 3044 

Test #251
10 111 350 477 621 631 633 686 730 772 803 884 903 923 976 1020 1031 1122 1126 1168 1197 1209 1220 1248 1372 1395 1451 1477 1481 1552 1638 1750 1924 1981 1987 2009 2046 2054 2106 2108 2155 2166 2186 2191 2200 2206 2240 2241 2248 2276 2280 2312 

Test #252
2517 4201 4214 4239 

Test #253


Test #254
3392 

Test #255
100 166 168 381 428 698 752 850 862 871 916 1037 1098 1115 1342 1499 1585 1946 1966 2041 2213 

Test #256
388 1617 

Test #257
3347 

Test #258


Test #259


Test #260


Test #261
234 458 467 668 1419 1725 1863 1869 2165 2366 2659 2786 

Test #262


Test #263
969 1098 1964 2699 3156 3267 3355 3885 4059 

Test #264


Test #265


Test #266


Test #267
3788 4067 

Test #268
4681 5454 

Test #269
1098 1536 2181 3173 3269 3739 3752 3754 3810 3909 3912 3918 3936 4008 4077 4204 4319 

Test #270


Test #271
119 125 300 329 511 691 713 760 867 921 932 970 1003 1004 1021 1037 1083 1206 1531 1603 1675 1746 1800 1833 

Test #272


Test #273


Test #274
938 2192 2497 2527 2602 3511 3690 3801 3816 3985 4028 4078 4103 4205 4210 4356 4392 4416 4589 4603 4677 4693 4702 4704 4822 

Test #275
366 428 691 1098 1414 1583 1794 1926 1966 2041 2111 

Test #276


Test #277


Test #278
2764 

Test #279


Test #280
668 

Test #281
850 1262 1374 2635 2770 3615 3631 3727 3948 4015 4136 4216 4259 4307 4327 4478 4490 4493 4506 4519 4630 4639 4647 4673 4728 4759 4769 4774 4805 4841 4894 4932 4970 5003 5004 5052 5069 5073 5078 5094 5102 5135 5150 5221 

Test #282
2398 2669 2686 2871 3122 3124 3207 3208 

Test #283


Test #284


Test #285
316 2414 2838 2968 3092 

Test #286


Test #287


Test #288
643 860 1296 

Test #289
59 68 85 131 282 284 341 367 384 392 434 439 448 512 519 582 603 639 825 868 963 1054 1091 1140 1148 1187 1216 1251 1272 1368 1384 1402 1431 1439 1508 1538 1552 1563 1571 1708 

Test #290


Test #291
356 960 1549 1886 1947 1960 2144 2156 2322 2423 2513 2860 3079 3329 

Test #292
73 133 162 294 391 950 1055 1128 1323 1411 1737 1783 1843 1948 1998 2001 2072 2075 2077 2112 2187 2189 2233 2354 2385 2418 2479 2615 2621 2683 2742 2758 2807 2814 2858 2906 2911 2926 2930 2952 2957 

Test #293
2392 2500 2588 2595 3074 3167 3225 3264 3268 3416 

Test #294


Test #295


Test #296
664 951 1517 1624 1770 2592 2693 2762 

Test #297
1576 1782 2041 

Test #298
1048 1677 1729 1732 1959 2074 2121 2213 2233 2329 2551 2588 2595 2757 2761 2799 2856 2858 2859 2876 2914 2955 2973 3015 3025 3042 3066 3070 3085 3099 3112 3148 3173 3201 

Test #299
204 712 1056 1499 1576 1797 1912 2055 2804 2853 3156 3186 3563 3611 3628 

Test #300


Test #301
214 216 244 253 258 295 318 320 435 453 535 545 666 761 833 859 917 926 941 956 960 1019 1057 1073 1135 1215 1267 1273 1300 1327 1329 1332 1333 1492 1563 1575 1674 1906 1948 1973 1998 2026 2064 2079 2153 2216 2223 2233 2242 2326 2328 2404 

Test #302
37 66 460 619 658 713 727 773 878 946 1213 1245 1269 1361 1379 1383 1470 1496 1539 1604 1635 1637 1661 1735 1799 1839 1867 2086 2100 2121 2148 2195 2237 2239 2247 2268 2274 2284 2318 2366 2376 2429 2467 

Test #303
204 596 665 884 1008 1056 1188 1499 1576 1898 1912 2088 2136 2246 2277 2589 2596 2751 2938 3029 3114 

Test #304
485 1198 1252 2045 

Test #305


Test #306
504 2764 

Test #307


Test #308


Test #309


Test #310
1413 2066 2515 3251 3372 

Test #311


Test #312


Test #313


Test #314
18 58 65 77 90 104 107 109 144 149 153 196 208 245 248 256 261 274 276 277 291 299 305 307 308 338 346 384 385 392 400 465 468 489 510 528 538 555 560 561 600 605 611 616 671 674 678 707 711 757 799 804 838 848 866 901 912 928 939 940 999 1025 1030 1036 1044 1052 1067 1097 1182 1185 1216 1228 1238 1336 1368 1378 1385 1390 1425 1489 1491 1522 1537 1545 1548 1572 1577 1601 1632 1656 1669 1712 1723 1747 1749 1758 1765 1766 1768 1789 1811 1821 1828 1846 1878 1883 1907 1945 1968 2002 2020 2027 2030 2031 2039 2067 2068 2090 2104 2109 2130 2165 2168 2170 2192 2201 2220 2230 2237 2238 

Test #315
31 447 998 1484 1677 1817 2060 2329 2456 2551 2650 2733 2859 3201 3213 3287 3291 3332 3337 3338 

Test #316


Test #317
904 920 1032 1274 1286 2080 2126 2308 2333 2477 2784 3028 3272 3276 3390 3468 3573 3656 3733 3761 3786 3847 3885 3921 3964 3983 4043 4080 4092 4096 4146 4170 4180 4210 4225 4231 4240 4244 4272 4278 

Test #318


Test #319


Test #320


Test #321


Test #322


Test #323


Test #324


Test #325
2078 2099 2266 

Test #326


Test #327


Test #328
396 1327 1647 2007 2295 2845 

Test #329
16 66 478 494 938 1164 1189 1616 1725 1902 1978 2028 2192 2397 2602 2724 2966 3133 3383 3486 3540 3629 3632 3699 3751 3813 3870 3958 3974 3981 3985 4002 4023 4033 4085 4134 4178 4195 4208 4252 4297 4307 4336 4339 4352 

Test #330


Test #331
777 798 1077 1106 1128 1300 1940 2724 3000 3024 3095 3178 3383 3534 3632 3651 3822 4016 4071 4089 4122 4253 4317 4523 4600 4607 4645 4697 4713 4724 4749 4750 4818 4838 4976 4987 4993 5006 5011 5112 5116 5118 5185 5187 5214 5278 

Test #332


Test #333


Test #334


Test #335


Test #336


Test #337


Test #338


Test #339
28 45 66 83 234 285 330 342 347 416 447 517 546 570 593 596 618 665 717 718 719 727 737 773 774 783 795 807 811 816 946 947 953 977 982 1027 1092 1161 1211 1253 1260 1262 1290 1302 1381 1407 1417 1539 1566 1597 1604 1651 1687 1695 1704 1715 1734 1761 1796 1798 1816 1826 1841 1849 1900 1954 1962 1996 2000 2077 2082 2098 2101 2112 2115 2139 2145 2161 2175 2199 

Test #340


Test #341


Test #342


Test #343


Test #344
221 1151 1816 1857 1944 2360 2555 2673 2697 

Test #345
221 508 1626 2292 2551 2729 4015 4369 4379 4460 4847 4854 4901 4990 5060 5096 5135 5244 5279 5406 5464 5473 

Test #346


Test #347


Test #348
11 31 38 362 417 513 685 798 1048 1167 1291 1410 1470 1707 2121 2123 2160 2582 2647 2650 2670 2793 

Test #349


Test #350


Test #351


Test #352
980 1624 2592 3745 3808 3998 4039 4064 4094 4116 4869 4986 5125 

Test #353
280 453 1584 1624 1758 2035 2245 2948 3014 3203 

Test #354


Test #355
262 1103 1674 

Test #356
862 1239 1410 1536 2095 2177 2195 2298 2559 3152 3455 3752 3893 3948 3981 4032 4228 4237 4295 4334 4406 4479 4501 4531 4533 4543 4570 4572 4595 4628 4647 4662 4692 4712 4726 4742 4759 4766 4783 4807 

Test #357


Test #358
1949 2698 2853 

Test #359
216 258 315 396 410 827 859 933 980 1128 1273 1747 1758 1855 1886 1913 1947 1948 1998 2021 2066 2110 2144 2156 2242 2302 2339 2354 2358 2404 2468 2554 2569 2608 2621 2715 2747 2758 

Test #360


Test #361


Test #362
2698 2853 3515 

Test #363


Test #364
329 336 355 379 423 425 451 474 483 500 550 628 703 712 756 839 908 932 978 1003 1043 1072 1141 1159 1162 1217 1292 1326 1338 1386 1558 1559 1580 1609 1713 1804 1975 2059 2060 2087 2091 2163 2224 2272 2273 2283 2307 2332 

Test #365


Test #366


Test #367


Test #368
18 124 134 190 214 215 277 286 291 317 318 322 365 400 497 499 520 528 571 674 701 728 778 786 829 833 848 866 885 889 901 917 948 986 999 1000 1022 1029 1036 1121 1122 1129 1141 1222 1247 1284 1298 1303 1311 1351 1354 1364 1378 1452 1461 1518 1535 1537 1549 1557 1611 1613 1629 1652 1656 1694 1706 

Test #369
1973 

Test #370


Test #371
284 411 577 590 831 879 931 1142 1362 1461 1803 1873 2008 2014 2229 2241 2368 2522 2800 3075 3113 3116 3122 3324 3352 3466 3608 3708 3713 3990 4142 4165 4243 4285 4302 4321 4358 4360 4366 4384 4427 4429 4480 4498 4514 4658 4660 4711 4754 4768 4780 4802 4853 4873 4878 4962 4965 4980 5018 5023 5054 5067 

Test #372


Test #373


Test #374


Test #375
1151 2392 2456 3339 3615 3689 3758 

Test #376
396 538 1267 1327 1413 1522 1647 2007 2051 2302 2667 2845 

Test #377


Test #378


Test #379
66 938 2602 3760 3953 4907 5170 5194 5209 5271 5300 

Test #380


Test #381


Test #382


Test #383
718 730 1016 3082 3114 3282 3376 3457 

Test #384


Test #385
173 338 938 1014 1385 2291 2421 2866 2945 3058 3087 3175 3214 3427 3439 3465 3490 

Test #386
447 1151 1944 2650 2808 3228 3617 3900 3942 3965 4015 4106 4192 4270 4315 4329 4332 

Test #387


Test #388


Test #389


Test #390


Test #391


Test #392


Test #393
1151 3475 4005 4134 4493 4753 4779 

Test #394
2099 2764 4581 4661 

Test #395
28 42 49 130 133 161 376 380 386 395 444 470 537 545 596 664 725 768 799 801 836 865 872 875 896 943 969 971 987 1033 1066 1109 1116 1201 1263 1285 1297 1324 1330 1333 1489 1510 1555 1566 1615 1618 1621 1636 

Test #396


Test #397
41 193 774 940 947 1363 1369 

Test #398
3582 

Test #399
376 801 802 3015 3416 3836 4219 4220 4434 4444 4466 4523 4534 4536 4590 4607 4649 4657 4689 4717 4741 4775 4803 4817 4828 4849 4860 4871 4880 4881 4903 4914 

Test #400
299 1402 2368 2745 

Test #401


Test #402


Test #403


Test #404
1043 1677 2823 2955 3337 3354 3404 3615 3631 3836 4015 4208 4216 4219 4331 4332 4409 4549 4555 4565 4566 4604 4615 4626 4632 4664 

Test #405


Test #406
10 51 195 213 232 241 297 327 337 344 464 484 536 582 616 625 639 663 710 874 923 980 991 992 1040 1097 1128 1163 1197 1246 1264 1272 1331 1422 1429 1449 1476 1532 1560 1638 

Test #407
656 682 790 831 972 1020 1166 1171 1266 1277 1281 1334 1358 1362 2005 2008 2014 2032 2078 2229 2266 2276 2287 2333 2378 2388 2410 2437 2446 2454 2472 2477 2491 2544 2572 2576 2598 2604 2618 2632 2635 2684 2729 2736 2750 2813 2827 2861 2878 2883 2884 2896 2919 2925 2959 2970 2974 3001 3026 3041 3077 

Test #408
376 487 493 526 755 810 877 1625 1817 2259 2348 2360 2425 

Test #409


Test #410


Test #411


Test #412


Test #413
71 843 895 908 920 971 972 1020 1171 1281 1454 1698 1839 1847 2032 2276 2333 2441 2464 2472 2477 2493 2559 2729 2903 2925 3004 3028 3075 3109 3114 3157 3162 3207 3255 3256 3296 3321 3344 3390 3468 3489 3509 3514 3520 3529 3552 3554 3594 3595 3622 3647 3664 3674 3704 3706 3712 3714 3717 3733 3757 3771 3775 3791 

Test #414


Test #415


Test #416


Test #417


Test #418


Test #419
485 1198 1252 2045 

Test #420


Test #421
724 1240 1762 1949 2041 2453 

Test #422


Test #423


Test #424
218 508 609 850 932 1126 1213 1217 1239 1559 1596 1626 1895 2161 2181 2195 2199 2259 2308 2544 2571 2623 2635 2652 2765 2783 2784 2915 2975 2979 2986 3016 3061 3167 3173 3178 3191 3242 3272 3276 3303 3308 3330 3331 3381 3382 3388 3427 3439 3441 3491 3500 3506 3508 3523 3534 3546 3547 3560 3562 3587 3607 3614 3644 3649 3658 3659 3668 3670 3671 3675 3693 3765 3800 3877 

Test #425
55 221 447 1817 2351 2456 2650 2733 3159 3234 3260 3505 

Test #426
545 917 1333 1413 1647 2364 2422 2468 

Test #427


Test #428
3 40 231 316 448 512 673 825 931 967 1059 1187 1331 1354 1549 1565 1703 1791 1834 1850 1894 1918 1953 1957 1961 2058 2085 2104 2122 2128 2135 2184 2193 2196 

Test #429
55 376 801 1857 2588 2823 3015 3399 3417 3475 3937 4016 4074 4102 4158 4175 4183 4329 4434 4444 4458 4486 4492 4541 4542 4551 4582 4585 4587 4590 

Test #430
338 508 609 850 1126 1217 1496 1559 1626 1707 1817 1869 2134 2292 2369 2635 2729 3031 3152 3216 3338 3410 3455 3658 3680 3725 3775 3864 3871 3981 3991 4065 4095 4097 4136 4160 4167 4222 4278 4305 4336 4339 4345 4406 4437 4442 4447 4464 4472 4479 4501 4513 4531 4539 4568 4570 4572 4611 4675 4708 4746 4783 

Test #431


Test #432


Test #433
300 366 511 691 921 932 1003 1021 1032 1037 1445 1583 1603 1681 1833 1920 1932 

Test #434
251 334 355 432 474 596 631 665 701 712 719 884 932 1217 1295 1301 1381 1417 1588 1626 1651 1687 1797 1852 1887 1898 1941 1987 2043 2095 2115 2147 2175 2191 2222 2231 2253 2357 2372 2373 2390 2441 2469 2521 2547 2603 2658 2682 2684 2687 

Test #435


Test #436
16 31 112 394 977 1262 1707 2134 2191 2629 2746 2784 2815 2824 2828 2869 2921 2940 3000 3058 3070 3091 3112 3165 3173 3191 3201 3235 3244 3270 3303 3326 3332 3348 3354 3404 3421 3479 

Test #437


Test #438
246 294 391 627 802 1055 1411 1783 1843 2187 2208 2418 2561 2624 2658 2771 2777 2801 2885 2905 3012 3064 3066 3111 3119 3132 3174 3213 3268 3280 3289 3316 3349 3363 3395 3409 3467 3496 3539 

Test #439


Test #440
329 1043 1159 1677 1725 3283 3337 3354 3404 3607 3615 3631 4058 4089 4135 4158 4216 4276 4316 4426 

Test #441
209 1372 

Test #442
760 862 904 1032 1286 1536 1554 1887 2019 2058 2080 2126 2162 2177 2333 2398 2415 2437 2562 2798 2839 2925 2938 3016 3059 3115 3157 3162 3229 3269 3293 3330 3381 3427 3468 3489 3508 3546 3555 3706 3721 3761 3786 3810 3815 3847 3869 3889 3893 3912 3913 3916 3918 3921 3925 3936 3950 3953 3964 3967 3976 3983 3988 3995 3996 4005 4007 4008 

Test #443


Test #444
1762 1949 

Test #445
1647 1857 1944 2588 3228 4227 4586 5016 5062 5146 5280 5323 5460 

Test #446


Test #447
284 411 577 879 1142 1247 1362 1803 1873 2008 2014 2229 2241 2446 2813 2959 3047 3113 3116 3256 3466 3608 3708 3713 3931 3950 4007 4013 4051 4098 4130 4137 4163 4173 4184 4213 4223 4226 4243 4244 4257 4284 4365 4368 4548 4552 4558 4560 4567 4577 4618 

Test #448


Test #449
55 447 1677 2351 2456 2551 2650 2855 3036 3337 3338 3615 3689 

Test #450


Test #451


Test #452
2853 

Test #453


Test #454
256 338 362 432 862 897 1020 1032 1154 1182 1213 1239 1410 1588 1639 1707 1869 1887 2032 2080 2095 2126 2161 2162 2177 2195 2276 2298 2415 2559 2839 2973 3028 3152 3229 3255 3338 3455 3468 3595 3717 3739 3752 3847 3893 3918 3960 3964 3981 4032 4033 4037 4092 4095 4152 4160 4167 4182 4237 4255 4290 4314 4330 4336 4339 4352 4368 4372 4405 4406 4472 4479 4484 4500 4501 4513 4531 4533 4543 4557 4561 4562 4570 4572 4577 4579 4595 4662 4669 4684 4703 4706 4708 4712 4751 4756 4759 4764 4766 4781 4783 4784 4799 4807 4808 4905 4921 4926 4936 4939 4954 

Test #455


Test #456


Test #457


Test #458


Test #459
3251 

Test #460


Test #461
11 148 275 422 479 554 800 850 867 937 961 1223 1259 1420 1427 1526 1531 1574 1595 

Test #462
447 1857 1944 2208 2588 2650 2823 3228 3399 3475 3900 3937 4015 4074 4102 4175 4329 4458 4486 4528 4605 

Test #463
218 256 862 897 1098 1239 1410 1536 1554 1639 2177 2298 2333 2559 3028 3455 3654 3739 3752 3847 3876 3918 3960 4037 4095 4114 4148 4152 4182 4290 4330 4339 4341 4368 4369 4437 4443 4472 4494 4517 4530 4531 4533 4547 4550 4557 4562 4572 4611 4650 4651 4684 4745 4788 4832 4847 4867 4877 4911 4930 4944 4954 4955 4971 4977 4978 5015 5051 5075 5079 

Test #464


Test #465
862 904 1032 1285 1286 1536 2019 2058 2080 2126 2292 2396 2437 2562 2664 2665 2798 2826 2870 2938 3016 3082 3115 3236 3267 3381 3427 3462 3489 3508 3512 3524 3546 3555 3706 3721 3725 3786 3807 3810 3815 3847 3876 3879 3888 3889 3893 3913 3916 3921 3925 3936 3946 3950 3953 3976 3988 3992 3995 

Test #466


Test #467
724 1663 1762 1897 1949 

Test #468
221 1698 1869 1935 1988 2019 2226 

Test #469
11 16 362 389 437 460 583 1048 1066 1167 1194 1410 1602 1658 1707 1865 1902 1978 2060 2123 2134 2331 2425 2429 2523 2540 2560 2674 2694 2832 2870 2905 

Test #470


Test #471
668 2786 

Test #472
411 577 879 1142 1303 1362 1803 1873 2008 2229 2368 2800 3116 3256 3352 3608 3903 3990 4165 4243 4285 4288 4302 4384 4480 4498 4529 4552 4558 4679 4711 4722 4768 4780 4791 4918 

Test #473
31 41 193 212 225 549 668 805 940 1363 

Test #474
356 369 2860 3334 3664 4013 4132 4521 4725 4777 4974 

Test #475
10 111 165 275 309 350 594 621 629 730 772 884 903 1020 1041 1122 1209 1220 1451 1481 1552 1638 1727 1750 1785 1910 1981 2009 2046 2083 2097 2108 2135 2186 2200 2206 2240 2241 2248 2269 2276 2280 2312 2357 2391 2428 2437 

Test #476
411 577 1142 1187 1247 1362 1873 2014 2229 2241 2368 2446 2800 3113 3233 3608 3688 4165 4181 4218 4358 4360 4366 4450 4496 4498 4552 4658 4700 4743 4800 4835 4873 4874 4884 4962 4980 5023 5036 5110 5133 5152 5196 5199 5229 5239 

Test #477


Test #478


Test #479
4996 

Test #480


Test #481
1430 1732 2189 2213 2233 2329 2588 2594 2595 2719 2757 2761 2799 2812 2818 2858 2876 2929 2955 2973 2980 3025 3042 3043 3066 3085 3148 3173 

Test #482
16 95 143 213 246 319 362 411 424 438 565 577 653 725 769 846 870 879 1011 1066 1139 1194 1263 1304 1403 1410 1470 1602 1631 1658 1685 1707 1792 1810 1839 1845 1860 1866 1873 1884 1902 1916 1928 1950 1978 2010 2028 2093 2100 2116 2127 2131 2134 2148 2152 2195 2207 2225 2249 

Test #483


Test #484
2384 2714 

Test #485
3347 

Test #486


Test #487
1252 

Test #488


Test #489
6 724 1002 1762 1949 3039 3156 

Test #490
111 284 316 621 1044 1181 1187 1402 1652 1745 1803 1910 1981 2248 2368 2404 2414 2577 2609 2734 2756 2814 2840 2841 2867 2901 2935 2947 2968 3005 3095 3109 3118 3139 3204 3274 3351 3362 3396 

Test #491
16 245 338 437 616 748 798 1066 1106 1194 1385 1616 1865 1902 1978 2028 2047 2296 2365 2397 2429 2606 2626 2798 2824 2869 2904 3000 3012 3040 3191 

Test #492
2764 

Test #493
144 494 1043 1216 1621 1631 1658 1725 2074 2187 2381 2418 2429 3093 3111 3183 3404 3487 3525 3852 4021 4089 4227 4265 4361 4381 4555 4566 4571 4599 4632 4648 4666 4671 4718 4734 4762 4789 4810 4811 4815 4818 4841 4857 4860 4875 4915 4916 4947 5027 5029 

Test #494
376 474 801 1043 1732 1959 2429 3015 3239 3242 3354 3399 3404 3482 3679 3900 4074 4175 4444 4536 4555 4789 4859 4895 4940 4961 4998 5008 5080 5098 5104 5119 5132 5136 5163 5186 5195 5256 5257 5331 5361 5397 

Test #495


Test #496


Test #497


Test #498
2246 

Test #499
960 980 1267 1300 1327 2200 2754 2762 2834 2845 2892 2926 2983 2997 3024 3030 3161 3203 3312 3323 3343 3345 3431 3463 

Test #500
4865 4981 

