Test #1


Test #2
737 2091 2198 2288 2464 2529 2538 2956 2981 3047 3186 

Test #3


Test #4


Test #5
988 1376 1596 1682 1748 1779 1781 1786 1898 1899 1951 1961 2046 2056 2103 2107 2160 2181 2185 2189 2190 2202 2205 2207 2266 2268 2307 

Test #6
814 1028 1200 1233 1254 1496 1703 1858 1954 1958 2004 2055 2123 2125 2176 2180 2187 2253 2309 2369 2383 2417 2420 2422 2424 2451 2462 2510 2637 2662 2665 2669 2731 2745 2856 2876 2883 

Test #7
935 1384 1887 2556 3332 3424 3518 3567 3692 3776 3920 3950 3975 4012 4018 4078 4080 4085 4107 4119 4132 4156 

Test #8


Test #9
20 84 159 189 219 274 278 328 346 361 372 411 462 469 549 551 596 597 611 647 683 728 747 755 769 778 788 801 807 879 945 958 961 983 1038 1049 1074 1099 1114 1168 1216 1262 1280 1282 1292 1294 1300 1302 1326 1355 1360 1362 1376 1382 1383 1385 1388 1393 1416 1431 1448 1453 1461 1481 1494 1495 1498 1526 1534 1536 1537 1542 1545 1548 1551 1552 1560 1564 1570 1581 1584 1587 1588 1592 1596 1604 1616 1618 1623 1624 1630 1636 1640 1655 1657 1663 1668 1681 1688 1702 1703 1706 1723 1724 1733 1734 1741 1742 1763 1765 1769 1786 1788 1794 1797 1803 1810 1812 1816 1821 1822 1846 1891 1942 1966 1978 

Test #10
58 112 466 504 567 1089 1380 1532 1543 1804 1849 1945 2082 2103 2165 2219 2222 2251 2264 2273 2292 2296 2311 2364 2409 2411 2412 2483 2486 2493 2496 2499 2504 2516 2522 2553 2586 2589 2616 2632 2638 2643 2645 2648 2677 2679 2685 2719 2724 2744 2747 2770 2775 2776 2792 2794 2816 2829 2830 2859 2877 2879 2886 2930 2934 

Test #11


Test #12
2293 2335 3279 3441 3442 3630 3680 3726 3773 3781 3795 3796 3810 3906 3947 3956 4031 4058 4075 4097 4131 

Test #13
42 45 69 116 119 237 283 333 375 413 428 443 561 575 594 709 748 763 787 852 886 890 902 970 1022 1033 1078 1101 1124 1250 1285 1313 1372 1390 1402 1409 1455 1467 1514 1527 1550 1611 1612 1649 1660 1666 1676 1684 1714 1729 1813 1826 1833 1836 1847 1857 1874 1875 1903 1919 1949 1955 1963 2073 2134 

Test #14


Test #15
91 137 177 180 218 266 310 320 347 436 439 491 516 546 559 659 670 770 786 814 840 853 891 917 925 937 938 960 981 1028 1042 1078 1113 1120 1132 1139 1147 1148 1165 1190 1270 1308 1339 1341 1342 1373 1398 1401 1428 1431 1432 1433 1467 1489 1493 1494 1499 1501 1527 1542 1544 1610 1616 1628 1653 1666 1673 1718 1729 1732 1733 1739 1788 1792 1798 1851 1855 1878 1881 1886 1896 1908 1972 2000 

Test #16
191 1205 

Test #17
174 501 938 1028 1139 1200 1496 1703 2004 2123 2176 2187 2209 2269 2271 2309 2333 2362 2383 2417 2424 2451 2462 2510 2555 2575 2637 2669 2684 2707 2731 2745 2876 2883 2908 3000 

Test #18


Test #19


Test #20


Test #21
174 1029 1165 2187 2282 2722 2774 2829 2889 2903 2928 2931 2970 2999 3050 3115 3148 3161 3169 3188 3266 3270 3285 3299 3305 3320 3345 3361 3381 3403 3551 3594 

Test #22


Test #23
2306 2890 

Test #24
26 242 717 785 891 922 994 1010 1745 1750 1820 2194 2211 2219 2341 2383 2450 2502 2599 2649 2741 2742 2832 2877 2972 3002 3026 3110 3140 3151 3209 3213 3235 3243 3246 3247 3314 3342 3344 3345 3367 3369 3392 3395 3407 3423 3424 3425 3430 3450 3452 3459 3470 3471 3484 3485 3486 3516 3529 3536 3539 3543 3545 3551 3559 3570 3577 3581 3590 3593 3595 3601 3606 3614 3620 3627 3632 3636 3640 3643 3655 3656 3657 3663 3664 3669 3675 3691 3700 3702 3706 3707 3714 3725 3735 3736 3738 3747 3751 3762 3766 3770 3777 3778 3780 3782 3792 3793 3794 3803 3809 3819 3822 3832 3844 3845 3846 3857 3868 3872 3880 3886 3896 3921 3957 3963 3973 3979 3982 3989 3990 3993 4024 4036 4042 

Test #25
1963 2464 3222 

Test #26


Test #27


Test #28
885 1650 1716 2566 2723 3280 3317 3372 3410 3534 3551 3620 3667 3674 3706 3718 3734 3769 3929 4014 4066 4069 

Test #29
386 409 1361 1389 1572 2235 2415 2472 2533 2844 2892 2939 2941 2945 2964 2979 2995 2999 3000 3032 3036 3042 3055 3058 3066 3092 3093 3127 3158 3176 3189 3226 3253 3259 3261 3266 3269 3275 3303 3305 3312 3324 3335 3339 3358 3363 3377 3385 3423 3429 3430 3431 3432 3440 3468 3508 

Test #30
988 1358 1373 1501 1615 1643 1779 1781 1872 1898 1899 1951 1975 2069 

Test #31
3 115 266 409 424 558 1055 1102 1389 1528 1572 1616 1797 1894 1910 1924 1941 2048 2071 2074 2143 2213 2247 2257 2278 2289 2297 2310 2313 2315 2325 2328 2341 2351 2354 2398 2450 2489 2495 2519 2528 2533 2544 2601 

Test #32
737 1586 

Test #33


Test #34


Test #35
2131 

Test #36


Test #37
409 1370 1572 

Test #38
338 737 764 1073 1543 1849 2281 2407 2704 2744 2916 2956 2973 3046 3064 3117 3134 3149 3186 3222 3298 3330 3390 3409 3421 3445 3451 3491 3499 3500 3526 3541 3550 3557 3560 3568 3708 

Test #39


Test #40


Test #41
466 567 1305 1380 1543 1820 1852 1857 1963 2009 2033 2038 2060 2082 2107 2108 2110 2119 2164 2171 2183 2202 2209 2227 2231 2249 2261 2292 2342 2364 2374 2384 2389 2391 2394 2396 2407 2419 2424 2469 2483 2488 2493 2502 2518 2522 2527 2562 

Test #42
2673 3169 3624 

Test #43


Test #44
58 112 447 466 504 541 711 779 1007 1188 1380 1604 1633 1672 1721 1786 1804 1921 2001 2023 2082 2165 2201 2293 2366 2388 2428 2430 2432 2436 2499 2520 2557 2668 2683 2706 2713 2733 2739 2740 2742 2744 2751 2794 2795 2804 2807 2815 2818 2819 2839 2840 2842 2846 2848 2855 2862 2867 2878 2897 2899 2917 2923 2932 2933 2936 2943 2946 2953 2955 2978 2984 3007 3010 3017 3023 3048 3073 3088 3108 3112 3117 3123 3129 3132 3135 3139 3140 3144 3145 3146 3159 3168 3173 3174 3178 3179 3185 3187 3205 3211 3218 3230 3231 3233 3254 3255 3268 3271 3288 3298 3319 3321 3333 3338 3352 3367 3369 3392 

Test #45
670 2361 

Test #46


Test #47


Test #48
1963 2392 2641 2695 3222 3421 3451 

Test #49
386 409 756 1389 1572 2231 2235 2383 2415 2472 2510 2814 2844 2892 2893 2938 2939 2941 2945 2964 2979 2995 2999 3000 3032 3036 3055 3058 3066 3092 3093 3106 3127 3152 3153 3158 3189 3226 3250 3253 3259 3261 3266 3269 3275 3303 3305 3312 3318 3324 3335 3339 3343 3363 3377 3385 3413 3423 3429 3430 3432 3440 

Test #50
0 1 228 355 360 373 485 542 628 711 820 1012 1025 1231 1291 1305 1323 1445 1473 1582 1598 1658 1662 1674 1713 1735 1802 1805 1817 1835 1907 1923 1939 1947 1954 1962 1971 1973 1979 1986 1988 2003 2004 2010 2012 2027 2035 2039 2042 2058 2076 2077 2093 2104 2109 2110 2113 2114 2120 2169 2180 2191 2241 

Test #51
38 104 111 113 146 262 304 356 368 434 462 488 524 533 553 674 762 768 783 794 820 905 918 1007 1054 1059 1112 1130 1138 1150 1210 1253 1266 1268 1293 1356 1423 1451 1482 

Test #52


Test #53
348 441 737 762 

Test #54


Test #55
3904 4159 

Test #56


Test #57


Test #58
285 355 1111 2331 2452 2534 2708 2768 2911 2968 3063 3113 3135 3137 3150 3153 3156 3160 3165 3175 3201 3215 3217 3221 3228 3244 3245 3273 3278 3324 3330 3331 3364 3382 3389 3396 3403 3432 3439 3469 3522 3537 3538 3548 3553 3596 3640 3685 

Test #59


Test #60
285 629 967 1111 1486 2083 2708 2768 2805 2862 2863 2872 2890 2911 2933 2958 2968 3048 3059 3063 3074 3113 3137 3144 3150 3153 3156 3165 3175 3201 3215 3217 3221 3228 3229 3244 3245 3273 3276 3278 3330 3331 3338 3374 3382 3389 3396 3401 3490 3522 3537 3538 3553 3596 

Test #61
1963 2091 2464 2504 2529 2641 2695 2981 3064 3186 3390 3451 

Test #62
430 2207 

Test #63


Test #64
2517 2798 2820 3031 3082 3164 3198 3232 3242 3243 3272 3356 3366 3379 3442 

Test #65
2013 2095 

Test #66


Test #67
58 112 1089 1188 1532 1672 1791 2001 2081 2165 2347 2366 2388 2438 2498 2509 2557 2635 2649 2700 2731 2733 2742 2761 2796 2807 2815 2818 2832 2840 2846 2873 2925 2955 2962 2991 3010 3023 3035 3067 3069 3073 3080 3083 3088 3099 3107 3114 3123 3133 3139 3140 3152 3159 3164 3170 3173 3177 3178 3185 3207 3214 3218 3227 3231 3233 3254 3255 3268 3271 3296 3298 3300 3319 3321 3322 3329 3333 3351 3352 3365 3367 3369 3370 3383 3391 3392 3400 3405 3415 3417 3419 3454 3481 3487 3496 3531 3588 3593 3599 

Test #68


Test #69


Test #70


Test #71
13 29 32 48 91 112 115 119 137 152 157 176 177 180 204 207 208 218 234 266 310 333 347 383 384 388 397 413 430 436 439 443 444 445 466 511 516 536 556 559 575 591 592 606 607 647 658 667 670 694 696 709 716 728 752 760 770 781 793 814 815 827 835 852 853 880 886 891 897 901 902 904 906 917 923 925 937 938 943 944 960 981 982 986 989 995 1004 1010 1016 1028 1029 1044 1053 1055 1061 1074 1078 1104 1116 1120 1124 1129 1132 1139 1147 1148 1162 1165 1180 1190 1195 1201 1207 1224 1227 1250 1267 1270 1285 1288 1295 1308 1315 1327 1329 1336 1339 1351 1354 1372 1373 1376 1380 1385 1386 1398 1403 1409 1410 1428 1431 1433 1448 1457 1467 1468 1470 1471 1472 1474 1475 1489 1493 1494 1497 1499 1500 1501 1502 1511 1515 1520 1527 1542 1544 1546 1549 1550 1569 1580 1583 1591 1599 1606 1608 1609 1610 1611 1612 1618 1626 1628 1637 1645 1647 1666 1673 1675 1680 1694 1695 1729 1775 1792 1798 1801 1804 1831 1841 1856 1858 1878 1882 1883 1889 

Test #72
814 1200 1496 2004 2123 2176 2271 2362 2424 2451 2462 2814 2881 2912 2951 3032 3148 3161 

Test #73
1887 2517 3084 3094 3102 3310 3659 3674 3776 3825 3879 3937 3975 

Test #74
4 32 133 343 370 380 554 717 756 770 782 863 1127 1243 1260 1274 1305 1341 1381 1387 1390 1391 1568 1701 1783 1852 1887 1908 1918 1922 1936 1937 1942 1953 1960 1988 1989 1993 2004 2006 2024 2062 2074 2075 2110 2142 2159 2169 2180 2194 2200 2201 2209 2218 2220 2224 2225 2235 2263 2271 2274 2278 2286 2287 2289 2290 2291 2304 2306 2320 2321 2325 2328 2329 2331 2339 2347 2350 2355 2364 2370 2374 2382 2384 2386 2391 2396 2397 2403 2409 2410 2413 2418 2419 2424 2427 2439 2444 2446 2462 2463 2470 2471 2475 2476 2479 2480 2484 2489 2490 2494 2500 2509 2519 2528 2535 2544 2552 2558 2559 2565 2585 2590 2601 2608 2622 2624 2625 2642 2647 2659 2674 2691 2699 2707 2711 2717 

Test #75
10 12 16 20 23 33 36 46 58 61 77 82 84 90 99 109 110 119 134 153 159 160 164 168 195 201 206 223 229 233 238 246 256 257 261 264 267 274 288 289 301 303 314 318 319 323 327 328 335 337 344 346 348 351 364 372 377 391 408 412 413 420 430 437 440 459 462 469 485 490 496 499 520 522 525 549 555 563 567 578 584 590 592 597 609 640 653 662 666 669 689 693 697 700 703 720 733 739 745 747 751 755 759 762 765 788 800 802 803 807 808 809 811 813 818 827 830 837 843 851 865 869 892 896 900 902 904 906 945 963 977 979 983 984 987 990 991 992 1004 1021 1026 1036 1043 1045 1049 1056 1071 1080 1089 1097 1103 1114 1123 1140 1143 1167 1173 1198 1202 1209 1215 1223 1234 1258 1262 1269 1280 1282 1290 1292 1296 1300 1310 1311 1321 1326 1332 1355 1366 1378 1387 1395 1405 1416 1421 1422 1426 1429 1444 1473 1475 1478 1487 1534 1536 1537 1550 1551 1570 1581 1603 1604 1608 1611 1623 1624 1638 1640 1641 1642 1644 1654 1657 1665 1668 1674 1702 1706 1726 1734 1735 1755 1765 

Test #76


Test #77


Test #78
1254 2187 

Test #79
13 32 83 107 112 119 152 157 176 197 234 314 380 383 384 413 466 471 556 566 600 694 696 752 756 781 800 815 827 835 851 860 863 901 902 906 943 982 987 989 1010 1016 1038 1044 1055 1091 1117 1164 1180 1189 1201 1207 1224 1234 1255 1267 1288 1295 1315 1322 1332 1351 1354 1372 1376 1380 1386 1395 1403 1410 1421 1468 1471 1472 1474 1475 1497 1502 1511 1515 1520 1550 1564 1568 1583 1591 1599 1606 1608 1609 1611 1612 1624 1626 1635 1645 1647 1657 1665 1671 1675 1694 1695 1716 1745 1747 1755 1761 1775 1792 1793 1801 1804 1821 1829 1830 1831 1840 1841 1856 1858 1882 1883 1885 1888 1889 1916 1917 1976 1981 1983 2002 

Test #80
2032 2037 2198 2232 2344 2538 3222 

Test #81
283 333 413 530 1078 1124 1313 1492 1550 1611 2013 2014 2018 2030 2074 2095 2143 2187 2233 

Test #82


Test #83
58 112 447 466 504 779 1188 1672 1721 1791 2001 2081 2165 2201 2347 2366 2388 2438 2498 2509 2520 2557 2706 2731 2733 2739 2761 2794 2796 2807 2815 2818 2840 2846 2897 2932 2946 2949 2955 2962 2977 3010 3023 3047 3067 3069 3080 3083 3099 3114 3123 3140 3152 3164 3168 3170 3177 3178 3185 3205 3207 3214 3218 3227 3231 3233 3236 3254 3255 3268 3271 3288 3291 3293 3296 3298 3315 3319 3321 3322 3329 3333 3351 3352 3365 3367 3369 3370 3378 3383 3391 3392 3400 3405 3414 3417 3419 3454 3457 3465 3474 3475 3481 3487 3492 3496 3519 3531 3563 3581 3588 3599 3617 3618 3628 3658 

Test #84


Test #85
867 935 1750 1791 1798 1901 1905 1933 2033 2055 2065 2123 2141 2177 2243 2280 

Test #86
2688 2903 3115 3869 

Test #87
701 1035 1619 1722 1929 2090 2108 2293 2363 2407 2448 2485 2517 2546 2581 2587 2588 2598 2600 2652 2657 2671 2688 2732 2734 2735 2767 2768 2773 2783 2797 2833 2847 2898 2902 2905 2932 2954 2955 2968 2985 2998 3028 3038 3045 3062 3112 3113 

Test #88


Test #89
101 483 484 557 1127 1277 1443 1532 1594 1957 1991 2387 2402 2480 2515 2595 2630 2659 2692 2729 2800 2807 2823 2866 2896 2925 2945 2955 3001 3112 3167 3196 3216 3231 3240 3243 3260 3272 3280 3290 3311 3313 3314 3320 3328 3343 3353 3354 3356 3357 3372 3379 3393 3394 3398 3407 3410 3411 3415 3416 3450 3456 3460 3462 3484 3485 3486 3489 3493 3539 3542 3559 3561 3565 3566 3570 3584 3606 3617 3627 3644 3647 3648 3666 3668 3671 3675 3682 3687 3693 3700 3704 3782 3785 

Test #90


Test #91


Test #92
338 737 2281 2744 2973 3046 3064 3117 3134 3153 3222 3298 3390 3421 3445 3451 3541 3708 

Test #93


Test #94
175 

Test #95
0 62 78 118 150 161 191 236 268 546 601 953 1062 1107 1191 1206 1404 1455 1486 

Test #96


Test #97
2276 2574 2688 2903 3113 3115 3553 3964 

Test #98


Test #99


Test #100


Test #101
1372 1440 1990 2013 2095 2417 

Test #102
38 104 113 248 317 323 367 400 433 434 468 469 481 502 507 512 643 682 686 692 729 755 794 797 829 857 874 934 936 942 1035 1054 1204 1234 1259 1273 1356 1361 1362 1377 1418 1447 1575 1614 1643 

Test #103


Test #104
692 737 762 918 1150 1456 

Test #105
454 

Test #106


Test #107
143 566 1384 1605 1795 2142 2254 2283 2517 2573 2579 2583 2653 2696 2706 2798 2819 2820 2842 2897 2917 2925 2946 2977 2983 3011 3031 3084 3085 3105 3112 3125 3128 3129 3131 3154 3164 3168 3179 3181 3198 3206 3216 3232 3234 3242 3243 3260 3268 3272 3279 3282 3286 3289 3311 3314 3319 3353 3356 3365 3366 3379 3380 3393 3398 3399 3402 3406 3408 3426 3433 3434 3473 3484 3501 3502 3539 

Test #108


Test #109
546 659 840 1401 1739 1792 1848 2242 2263 2267 2349 2467 

Test #110
885 1277 1650 1848 1887 1991 2566 2718 2955 3001 3147 3231 3280 3317 3354 3372 3407 3411 3450 3471 3566 3648 3667 

Test #111
409 1120 1572 1797 2209 2333 2354 2427 2575 2601 2680 2692 2808 2844 2850 

Test #112


Test #113
143 152 189 280 287 317 338 381 447 503 541 597 608 779 817 1073 1198 1201 1235 1236 1288 1384 1427 1532 1603 1604 1683 1721 1726 1768 1786 1799 1817 1889 1890 1945 1964 1966 1970 2001 2026 2032 2033 2037 2091 2100 2101 2102 2103 2107 2138 2158 2160 2161 2171 2178 2181 2183 2195 2197 2198 2202 2205 2208 2210 2215 2219 2221 2222 2231 2245 2248 2249 2251 2255 2259 2261 2266 2281 2285 2294 2312 2327 2343 2348 2352 2366 2373 2376 2379 2384 2385 2389 2390 2394 2408 2411 2412 2416 2425 2426 2429 2453 2466 2469 2478 2486 2488 2496 2499 2511 2520 2521 2539 2540 2547 2605 

Test #114
922 1716 1848 1887 2101 2433 2535 2537 2545 2562 2654 2656 2691 2698 2723 2753 2772 2790 2804 2840 2852 2857 2918 2940 2959 2982 2992 3024 3040 3072 3099 

Test #115
389 596 665 749 816 846 867 1159 1197 1352 1533 

Test #116


Test #117
629 967 1364 1486 2305 2306 2418 2446 2615 2621 2633 2746 2763 2820 2853 2901 2965 3003 

Test #118
754 1089 1515 2366 2383 2450 2542 2570 2635 2639 2702 2739 2769 2780 2796 2815 2846 2873 2972 3035 3126 3136 3140 3151 3246 3300 3301 3345 3346 3359 3365 3417 3430 3438 3449 3505 3508 3516 3517 3561 3577 3601 3640 3648 3653 3666 3691 3698 3702 3714 3718 3725 3727 3730 3733 3735 3747 3770 3772 3780 3786 3791 3809 3823 3828 3840 3845 3846 3849 3851 3880 3881 3886 3888 3902 3912 3916 3925 3926 3934 3938 3963 3965 3985 3993 3998 4004 4011 4016 4033 4034 4046 4051 4068 4082 

Test #119


Test #120


Test #121
101 177 310 320 403 484 491 546 557 659 749 770 840 875 891 917 938 1042 1113 1120 1139 1341 1342 1378 1401 1554 1595 1605 1616 1653 1663 1696 1703 1718 1723 1733 1739 1788 1792 1810 1834 1837 1848 1851 1855 1860 1878 1881 1886 1891 1895 1896 1908 1918 1935 1938 1944 1950 1958 1972 1978 1989 1994 2000 2049 2050 2051 2055 2057 2096 2099 2144 2155 2157 2179 2184 2192 2199 2215 2224 2242 2256 2263 2267 2311 2322 2349 

Test #122


Test #123
13 26 48 83 107 137 176 197 201 218 234 303 314 380 388 466 471 472 549 551 555 556 563 566 580 640 647 694 728 752 756 800 801 817 851 853 863 879 887 901 937 943 945 987 994 1037 1038 1044 1091 1132 1148 1162 1168 1179 1201 1207 1209 1234 1255 1262 1267 1270 1288 1295 1332 1339 1341 1354 1366 1373 1376 1378 1380 1385 1386 1387 1395 1403 1421 1422 1428 1431 1433 1448 1460 1461 1467 1468 1475 1493 1494 1501 1502 1511 1530 1534 1537 1538 1542 1551 1560 1564 1568 1583 1590 1591 1602 1606 1608 1609 1616 1618 1622 1623 1624 1628 1640 1644 1657 1663 1665 1669 1675 1681 1693 1695 1702 1703 1715 1723 1724 1733 1744 1745 1755 1761 1769 1773 1775 1788 1796 1797 1798 1803 1821 1829 1840 1844 1858 1865 1883 1885 1889 1913 1915 1920 1937 

Test #124
101 484 557 659 875 891 922 1042 1443 1605 1650 1848 1953 2000 2062 2085 2101 2112 2123 2141 2150 2228 2291 2321 2323 2328 2334 2357 2380 2387 2393 2398 2405 2457 2458 2459 2467 2479 2481 2482 2491 2504 2513 2516 2555 2562 2577 2580 2597 2617 2619 2620 2636 2644 2656 2667 2689 2698 2718 2723 2740 2753 2765 2772 2790 2804 

Test #125


Test #126


Test #127


Test #128


Test #129
2793 3534 

Test #130


Test #131


Test #132
151 219 231 246 252 324 389 416 480 535 564 585 596 632 633 654 663 665 708 739 769 772 778 812 816 846 855 889 893 935 963 1013 1064 1096 1099 1159 1192 1216 1294 1303 1325 1358 1382 1431 1453 1465 1494 1498 1533 1542 1552 1592 1636 1648 1663 1667 1724 1748 1750 

Test #133
2723 3280 3410 3674 3825 4158 

Test #134


Test #135
26 33 46 58 61 99 119 134 168 195 201 234 238 256 303 314 318 319 323 335 337 338 344 372 377 412 430 437 459 549 551 555 556 563 567 578 580 592 597 640 683 689 733 800 801 802 809 811 817 827 837 851 863 879 901 906 945 951 954 983 987 991 1036 1037 1073 1123 1173 1202 1209 1223 1234 1262 1267 1280 1295 1311 1332 1355 1366 1378 1386 1387 1395 1421 1422 1429 1461 1475 1478 1531 1534 1536 1538 1545 1550 1551 1560 1564 1568 1570 1587 1603 1606 1608 1611 1618 1622 1624 1642 1644 1657 1665 1675 1681 1702 1734 1735 1755 1765 1790 1794 1820 

Test #136
1963 2392 2695 3222 3421 

Test #137


Test #138
1737 2487 

Test #139
2686 2736 2750 2779 2798 2946 3019 3025 3082 3094 3164 3198 3202 3232 3243 3272 3356 

Test #140
115 266 409 1055 1528 1572 2143 2213 2278 2313 2354 2398 2544 2601 

Test #141
1792 

Test #142


Test #143


Test #144
1339 

Test #145


Test #146
32 386 409 887 1472 1661 2187 2415 2468 2708 2826 2844 2877 2995 3039 3055 3058 3066 3092 3137 3175 3304 3339 3369 3413 3439 3478 3533 3539 3554 3590 3596 3597 3614 3619 3638 3641 3656 3694 3716 3721 3729 3735 3741 3758 3764 3779 3782 3798 3801 3802 3803 3804 3806 3807 3811 3812 3814 3830 3831 3832 3837 3839 3847 3860 3865 3866 3867 3868 3883 3889 3894 3895 3898 3899 3908 3909 3923 3927 3940 3944 3946 3962 3974 3976 3986 3999 4001 4028 4032 4035 4037 4040 4045 4047 4049 4055 4060 4063 4073 4079 4087 4101 4102 4108 4127 4130 

Test #147
670 846 885 922 1244 1581 1816 1909 1925 1948 1984 2022 2026 2085 2135 2141 2273 2334 

Test #148


Test #149


Test #150


Test #151
2 13 32 42 91 101 115 119 152 157 175 176 177 180 207 208 237 266 291 310 320 321 333 339 347 350 383 384 397 413 436 443 445 484 491 511 516 546 557 559 575 618 670 694 696 709 773 781 793 814 827 835 840 852 853 860 875 902 917 925 929 937 960 981 982 986 989 1010 1016 1028 1029 1033 1042 1044 1055 1060 1078 1113 1124 1147 1148 1164 1165 1180 1188 1201 1224 1227 1250 1270 1272 1275 1285 1288 1298 1308 1315 1322 1339 1342 1351 1372 1376 1381 1395 1398 1401 1403 1409 1410 1419 1420 1428 1431 1467 1468 1470 1472 1474 1489 1493 1494 1499 1501 1502 1504 1510 1511 1515 1520 1527 1542 1543 1544 1550 1554 1558 1580 1591 1595 1599 1608 1610 1611 1612 1626 1628 1635 1637 1645 1653 1666 1671 1672 1673 1686 1694 1695 1716 1718 1729 1732 1739 1740 1747 1755 1759 1761 1766 1768 1777 1782 1792 1793 1798 1801 1830 1831 1841 1847 1851 1855 1856 1860 1882 1885 1888 1889 1916 1917 1935 1941 1976 1977 1981 1983 2000 

Test #152


Test #153
65 69 91 115 119 157 375 397 516 558 724 763 814 890 960 1022 1102 1254 1372 1409 1428 1450 1467 1491 1514 1527 1528 1550 1572 1580 1608 1611 1612 1666 1712 1753 1778 1788 1821 1831 1836 1863 1874 1885 1900 1903 1904 1919 1924 1936 1955 1959 1965 1990 2007 2034 2048 2052 2053 2064 2066 2071 2072 2073 2127 2134 2142 2163 2164 2168 2173 2182 2239 2250 2252 2282 2289 2291 2297 2300 2310 2320 2328 2333 

Test #154
670 846 885 1244 1297 1373 1533 1581 1779 1816 1870 1909 1920 1925 1948 1968 1975 1984 2022 2025 2026 2085 2124 2135 2141 2273 2334 

Test #155


Test #156
2306 2890 3172 3373 

Test #157
1963 2641 2695 3222 3390 3421 3451 

Test #158


Test #159


Test #160
91 115 397 409 493 1227 1813 1885 1930 2007 2239 2278 

Test #161
1 20 38 69 75 77 84 96 110 111 116 126 129 143 170 171 178 184 201 236 251 254 264 274 325 326 334 337 343 355 364 372 378 396 404 419 434 446 520 531 533 541 601 655 684 715 719 720 747 807 873 881 912 919 948 952 999 1009 1014 1043 1049 1052 1076 1105 1114 1115 1157 1205 1219 1222 1228 1231 1239 1258 1268 1282 1291 1300 1309 1343 1344 1374 1392 1397 1408 1411 1416 1450 1479 1485 1524 1556 1557 

Test #162
69 814 1233 1254 1440 1858 1954 1958 2004 2132 2180 2187 2253 2358 2369 2383 2417 2420 2451 2665 2669 2814 2856 

Test #163


Test #164
2238 2574 2688 3091 3113 3247 3260 3270 3311 3314 3392 3395 3398 3404 3489 3513 3522 3530 3553 3555 3581 3612 3625 3633 3669 3736 3746 3755 3768 3770 3777 3778 3816 3833 3873 3885 3895 3910 3945 3958 3960 4013 4025 4027 

Test #165


Test #166


Test #167
1737 2487 

Test #168


Test #169


Test #170


Test #171
10 348 378 408 441 544 737 1358 1675 1706 2149 2196 2308 2431 2461 2477 

Test #172
101 484 557 1042 1384 1443 1795 2000 2017 2142 2177 2283 2630 2696 2800 2842 2896 2932 2945 2983 3031 3131 3196 3206 3236 3286 3327 3343 3379 3393 3394 3408 3446 3460 3464 3466 3472 3474 3484 3493 3506 3510 3512 3518 3539 3542 3549 3561 3567 3570 3580 3584 3600 3621 3627 3639 3668 3682 3687 3692 3693 3700 3704 3712 3732 3759 3771 3772 3781 3785 3788 3797 3827 3834 3836 3842 3843 3852 3854 3864 3901 3917 

Test #173
91 175 397 1254 1528 1572 1959 2071 2072 2250 

Test #174
1921 

Test #175


Test #176


Test #177


Test #178
501 749 1440 2269 2362 2673 2679 2829 2889 2908 2912 2928 3050 3161 3169 3320 3345 3404 3515 3520 

Test #179
101 484 557 1042 1384 1443 1795 1953 2000 2017 2142 2177 2283 2579 2630 2696 2706 2800 2842 2896 2932 2945 2983 3031 3131 3196 3206 3236 3286 3314 3327 3343 3379 3393 3394 3408 3446 3460 3464 3466 3472 3474 3484 3493 3501 3506 3510 3512 3518 3539 3542 3549 3561 3567 3570 3580 3584 3600 3621 3627 3639 3668 3682 3687 3692 3700 3704 3712 3759 3771 3772 3781 3785 3788 3797 3827 3836 3842 3852 3854 3864 

Test #180
44 61 72 83 85 142 151 194 199 219 329 345 359 439 480 496 516 559 565 569 584 585 613 654 663 691 713 742 769 772 780 786 788 808 812 831 857 880 889 937 944 957 958 960 976 981 1013 1057 1069 1078 1081 1088 1099 1147 1148 1209 1216 1242 1294 1302 1310 1339 1431 1467 1587 

Test #181
840 1300 1401 1739 1750 1860 1925 2085 2141 2179 2334 2433 2515 2728 

Test #182
483 875 1277 1302 1388 1554 1605 1750 1925 2211 2228 2234 2254 2291 2321 2323 2357 2377 2393 2457 2458 2472 2481 2491 2536 2541 2560 2580 2607 2613 2630 2636 2676 2700 2710 2722 2812 

Test #183


Test #184
1440 

Test #185
840 875 885 1277 1650 1750 1925 1991 2101 2334 2405 2433 2537 2545 2562 2577 2617 2619 2644 2698 2718 2723 2774 2790 2804 2840 2852 2977 

Test #186
151 252 278 596 632 633 654 663 665 739 846 867 885 908 961 963 1159 1197 1244 1282 1297 1320 1385 1533 1585 1648 1667 1692 1748 1791 1806 1814 1816 1853 1867 1901 1925 1933 2022 2025 2026 2065 

Test #187
360 541 701 711 736 798 928 1012 1035 1141 1235 1261 1323 1361 1454 1582 1598 1603 1633 1669 1698 1721 1722 1776 1852 1857 1883 1889 1921 1929 1934 1945 1971 1999 2003 2010 2015 2023 2026 2033 2037 2060 2063 2084 2090 2093 2097 2119 2158 2170 2171 2172 2175 2178 2198 2202 2208 2209 2222 2245 2248 2259 2260 2261 2262 2275 2288 2294 2314 2332 2336 2338 2366 2367 2373 2374 2385 2391 2394 2396 2408 2412 2432 2437 2442 2466 2468 2499 2511 2520 2530 2546 2567 2587 

Test #188
691 1353 

Test #189


Test #190
1052 2332 2375 2517 2652 

Test #191


Test #192


Test #193
737 1963 2091 2464 2529 2641 2695 2956 2981 3064 3186 3241 3390 3409 3451 

Test #194


Test #195
59 553 1301 1380 1620 2403 2767 2822 2853 2878 2897 2977 3045 3116 3150 3153 3162 3168 3178 3201 3217 3241 3276 3291 3295 3297 3325 3330 3331 3336 3337 3347 3374 3388 3400 3401 3422 3441 3443 3453 3457 3483 3488 3499 3500 3505 3512 3518 3521 3523 3544 3554 3560 3563 3564 3571 3579 3591 3603 3615 3618 3621 3622 3630 3637 3649 3652 3710 3739 3740 3744 3745 3748 3750 3756 3801 3817 3841 

Test #196
82 360 551 611 764 1012 1141 1301 1323 1582 1598 1646 1859 1898 1963 2003 2047 2091 2149 2198 2205 2226 2227 2308 2336 2342 2352 2419 2431 2444 2460 2461 2463 2464 2483 2494 2504 2506 2516 2526 2529 2538 2540 2553 2557 2581 2584 2604 2610 2612 2638 2641 2671 2695 2727 2750 2755 2771 2773 2782 2788 2810 2822 2836 2882 2885 2905 2917 2926 2952 2958 2981 2989 2994 3031 3041 3051 3056 3059 3065 3068 3074 

Test #197
1361 3101 3716 3764 3802 

Test #198


Test #199


Test #200
3 424 818 1060 1122 1813 1838 1850 1930 2257 2305 

Test #201
2083 2306 2890 3172 3248 3373 

Test #202
82 176 551 611 829 874 1012 1141 1323 1598 1857 1898 1899 2003 2032 2037 2047 2091 2093 2195 2198 2205 2210 2215 2219 2221 2226 2229 2288 2327 2332 2336 2352 2372 2378 2381 2411 2412 2416 2425 2428 2448 2460 2465 2474 2505 2508 2525 2538 2540 2547 2551 2557 2568 2573 2576 2578 2579 2584 2591 2681 2686 2716 2719 2727 2750 2755 2773 

Test #203
1473 2083 2303 

Test #204
1277 1650 1887 2566 2718 3001 3097 3231 3317 3354 3450 3659 3674 

Test #205


Test #206


Test #207


Test #208


Test #209


Test #210
285 355 1936 2159 2178 2230 2335 2403 2468 2559 2606 2688 2704 2777 2783 2808 2813 2819 2824 2827 2828 2841 2842 2894 2903 2910 2915 2927 2954 2960 2970 2997 3010 3054 3089 3096 3116 

Test #211
3 208 214 554 1060 1122 1148 1200 1389 1411 1431 1629 1661 1838 1845 1850 1856 1866 1904 1910 1923 1930 2024 2035 2060 2067 2072 2079 2096 2108 2118 2122 2130 2133 2144 2159 2164 2204 2227 2234 2257 2269 2279 2292 2293 2295 2324 2325 2335 

Test #212


Test #213


Test #214


Test #215


Test #216
82 338 551 597 611 874 1073 1288 1683 1726 1748 1898 1899 2091 2183 2195 2205 2215 2219 2221 2292 2327 2352 2364 2372 2378 2389 2390 2411 2416 2425 2428 2440 2449 2453 2460 2464 2465 2478 2486 2488 2496 2505 2508 2521 2525 2540 2547 2551 2568 2573 2578 2593 2600 2605 2627 2686 2703 2747 2764 2782 2785 

Test #217
5 10 12 36 50 99 109 126 143 160 168 170 205 223 228 236 261 262 267 285 288 311 357 368 373 381 391 420 441 462 485 490 496 499 525 541 544 578 584 590 599 608 609 620 628 666 684 701 703 768 803 808 811 818 820 881 896 900 907 912 916 928 930 990 992 1001 1025 1026 1059 1071 1080 1097 1138 1140 1167 1202 1239 1261 1266 1269 1293 1310 1321 1331 1343 1356 1384 1392 1405 1416 1426 1427 1436 1438 1454 1473 1477 1485 1487 1532 1537 1557 1563 1567 1571 1596 1597 1607 1623 1631 1638 1640 1641 1646 1654 1659 1668 1674 1679 1683 1719 1725 1730 1735 1756 1757 1767 1769 1778 1783 1787 1799 1800 1823 1824 1828 1835 1864 1879 1892 1912 

Test #218


Test #219


Test #220
343 749 938 970 1022 1029 1139 1165 1341 1663 1703 1783 1957 1988 2071 2112 2123 2125 2154 2176 2180 2233 2271 2274 2309 2315 2323 2326 2362 2384 2400 2424 2451 2458 2462 2470 2475 2490 2498 2512 2528 2555 2559 2618 2620 2629 2634 2646 2662 2666 2668 2672 2697 2702 2713 2714 2751 2777 2817 

Test #221
2276 2722 3247 

Test #222
125 582 792 846 885 908 922 1320 1367 1453 1521 1562 1601 1648 1692 1806 1814 

Test #223
2131 2139 2550 2826 3042 3172 3176 3248 

Test #224


Test #225
151 231 252 278 564 596 632 633 654 665 739 778 893 961 963 1096 1159 1282 1320 1385 1453 1533 1581 1585 1592 1636 1648 1724 1748 1750 1791 1807 1816 1853 1867 1870 1897 1901 1933 1948 1951 1968 1975 1984 2017 

Test #226
483 1127 1443 1532 1594 1991 2387 2402 2557 2639 2692 2807 2866 2896 3001 3247 3290 3317 3327 3357 3359 3395 3416 3424 3452 3456 3470 3505 3534 3543 3595 3617 3621 3632 3639 3664 3666 3671 3693 3707 3718 3720 3751 3766 3771 3772 3786 3788 3819 3822 3834 3840 3842 3849 3852 3855 3858 3864 3881 3901 3917 3920 3931 3932 3934 3948 3949 3952 3953 3961 3981 3982 3988 3992 3995 4003 4010 4016 4029 4044 4064 4066 4076 4120 4129 4148 4155 

Test #227


Test #228
659 1432 

Test #229


Test #230
123 268 424 467 482 532 724 

Test #231


Test #232


Test #233


Test #234
10 12 16 18 23 24 26 36 46 49 55 61 66 82 90 103 109 119 122 134 141 151 153 155 160 162 164 165 166 168 186 187 189 197 206 223 231 232 233 238 246 256 257 261 263 276 287 288 289 290 301 303 307 309 312 314 318 319 327 335 336 346 348 351 358 361 377 387 391 400 401 405 408 413 414 420 433 437 440 459 463 471 475 485 486 496 499 500 511 522 525 538 543 552 563 575 578 584 585 586 597 609 610 635 636 640 645 653 654 660 662 663 666 669 676 683 689 693 697 700 706 716 725 739 745 751 759 762 765 788 793 799 800 802 803 808 811 827 830 835 837 843 848 851 856 859 865 869 883 887 892 893 896 900 902 904 906 926 927 934 951 958 962 963 977 979 983 984 985 990 992 1004 1008 1013 1016 1032 1036 1038 1045 1056 1058 1063 1071 1080 1096 1097 1103 1110 1116 1119 1123 1140 1150 1152 1158 1167 1168 1171 1173 1175 1198 1202 1204 1209 1215 1225 1250 1251 1255 1264 1269 1275 1283 1284 1285 1290 1292 1296 1310 1317 1319 1325 1332 1360 1365 1366 1369 1378 1395 1407 1421 1422 1429 1473 1487 1495 1536 1550 1568 1570 

Test #235
3943 

Test #236
3490 3573 

Test #237
1572 1652 

Test #238
45 283 333 390 428 530 561 575 594 630 677 748 787 796 825 852 861 886 890 894 895 1040 1078 1101 1124 1250 1285 1313 1390 1402 1424 1492 1518 1565 1573 1649 1660 1676 1684 1714 1813 1826 1833 1857 

Test #239
428 1737 2276 2316 

Test #240
1963 2392 2695 3222 3799 

Test #241
428 1402 1684 1737 2276 

Test #242
63 151 252 389 480 535 564 582 585 614 632 633 654 663 665 708 739 749 812 816 846 855 866 867 957 963 1159 1197 1352 1358 1367 1453 1465 1521 1533 1552 1562 1585 1592 1634 1636 1648 1667 1692 1748 1791 1853 

Test #243


Test #244
69 75 104 129 171 236 325 326 343 344 355 399 419 434 533 549 624 701 715 878 905 919 948 999 1006 1054 1115 1219 1228 1268 1282 1326 1343 1344 1374 1408 1411 1537 1556 1557 

Test #245
64 163 283 379 390 530 630 677 695 825 861 894 1031 1040 1092 1131 1233 1249 1271 1424 1503 1518 1528 1573 1660 1676 

Test #246
69 119 174 1233 1372 1409 1428 1467 1527 1611 1666 1684 1778 1788 1831 1891 1903 1957 1990 2057 2074 2132 2140 2143 2168 2182 2233 2247 2277 2326 2355 2358 2439 2447 

Test #247
2 32 91 101 119 157 180 208 266 291 320 321 339 347 403 436 484 491 516 546 557 559 744 754 756 773 800 814 840 860 875 925 929 937 938 960 981 1010 1028 1029 1042 1055 1113 1120 1127 1139 1147 1148 1164 1165 1188 1212 1234 1272 1298 1322 1339 1342 1351 1372 1381 1401 1419 1428 1431 1443 1467 1472 1489 1494 1527 1542 1543 1550 1554 1568 1580 1595 1605 1608 1611 1612 1616 1625 1626 1635 1653 1660 1666 1671 1672 1673 1686 1694 1716 1718 1729 1732 1733 1738 1739 1740 1744 1747 1755 1761 1766 1768 1780 1788 1793 1796 1803 1815 1821 1830 1831 1834 1847 1851 1855 1856 1857 1858 1860 1871 1875 1878 1881 1882 1885 1888 1895 1896 1900 1908 1916 1917 1922 1935 1938 1941 1944 1946 1950 1956 1964 1972 1976 1977 1981 1983 1994 2000 2032 2037 2048 2049 2050 2051 2059 2064 2066 2094 2096 2099 2111 2121 2140 2182 2192 

Test #248
2415 2468 2826 2979 3042 3055 3058 3101 3175 3253 3498 3509 3583 3589 3596 3619 3641 3684 3699 3707 3713 3716 3757 3764 3803 

Test #249
2857 

Test #250
112 466 504 553 564 597 829 874 1007 1261 1604 1672 1726 1921 2023 2070 2201 2335 2432 2438 2440 2498 2794 2888 2900 2962 2975 2980 3023 3067 3069 3080 3099 3195 3257 3261 3267 3293 3322 3334 3371 3381 3434 3441 3449 3451 3453 3454 3458 3461 3465 3517 3521 3526 3540 3541 3546 3562 3566 3577 3585 3622 3630 3637 3648 3652 3653 3654 3666 3680 3696 3701 3703 3712 3726 3733 3740 3748 3749 3756 3759 3760 3775 3780 3781 3783 3789 3791 3810 3813 3824 3826 3827 3828 3840 3843 3849 3855 3856 3859 3862 3877 3882 3887 3890 3891 3893 3903 3906 3907 3912 3914 3916 3918 3919 3924 3926 3928 3930 3947 3949 3952 3966 3969 3983 3987 4006 4050 4056 4071 4083 4104 4121 4136 

Test #251


Test #252


Test #253
101 483 484 557 1042 1127 1443 1795 1991 2000 2402 2630 2692 2800 2866 2896 2945 3001 3320 3327 3343 3354 3357 3379 3393 3394 3411 3416 3424 3456 3460 3464 3484 3493 3539 3542 3543 3561 3570 3584 3606 3621 3627 3639 3664 3668 3671 3675 3682 3687 3693 3700 3704 3720 3771 3772 3785 3788 3819 3834 3836 3842 3864 3901 3931 3948 3952 3953 

Test #254
15 327 357 1008 1370 1429 1461 1476 1584 1598 1606 1822 1907 1951 2032 2093 2109 2205 2210 2214 2215 2270 2308 2344 2372 2381 2411 2428 2443 2445 2465 2474 2506 2508 2514 2525 2526 2532 2543 2557 2576 2579 2581 2584 2591 2610 2671 

Test #255
2281 2392 2744 3046 3117 3153 3351 3401 3742 3799 3848 3875 

Test #256


Test #257
13 32 69 107 112 119 152 157 176 380 383 384 413 471 671 694 696 756 781 800 815 827 835 860 902 906 982 1010 1029 1043 1044 1055 1091 1164 1180 1184 1189 1201 1224 1234 1260 1272 1288 1315 1322 1351 1354 1372 1376 1380 1395 1403 1409 1410 1421 1450 1468 1471 1472 1474 1475 1502 1511 1515 1520 1550 1564 1568 1591 1598 1599 1608 1611 1612 1626 1635 1645 1657 1658 1670 1671 1686 1694 1695 1704 1716 1737 1747 1755 1761 1766 1775 1789 1792 1793 1801 1802 1804 1821 1830 1831 1841 1847 1856 1858 1882 1885 1888 1889 1893 1903 1916 1917 1944 1976 1981 1983 2002 2032 2037 

Test #258


Test #259
91 137 177 180 266 310 320 347 436 439 491 516 546 559 670 744 770 814 822 840 852 853 917 925 937 938 960 981 986 1028 1078 1113 1120 1124 1132 1139 1147 1148 1165 1188 1190 1227 1270 1275 1285 1308 1339 1342 1372 1373 1398 1401 1428 1431 1432 1433 1467 1489 1493 1494 1499 1501 1527 1542 1544 1550 1591 1608 1610 1611 1612 1616 1628 1653 1666 1671 1673 1718 1729 1732 1739 1761 1788 1792 1793 1798 1834 1847 1851 1855 1878 1881 1886 1888 1935 

Test #260
285 355 542 701 736 741 1361 1454 1619 1620 1845 1963 2009 2015 2033 2038 2039 2108 2164 2178 2224 2227 2261 2289 2293 2294 2335 2342 2388 2407 2419 2430 2444 2454 2463 2468 2494 2501 2524 2530 2559 2567 2592 2594 2598 2600 2606 2641 2648 2652 2674 2687 2688 2695 2704 2715 2721 2732 2734 2736 2743 2754 2756 2757 2762 2783 2819 2837 2842 2847 2855 2906 2910 

Test #261
713 1728 

Test #262
567 1201 1380 1768 1820 2107 2156 2183 2208 2210 2220 2245 2249 2271 2285 2384 2488 2493 2518 2527 

Test #263


Test #264
2335 3441 3630 3680 3726 3773 3781 3796 3810 3906 3947 4031 4058 

Test #265


Test #266
20 89 159 173 218 219 246 263 278 346 351 361 389 411 462 559 596 611 613 632 647 728 739 747 755 769 778 795 807 816 889 893 935 937 961 963 969 1015 1038 1074 1088 1099 1110 1114 1132 1148 1159 1162 1168 1216 1248 1282 1294 1302 1303 1325 1326 1339 1341 1360 1362 1373 1382 1383 1385 1394 1428 1431 1433 1437 1448 1453 1462 1467 1481 1489 1494 1498 1523 1526 1530 1534 1542 1548 1552 1560 1564 1569 1581 1584 1587 1592 1594 1616 1624 1630 1636 1656 1663 1699 1703 1723 1724 1733 1734 1763 1788 1796 1807 1810 1812 1816 1822 1891 1897 1905 1909 

Test #267


Test #268
2083 2706 2757 2763 

Test #269


Test #270


Test #271
32 386 409 424 763 887 970 1022 1025 1189 1391 1472 1491 1701 1894 2163 2219 2238 2302 2345 2493 2502 2510 2574 2597 2649 2688 2693 2786 2826 2831 2832 2877 2938 3039 3066 3091 3095 3113 3137 3213 3244 3245 3247 3254 3260 3270 3277 3311 3314 3333 3344 3345 3353 3367 3369 3377 3392 3395 3398 3404 3439 3450 3478 3479 3486 3489 3504 3513 3522 3530 3533 3536 3539 3545 3551 3553 3555 3556 3570 3581 3586 3590 3594 3595 3597 3601 3612 3613 3620 3623 3625 3626 3629 3631 3632 3633 3636 3638 3640 3643 3645 3656 3669 3686 3691 3695 3699 3702 3707 3714 3721 3724 3729 3736 3737 3738 3741 3746 3751 3755 3762 3765 3768 3770 3777 3778 3779 3794 3803 3831 3832 3837 3847 3866 3868 3873 3876 3885 3889 3892 3895 3898 3899 3909 3910 3923 3927 3945 3946 3954 3960 3980 3986 

Test #272
428 748 787 1402 1684 2276 

Test #273


Test #274


Test #275
96 396 446 458 757 818 1060 1122 1241 1312 1370 1399 1455 1512 1517 1561 1593 1620 1629 1717 1727 1743 1771 1815 1838 1850 1877 1907 2062 

Test #276
2131 2139 2550 2826 2890 

Test #277


Test #278
3726 

Test #279


Test #280


Test #281
428 787 1033 1402 1419 1729 1857 1947 1963 

Test #282
31 42 45 65 116 172 237 283 333 350 390 413 443 456 528 530 561 575 594 630 677 709 760 763 796 806 825 852 861 886 890 894 902 909 1016 1022 1023 1040 1078 1101 1102 1124 1229 1246 1250 1254 1285 1308 1313 1347 1390 1424 1425 1441 1455 1492 1514 1518 1528 1540 1541 1565 1572 1573 1625 1649 1651 1658 1660 1676 1685 1711 1714 1738 1753 1809 1813 1819 1826 1833 1834 1845 1871 1875 1895 1904 1924 1936 1949 1955 1959 1985 2009 

Test #283


Test #284


Test #285
123 409 517 649 1243 1370 1507 1652 1780 

Test #286
1473 2083 

Test #287
670 846 885 908 922 1244 1581 1814 1816 1870 1925 1948 2022 2026 2065 2085 2135 2141 

Test #288
1361 3058 3101 3684 3713 3716 3764 

Test #289
814 1496 2004 2055 2123 2125 2176 2180 2253 2309 2369 2383 2417 2424 2451 2462 2510 2571 2637 2662 2669 2745 2876 2883 

Test #290


Test #291
756 1165 1440 2428 2493 2786 2869 2912 3100 3188 3314 3392 3398 3420 3436 3439 3489 3513 3695 3752 3768 3777 3816 3833 3910 3911 3964 4005 4015 4019 4105 4109 

Test #292


Test #293
1 370 770 1025 1361 1364 2452 2468 2550 2561 2564 2596 2602 2632 2688 2783 2826 2910 2911 2942 2944 2948 3003 3049 3060 3076 3086 3113 3122 3138 3156 3160 3163 3166 3167 3176 3180 3182 3191 3215 3217 3223 3228 3240 3245 3258 3259 3262 3280 3292 3307 3324 3328 3330 3344 3358 3364 3368 3374 3384 3387 3410 3418 3424 3428 3429 3432 3437 3439 3444 3469 3476 3494 3558 3576 3595 3598 

Test #294
436 582 612 801 974 1338 

Test #295
177 320 670 885 1401 1659 1718 1739 1779 1860 1909 1920 2135 2141 2193 2244 2273 2334 2361 2433 2515 2537 2541 2545 2556 2566 2582 

Test #296
2013 

Test #297


Test #298


Test #299
564 2335 2440 2975 3067 3152 3177 3198 3414 3441 3453 3482 3569 3677 3696 3773 3789 3791 3795 3796 

Test #300
564 2776 3031 3198 3232 3340 3360 3442 

Test #301


Test #302


Test #303


Test #304
381 564 597 829 1726 2201 2335 2430 2440 2676 2818 2900 2975 2980 3023 3067 3069 3080 3152 3198 3257 3267 3306 3322 3334 3371 3381 3383 3406 3441 3449 3453 3454 3458 3465 3487 3519 3541 3546 3550 3562 3569 3585 3599 3630 3651 3653 3677 3680 3696 3698 3701 3726 3760 3773 3775 3780 3781 3789 3791 3795 3796 3810 3824 3828 3856 3859 3890 3906 3914 3926 3947 3949 

Test #305
2945 

Test #306
1473 2083 

Test #307
1684 

Test #308
428 2487 

Test #309
3457 3560 3821 3939 

Test #310
1 5 160 223 228 285 355 357 373 391 441 485 584 589 590 609 628 711 818 820 854 898 899 907 916 930 1025 1052 1080 1141 1167 1213 1228 1231 1266 1269 1321 1323 1331 1356 1370 1405 1434 1445 1454 1473 1476 1556 1567 1571 1596 1631 1633 1659 1662 1674 1679 1708 1713 1721 1735 1736 1743 1751 1756 1757 1767 1778 1783 1799 1805 1817 1835 1842 1890 1928 1929 1939 1954 1982 1986 1988 2012 2039 2042 

Test #311


Test #312
3 91 114 115 157 180 266 370 409 424 426 458 501 516 558 782 890 960 1055 1102 1148 1339 1389 1450 1491 1496 1528 1580 1632 1661 1701 1712 1717 1777 1778 1813 1850 1874 1876 1885 1894 1900 1904 1910 1924 1930 1936 1974 1985 2007 2048 2049 2052 2053 2064 2066 2067 2072 2108 2118 2122 2127 2133 2134 2142 2150 2152 2159 2164 2173 2183 2212 2213 2223 2227 2239 2258 2269 2278 2279 2284 2286 2289 2291 2295 2297 2300 2304 2313 2315 2321 2331 2341 2351 2354 2356 

Test #313
1 355 629 673 675 732 741 967 1025 1111 1231 1291 1361 1364 1620 1845 1908 1936 2015 2019 2159 2224 2230 2261 2274 2289 2293 2303 2306 2335 2403 2414 2418 2444 2463 2494 2530 2534 2542 2544 2559 2567 2574 2592 2614 2621 2633 2650 2651 2670 2674 2684 2687 2690 2694 2695 2704 2715 2720 2721 2743 2746 2757 2761 2762 2786 2789 2791 2813 2819 2820 2825 2828 2842 2853 2887 2891 2894 2915 2949 2964 2966 

Test #314


Test #315


Test #316
348 737 762 918 

Test #317
112 567 1089 1188 2219 2222 2289 2428 2504 2524 2668 2681 2688 2695 2704 2713 2721 2724 2726 2744 2770 2777 2783 2792 2794 2813 2816 2819 2827 2828 2830 2841 2867 2877 2878 2903 2915 2930 2941 2954 2960 2974 3010 3017 

Test #318
2903 3115 

Test #319


Test #320
3490 3560 3571 3573 3679 3821 3915 

Test #321
2013 2276 

Test #322
5 10 46 59 126 134 153 168 247 290 311 319 348 377 378 404 408 459 492 507 525 544 553 620 635 684 689 697 713 715 729 733 736 745 762 764 768 780 798 802 803 809 811 830 843 865 874 881 892 905 912 918 1007 1035 1036 1045 1056 1071 1123 1130 1150 1173 1222 1239 1259 1280 1296 1301 1305 1311 1343 1361 1392 1423 1438 1447 1482 1535 1577 1600 1643 1664 1690 1691 1705 1722 1728 1764 1770 1776 1779 1781 1818 1827 1852 1862 

Test #323


Test #324
564 2697 2957 3154 

Test #325
2276 2487 

Test #326


Test #327


Test #328
327 1476 2032 2109 2215 2344 2428 2445 2465 2506 2508 2525 2576 

Test #329
176 189 280 287 338 447 551 597 611 779 1049 1073 1143 1236 1270 1292 1300 1383 1388 1403 1416 1545 1577 1603 1604 1659 1669 1682 1688 1708 1726 1751 1756 1761 1767 1786 1793 1795 1800 1818 1840 1842 1844 1864 1873 1883 1889 1911 1912 1913 1920 1942 1952 1960 1966 1980 1983 1987 1993 2001 2008 2011 2015 2016 2032 2033 2037 2080 2084 2087 2089 2097 2102 2103 2106 2115 2117 2126 2138 2147 2156 2158 2160 2171 2178 2198 2203 2217 2248 2251 2261 2264 2285 

Test #330
2281 2392 2744 3046 3117 3153 3351 3401 3742 3799 3848 3875 

Test #331
3 114 424 1060 1122 1148 1512 1629 1717 1813 1825 1838 1850 1904 2067 2072 2118 2133 

Test #332
1737 2276 2487 2571 

Test #333


Test #334
15 142 357 408 441 492 544 764 1280 1301 1358 1586 1606 1675 1695 1706 1736 1742 1765 1859 1934 1945 1951 2136 2149 2195 2214 2229 2308 2381 

Test #335


Test #336


Test #337


Test #338
1323 1582 2091 2342 2463 2464 2477 2504 2514 2816 2915 2916 2956 2960 2980 2981 3041 3047 3064 3065 3134 3165 3241 3267 3294 3306 3371 3409 

Test #339


Test #340
338 597 829 1073 1543 1849 2226 2281 2407 2522 2578 2704 2915 2916 2956 2960 2973 2980 3041 3047 3117 3149 3183 3185 3212 3239 3241 3256 3257 3267 3294 3298 3306 3334 3350 3351 3359 3371 3409 3445 3446 3449 3463 3477 3499 3526 3547 3560 3568 3585 

Test #341


Test #342


Test #343


Test #344


Test #345
564 597 829 1672 1726 1921 2201 2335 2440 2975 3023 3069 3080 3099 3261 3267 3279 3322 3371 3381 3441 3453 3458 3461 3465 3526 3541 3546 3562 3569 3577 3585 3630 3680 3696 3726 3740 3749 3773 3775 3781 3789 3796 3810 3824 3827 3828 3840 3856 3859 3877 3890 3906 3914 3919 3926 3930 3947 3949 3952 4031 4050 4058 4075 4104 4136 

Test #346
380 749 756 970 1022 1165 2107 2112 2163 2274 2277 2302 2380 2452 2457 2487 2491 2580 2595 2624 2636 2662 2679 2684 2693 2702 2722 2731 2751 2753 2762 2798 2801 2809 2817 2818 2820 2829 2835 2850 2858 2866 2870 2874 2876 2907 2921 2922 2928 2979 3006 3011 3016 3021 3022 3043 3049 3053 3067 3084 3114 3119 3130 3170 3177 

Test #347
20 77 82 84 95 99 110 142 189 234 264 280 287 317 327 372 377 430 447 459 462 469 551 567 578 592 597 611 683 733 755 769 779 801 807 809 901 1001 1021 1036 1049 1089 1114 1143 1198 1202 1216 1235 1236 1259 1262 1267 1280 1292 1294 1300 1310 1311 1326 1355 1358 1376 1383 1386 1388 1393 1403 1416 1429 1444 1453 1461 1477 1478 1481 1482 1498 1526 1537 1545 1548 1551 1552 1560 1564 1577 1581 1584 1587 1596 1603 1604 1606 1614 1618 1622 1623 1631 1638 1640 1641 1642 1643 1654 1659 1668 1669 1674 1675 1679 1681 1688 1695 1698 1706 1713 1726 1730 1734 1735 1741 1742 1744 1746 1756 1760 1763 1765 1767 1769 1779 1781 1784 1787 1794 1795 1797 1800 1803 1805 1811 1818 1821 1822 1827 1828 1839 1842 1844 1846 1861 1864 1872 1873 1912 1913 1920 1926 1942 1960 1969 1973 1978 1980 1987 1998 1999 2001 2011 2015 2016 2028 2031 2036 2056 2078 2084 2097 2098 

Test #348


Test #349
42 91 101 115 119 137 175 177 179 180 207 208 218 237 266 291 310 320 321 333 339 347 350 384 397 403 413 436 442 443 444 445 452 484 491 511 516 523 530 546 557 559 561 575 577 618 670 709 744 754 760 773 793 814 822 825 839 840 852 853 860 875 886 902 917 925 929 937 960 981 986 1016 1028 1033 1042 1060 1078 1095 1108 1113 1124 1132 1147 1148 1165 1188 1190 1227 1250 1270 1272 1275 1285 1298 1308 1313 1322 1342 1372 1373 1381 1398 1401 1402 1409 1419 1420 1431 1432 1433 1467 1470 1474 1488 1489 1493 1499 1501 1502 1504 1510 1511 1520 1527 1543 1544 1550 1554 1558 1579 1580 1591 1595 1608 1610 1611 1612 1626 1628 1635 1645 1651 1653 1666 1671 1672 1673 1694 1718 1729 1732 1739 1740 1747 1759 1761 1766 1768 1777 1782 1793 1798 1830 1847 1855 1886 1935 

Test #350


Test #351
101 483 484 557 1042 1277 1388 1594 1750 1953 1991 2000 2142 2402 2479 2480 2515 2577 2583 2627 2630 2718 2728 2798 2820 2823 2896 2917 2929 2977 2996 3001 3005 3011 3043 3070 3083 3084 3101 3105 3107 3112 3124 3133 3168 3216 3219 3234 3296 3311 3353 3357 3386 3402 3407 3416 3450 3456 

Test #352


Test #353
2293 3236 3279 3286 3442 3506 3512 3518 3584 3668 3687 3696 3704 3712 3772 3781 3795 3796 3810 3834 3835 3852 3874 3941 3956 

Test #354
1663 1988 2154 2163 2316 2400 2498 2629 2646 2748 2751 

Test #355
26 95 112 466 472 567 994 1164 1168 1188 1272 1366 1515 1543 1590 1625 1672 1800 1804 1820 1849 2061 2081 2082 2087 2101 2107 2122 2157 2161 2181 2217 2220 2231 2238 2249 2251 2271 2273 2292 2300 2311 2352 2364 2370 2384 2389 2394 2399 2404 2405 2408 2409 2411 2416 2421 2423 2424 2426 2451 2460 2469 2478 2483 2485 2488 2493 2496 2502 2504 2516 2518 2522 2527 2548 2553 2562 2570 2586 2589 2608 2626 2628 2631 2638 2643 2645 2655 2685 2696 2701 2744 2749 

Test #356


Test #357


Test #358
44 194 247 439 468 488 565 569 713 742 761 772 780 845 857 1026 1081 1134 1156 1321 1339 1523 

Test #359
1300 1750 1842 1860 1916 1925 2065 2105 2129 2179 2272 2322 2363 2515 

Test #360
1434 1898 2183 2205 2221 2327 2440 2453 2496 2505 2568 2600 2627 

Test #361


Test #362
1398 1763 

Test #363


Test #364


Test #365
1887 3317 3674 

Test #366


Test #367
82 143 176 189 280 287 317 338 381 447 503 551 597 608 611 779 817 874 1021 1073 1235 1236 1288 1383 1384 1403 1427 1429 1434 1461 1532 1584 1603 1606 1669 1683 1698 1708 1726 1730 1751 1793 1799 1817 1818 1822 1842 1844 1864 1883 1889 1890 1911 1912 1926 1951 1952 1960 1961 1970 1983 1987 1998 1999 2008 2015 2028 2031 2032 2033 2037 2044 2046 2056 2080 2084 2087 2089 2097 2100 2101 2102 2103 2106 2107 2126 2138 2145 2147 2156 2158 2160 2161 2171 2178 2197 2198 2202 2208 2210 2216 2219 2231 2245 2248 2249 2251 2255 2259 2261 2266 2285 2294 2317 2343 2376 2378 2384 

Test #368


Test #369


Test #370


Test #371
2 32 91 101 115 119 152 157 176 180 207 208 266 291 310 320 321 339 347 383 384 397 403 413 436 443 445 484 491 511 516 546 557 559 575 618 696 709 744 754 773 793 814 840 852 860 875 902 917 925 929 937 960 967 981 986 999 1010 1016 1028 1029 1033 1042 1055 1060 1078 1113 1124 1147 1148 1164 1165 1188 1201 1212 1227 1250 1270 1272 1275 1285 1298 1308 1315 1322 1339 1342 1351 1372 1381 1398 1401 1409 1419 1428 1431 1443 1467 1468 1470 1472 1474 1488 1489 1494 1499 1502 1504 1510 1511 1520 1527 1542 1543 1544 1550 1554 1558 1580 1591 1595 1605 1608 1611 1612 1626 1635 1645 1651 1653 1660 1666 1671 1672 1673 1686 1694 1716 1718 1729 1732 1739 1740 1747 1754 1755 1759 1761 1766 1768 1777 1782 1792 1793 1798 1801 1815 1830 1831 1834 1847 1851 1855 1856 1858 1860 1871 1875 1878 1882 1885 1888 1889 1895 1900 1916 1917 1922 1935 1941 1950 1964 1976 1977 1981 1983 1994 2000 2002 2032 2037 2048 

Test #372


Test #373
381 564 597 829 1543 1726 1849 2430 2440 2676 2727 2776 2818 2900 2975 2980 3031 3047 3117 3132 3170 3177 3185 3198 3237 3239 3257 3282 3298 3306 3334 3351 3359 3360 3378 3414 3438 3446 3447 3449 3475 3477 3482 3495 3523 3540 3546 3550 3552 3569 3654 3677 

Test #374
1649 1716 2535 2793 2838 3040 3072 3219 3235 3354 3534 

Test #375
16 44 52 61 72 83 85 89 91 103 107 109 141 142 145 151 155 164 166 173 180 185 189 194 199 219 223 227 231 252 263 288 300 307 309 324 329 336 345 359 397 398 416 423 439 445 476 480 496 516 522 548 552 559 565 569 584 585 588 598 609 610 613 614 621 636 654 660 663 664 665 683 691 705 710 713 714 742 769 772 780 786 788 808 812 815 830 831 841 844 846 852 855 865 880 883 889 892 893 896 920 927 935 937 938 944 956 957 958 960 976 981 984 985 988 1005 1013 1038 1057 1058 1064 1069 1071 1078 1080 1088 1096 1099 1120 1124 1133 1139 1147 1148 1158 1159 1171 1209 1216 1227 1242 1248 1251 1264 1294 1303 1308 1310 1325 1339 1341 1349 1353 1367 1371 1382 1414 1421 1428 1431 1462 1467 1473 1480 1489 1494 1498 1527 1533 1534 1542 1548 1555 1564 1587 

Test #376
1 673 675 732 1025 1111 1231 1291 1305 1361 1845 1852 1908 1936 2019 2033 2159 2224 2230 2261 2274 2289 2303 2306 2335 2391 2403 2413 2442 2444 2463 2490 2494 2534 2542 2544 2559 2564 2567 2574 2594 2596 2614 2621 2641 2650 2670 2674 2684 2687 2690 2694 2695 2704 2715 2720 2721 2743 2746 2762 2778 2786 2789 2791 2813 2819 2820 2825 2828 2887 2891 2915 

Test #377


Test #378
1029 1165 2931 2999 3188 3633 

Test #379


Test #380
177 2513 2545 

Test #381
1493 

Test #382
285 541 701 711 769 798 801 928 1012 1141 1216 1261 1305 1323 1361 1445 1454 1476 1481 1582 1598 1633 1662 1669 1698 1721 1764 1776 1802 1817 1852 1883 1889 1890 1907 1921 1929 1947 1962 1971 1973 1979 1987 1998 1999 2003 2010 2015 2023 2027 2028 2035 2037 2039 2058 2063 2076 2084 2086 2090 2093 2097 2100 2101 2102 2109 2110 2113 2114 2119 2120 2128 2148 2151 2158 2161 2172 2175 2180 2197 2206 2209 2222 2232 2241 2249 2259 2260 2261 2262 2274 2314 2338 2366 2367 2373 2374 2385 2391 2394 2396 2408 2432 2437 2442 

Test #383
1300 1864 2405 3310 

Test #384
436 1364 1486 1727 2293 2303 2351 2371 2414 2442 2501 2524 2621 2657 2746 2820 

Test #385
1525 1539 

Test #386
7 125 219 347 436 582 641 650 708 769 792 866 885 922 1069 1099 1182 1197 1216 1294 1297 1367 1453 1521 

Test #387


Test #388
58 152 504 567 1089 1198 1201 1288 1380 1768 1799 1820 1912 1960 1964 1970 2032 2082 2087 2091 2101 2102 2107 2156 2161 2165 2181 2183 2208 2210 2215 2220 2231 2245 2249 2251 2266 2271 2281 2285 2312 2348 2352 2384 2390 2416 2424 2429 2469 2478 2488 2493 2518 2527 2540 2562 

Test #389
2535 2654 2793 

Test #390
69 119 174 386 426 814 1254 1372 1428 1496 1666 1684 1778 1788 1803 1831 1858 1881 1891 1954 1957 1958 1990 2006 2055 2057 2074 2132 2140 2143 2168 2180 2182 2233 2247 2250 2253 2277 2326 2355 2358 2369 2400 2420 2439 2447 2452 2473 2510 

Test #391
26 242 717 785 891 922 994 1010 1302 1381 1745 1750 2194 2211 2219 2341 2383 2428 2450 2502 2542 2595 2597 2599 2649 2659 2692 2741 2742 2792 2832 2866 2877 2945 2972 3002 3026 3027 3072 3077 3091 3110 3119 3126 3136 3139 3148 3151 3159 3167 3182 3209 3234 3235 3240 3246 3254 3260 3261 3280 3281 3309 3311 3314 3320 3323 3328 3333 3342 3343 3348 3353 3358 3372 3381 3392 3394 3398 3410 3423 3424 3430 3431 3435 3440 3448 3450 3452 3459 3462 3465 3470 3486 3489 3493 3508 3513 3516 3517 3530 3542 3543 3551 3559 3575 3577 3590 3605 3620 3656 3657 3663 3664 3725 3747 

Test #392


Test #393
174 386 426 501 814 938 1028 1139 1200 1496 1684 1703 1733 1783 1803 1858 1881 1891 1893 1954 1957 1958 2004 2006 2055 2057 2074 2125 2132 2140 2154 2163 2176 2180 2233 2250 2253 2277 2282 2309 2326 2355 2358 2369 2400 2415 2417 2420 2439 2451 2452 2473 2475 2476 2498 2510 2595 2629 2634 2637 2646 2662 2672 2705 

Test #394


Test #395


Test #396
58 112 447 466 504 779 1089 1243 1515 1672 1791 2001 2165 2347 2366 2388 2438 2498 2520 2557 2635 2731 2733 2739 2769 2780 2807 2815 2846 2873 2949 2962 3035 3067 3069 3080 3099 3126 3140 3152 3207 3214 3240 3261 3301 3306 3315 3322 3331 3347 3352 3359 3365 3367 3370 3381 3391 3417 3430 3438 3448 3454 3465 3472 3475 3477 3481 3505 3516 3517 3552 3562 3563 3566 3577 3581 3588 3593 3599 3600 3611 3617 3628 3642 3648 3653 3658 3660 3662 3680 3698 3703 3705 3727 3730 3733 3735 3749 3753 3763 3775 3780 3786 3809 3813 3846 3887 3888 3891 

Test #397


Test #398
26 291 754 785 891 922 1048 1127 1302 1443 1649 1716 1957 2211 2387 2433 2480 2535 2545 2595 2597 2650 2659 2689 2692 2717 2726 2729 2774 2789 2792 2800 2820 2835 2838 2849 2857 2858 2889 2919 2931 2948 2962 2963 2982 2992 2996 3005 3008 3011 3015 3018 3040 3043 3061 3072 3083 3084 3099 3101 3147 3171 3193 3196 3220 3227 3238 3274 3281 3313 3322 

Test #399
1082 1601 

Test #400


Test #401


Test #402


Test #403


Test #404
283 333 390 530 630 825 861 894 1078 1124 1233 1249 1250 1285 1313 1518 1573 1684 1836 1874 1957 2013 2030 

Test #405
2904 

Test #406


Test #407
4 114 133 266 343 370 424 554 629 782 1260 1274 1305 1389 1391 1491 1568 1632 1661 1701 1783 1797 1850 1852 1876 1887 1894 1908 1918 1922 1924 1936 1937 1941 1942 1960 1988 1989 1993 2004 2024 2062 2074 2075 2076 2110 2159 2169 2180 2194 2200 2209 2224 2225 2235 2247 2269 2274 2278 2286 2289 2295 2304 2306 2313 2315 2321 2325 2329 2331 2350 2351 2354 2356 2370 2374 2382 2386 2391 2393 2396 2397 2401 2403 2409 2410 2413 2418 2419 2439 2444 2446 2450 2462 2463 2475 2476 2480 2484 2489 2490 2494 2500 2509 2519 2528 2531 2535 2544 2552 2559 2561 2565 2575 2590 2601 2602 2622 2624 2625 2633 2640 2642 2659 2661 2674 2682 2691 2699 

Test #408


Test #409
174 501 749 938 1028 1029 1139 1200 1496 2187 2269 2271 2362 2510 2555 2571 2673 2679 2684 2814 2883 2908 3032 3078 3148 

Test #410


Test #411


Test #412


Test #413


Test #414
2013 2095 

Test #415
189 542 701 741 928 1035 1620 1722 1786 2039 2138 2230 2348 2436 2587 2734 2773 2853 2898 2933 2936 3045 3074 3081 3111 3116 3121 3137 3145 3150 3153 3174 3178 3201 3215 3217 3241 3276 3278 3291 3330 3331 3338 3374 3375 3388 3397 3400 3401 3422 3427 3432 3441 3443 3457 3469 3483 3500 3503 3507 3518 3523 3525 3554 3564 3571 3579 3591 3592 3603 3618 3630 3649 3652 3678 3710 3719 3721 3745 

Test #416
3280 3372 3410 3825 

Test #417
381 503 564 608 874 1427 1633 1726 2070 2201 2430 2579 2676 2706 2776 2818 2842 2888 2897 2900 2917 2932 2946 2975 2977 2989 3010 3023 3031 3047 3117 3129 3132 3154 3164 3168 3170 3177 3179 3185 3195 3236 3237 3255 3268 3282 3291 3298 3319 3351 3359 3360 3366 3378 3406 3414 3419 3433 3434 3438 3446 3447 3458 3460 3464 3474 3475 3477 3480 3482 3483 3495 3519 3523 3524 3540 3546 3550 3552 3569 3610 

Test #418


Test #419
885 1848 1887 2101 2566 2691 2723 2774 3018 3024 3061 

Test #420


Test #421


Test #422


Test #423
2276 2722 3247 

Test #424
247 348 378 684 762 803 918 1150 1222 1305 1343 1664 

Test #425
2513 2545 

Test #426
16 40 44 55 61 72 83 85 109 142 151 155 160 165 180 187 194 199 227 233 247 288 309 329 336 359 397 439 443 445 468 471 476 480 488 496 516 548 559 565 569 584 585 613 648 654 663 705 710 713 742 761 772 780 786 788 808 812 815 852 857 880 883 938 944 956 957 958 960 976 981 984 988 1013 1026 1038 1058 1064 1067 1069 1078 1080 1081 1133 1139 1147 1148 1152 1158 1209 1227 1242 1264 1302 1308 1310 1339 1371 1414 

Test #427


Test #428


Test #429


Test #430
1372 2013 

Test #431


Test #432
8 535 582 650 866 889 1182 1297 1358 1453 1585 

Test #433
2666 

Test #434


Test #435
436 757 818 1083 1364 1473 1486 1727 2043 2058 2062 2093 2130 2288 2293 2298 2303 2346 

Test #436


Test #437
355 741 1025 1083 1361 1364 1619 1620 1727 1845 1963 1977 2009 2033 2038 2092 2108 2164 2202 2224 2227 2261 2274 2289 2293 2336 2342 2351 2374 2388 2391 2396 2407 2414 2419 2430 2442 2444 2454 2462 2463 2490 2494 2501 2524 2530 2542 2567 2574 2592 2594 2606 2614 2621 2641 2651 2657 2687 2694 2715 2736 2743 2757 2762 

Test #438
1653 1817 1890 1961 2190 2321 2361 2429 2541 2554 2560 2664 

Test #439


Test #440
338 764 1073 1543 1849 2407 2514 2578 2676 2818 2916 2973 3041 3149 3256 3267 3294 3298 3330 3351 3371 3383 3409 3445 3449 3454 3491 3499 3500 3526 3541 3550 3557 3560 3568 3585 3615 3653 3677 3681 3726 3761 3850 3853 3859 

Test #441
2612 2980 2994 

Test #442
408 441 737 1358 1675 1695 1706 1811 1822 2149 2196 2308 2344 2431 2461 

Test #443


Test #444
4 133 214 228 339 343 380 436 554 629 673 732 756 773 800 929 967 1127 1148 1260 1272 1274 1387 1391 1431 1472 1543 1568 1619 1625 1660 1672 1673 1694 1713 1778 1780 1783 1797 1803 1815 1845 1856 1857 1866 1875 1887 1893 1904 1908 1922 1923 1936 1937 1942 1946 1947 1949 1953 1954 1963 1964 1977 1988 1989 1990 1993 1997 2004 2009 2024 2038 2041 2053 2060 2062 2064 2066 2072 2076 2092 2096 2108 2118 2121 2122 2132 2140 2144 2154 2164 2169 2174 2176 2180 2183 2186 2194 2200 2204 2212 2225 2227 2228 2230 2234 2235 2279 2286 2292 2295 2299 2321 2324 2325 2335 2342 2350 2351 2370 2382 2386 2403 

Test #445


Test #446
2679 3148 

Test #447


Test #448
112 152 380 471 600 756 800 860 863 887 1038 1091 1164 1189 1201 1234 1255 1322 1387 1515 1520 1564 1568 1635 1638 1657 1658 1670 1671 1704 1713 1744 1745 1747 1761 1768 1778 1783 1787 1789 1793 1796 1797 1801 1802 1803 1804 1821 1830 1835 1841 1847 1858 1861 1875 1883 1885 1889 1893 1916 1923 1937 1944 1947 1949 1954 1964 1971 1983 1988 1997 2002 2003 2004 2032 2035 2037 2064 2082 2121 2146 2154 2176 2186 2208 

Test #449
101 483 1127 1277 1443 1532 1594 1957 1991 2387 2402 2480 2595 2630 2659 2692 2800 2807 2823 2866 2896 2940 2945 2955 3001 3167 3231 3240 3243 3260 3272 3280 3290 3314 3320 3328 3343 3354 3356 3357 3372 3376 3379 3394 3398 3407 3410 3411 3415 3416 3424 3450 3456 3460 3462 3484 3485 3486 3489 3493 3534 3539 3542 3543 3559 3561 3565 3566 3570 3584 3606 3617 3627 3644 3647 3648 3666 3668 3671 3675 3687 3693 3700 3704 3718 3720 3723 3782 3819 3822 3849 3858 

Test #450


Test #451
10 348 378 408 544 737 762 1706 2149 2196 2308 2431 2461 2477 

Test #452
32 380 386 749 756 763 970 1022 1029 1165 1255 1389 1572 2163 2231 2235 2282 2345 2380 2383 2415 2472 2487 2510 2624 2673 2679 2693 2722 2731 2741 2753 2809 2814 2825 2829 2830 2831 2849 2850 2875 2883 2889 2892 2893 2903 2907 2921 2922 2928 2930 2931 2938 2939 2941 2945 2947 2954 2964 2970 2972 2979 2995 2999 3000 3011 3016 3022 3032 3036 3044 3049 3050 3053 3057 3066 3069 3078 3092 3093 3095 3106 3114 3115 3126 3138 3143 3148 3151 3152 3158 3169 3180 3188 3189 3204 3208 3226 3246 3250 3253 3259 3261 3263 3266 3269 3275 3299 3303 3305 3324 3343 3355 3361 3362 3377 3381 

Test #453


Test #454
44 55 61 72 83 85 89 91 107 109 142 151 160 165 173 180 189 194 219 227 231 233 247 309 329 336 345 359 397 414 439 445 471 476 480 496 516 548 559 565 569 584 585 598 610 613 621 636 654 660 663 664 665 683 691 705 710 713 742 772 780 786 788 808 812 815 852 857 880 883 889 893 920 937 944 956 957 958 960 976 981 984 985 988 1005 1013 1038 1058 1064 1069 1078 1080 1081 1088 1096 1099 1124 1139 1147 1148 1152 1158 1159 1209 1216 1227 1242 1248 1264 1294 1302 1308 1310 1325 1339 1341 1349 1371 1414 1428 1431 1462 1467 1473 1480 1489 1498 1523 1534 1548 1555 1560 1564 1587 

Test #455
885 1127 1277 1532 1650 1991 2566 2595 2659 2940 3001 3167 3231 3280 3317 3354 3356 3372 3407 3410 3450 3460 3462 3534 3606 3647 3648 3666 3667 3674 3687 3704 3718 3723 3734 3769 3858 

Test #456
1300 2101 2513 2545 

Test #457
1 20 36 38 50 69 77 84 96 110 111 126 129 143 170 178 201 205 223 224 228 236 251 254 264 274 285 288 289 311 325 337 340 343 355 357 364 372 373 378 381 391 396 399 404 432 434 446 490 503 533 541 544 549 589 590 599 620 628 666 684 701 703 715 719 720 747 759 807 813 818 820 873 878 881 900 912 930 948 952 992 1001 1009 1025 1034 1043 1049 1059 1076 1097 1105 1114 1115 1138 1140 1157 1167 1205 1219 1222 1228 1231 1239 1258 1261 1266 1268 1269 1282 1291 1293 1300 1321 1326 1343 1356 1374 1384 1392 1397 1408 1411 1416 1423 1436 1438 1450 1454 1477 1479 1485 1524 1532 1537 1553 1556 1557 1563 1567 1597 1623 1646 1659 1683 1719 1725 

Test #458
1361 2235 3005 3036 3058 3101 3161 3253 3478 3583 3623 3631 3684 3694 3713 3716 

Test #459


Test #460
885 1716 2566 2940 2955 3119 3280 3317 3372 3410 3471 3534 3551 3620 3643 3647 3648 3667 3669 3687 3704 3706 3718 3723 3769 3929 

Test #461


Test #462
974 1539 

Test #463
5 10 59 168 247 357 441 496 507 544 553 736 764 798 803 811 899 916 1007 1035 1071 1294 1305 1331 1358 1361 1370 1438 1526 1618 1646 1675 1690 1695 1705 1706 1722 1736 1757 1764 1770 1776 1852 1862 1869 1879 1934 1979 2020 2047 2119 2175 

Test #464


Test #465
1049 1653 1659 1817 1961 2017 2244 2361 2429 2455 2541 2556 2560 2664 

Test #466
143 173 389 566 1384 1554 1605 1791 1795 2001 2070 2254 2283 2361 2375 2436 2517 2523 2583 2605 2620 2649 2653 2664 2672 2676 2678 2683 2697 2736 2755 2764 2779 2788 2793 2796 2801 2802 2805 2812 2829 2832 2837 2839 2843 2849 2852 2862 2869 2879 2880 2886 2889 2902 2909 2919 2924 2925 2929 2935 2943 2953 2957 2978 2993 2996 3005 3025 3027 3030 3035 3073 3085 3107 3128 3131 3139 3174 

Test #467
189 542 701 741 928 1052 1620 1786 2039 2138 2230 2348 2436 2587 2734 2853 2936 3045 3081 3116 3121 3145 3150 3168 3174 3178 3201 3217 3241 3276 3291 3297 3330 3331 3338 3374 3375 3388 3397 3400 3401 3422 3432 3441 3443 3457 3469 3483 3503 3511 3518 3523 3525 3554 3560 3564 3571 3573 3579 3591 3603 3618 3621 3630 3649 3652 3678 3710 3719 3745 3750 3756 3801 3838 

Test #468
143 173 564 566 1384 1605 1791 1795 2070 2254 2283 2517 2573 2583 2653 2672 2676 2678 2686 2697 2736 2750 2764 2779 2793 2798 2802 2819 2837 2852 2897 2902 2909 2917 2925 2929 2935 2943 2946 2953 2957 2977 2978 2993 2996 3005 3019 3025 3030 3073 3085 3105 3107 3112 3120 3124 3125 3128 3129 3131 3139 3154 3164 3168 3174 3181 3202 3206 3216 3234 3268 3279 3282 3286 3289 3291 3311 3319 

Test #469
501 938 1028 1139 1200 1233 2176 2187 2269 2271 2362 2555 2571 2673 2679 2684 2814 2908 2951 3032 3078 3148 

Test #470
3046 3117 3153 3186 3351 3401 3421 3451 3829 

Test #471


Test #472
101 483 484 557 875 1042 1277 1388 1594 1605 1750 1953 1991 2000 2142 2211 2402 2479 2515 2537 2577 2583 2620 2627 2630 2672 2697 2728 2764 2779 2789 2793 2796 2798 2801 2849 2852 2880 2889 2896 2897 2909 2919 2928 2929 2931 2977 2996 3001 3005 3070 3083 3101 3107 3125 3133 3168 3199 3219 

Test #473
19 271 341 692 713 731 745 892 918 1305 

Test #474
62 80 114 150 161 268 396 424 724 875 1107 1176 1312 1370 1399 1404 1455 1512 1561 1620 1717 1718 

Test #475


Test #476
381 564 874 1427 2201 2335 2430 2579 2676 2706 2776 2818 2842 2888 2900 2932 2975 2980 3023 3047 3152 3154 3170 3177 3198 3236 3257 3279 3282 3298 3306 3334 3351 3359 3360 3383 3406 3414 3419 3433 3434 3438 3442 3446 3447 3454 3458 3460 3464 3472 3474 3475 3477 3480 3482 3483 3487 3495 3512 3518 3519 3523 3524 3540 3546 3550 3552 3600 3610 3651 3654 3677 3696 3698 3701 3731 

Test #477


Test #478


Test #479
45 64 65 128 163 174 182 363 379 384 386 390 403 431 456 625 642 677 695 744 746 767 890 894 1031 1040 1051 1092 1131 1203 1229 1230 1233 1249 1270 1271 1340 1342 1390 1401 1503 1514 1518 1528 1573 1651 1660 

Test #480


Test #481


Test #482
310 380 483 546 600 749 770 800 860 863 891 917 945 1038 1091 1120 1139 1164 1234 1255 1322 1341 1342 1387 1499 1502 1515 1551 1564 1568 1616 1623 1636 1638 1653 1657 1660 1663 1696 1703 1718 1723 1724 1732 1733 1744 1745 1763 1768 1769 1788 1792 1793 1796 1797 1801 1803 1810 1815 1821 1830 1847 1849 1851 1853 1855 1860 1861 1865 1875 1886 1891 1895 1896 1916 1918 1931 1935 1937 1938 1944 1946 1950 1958 1964 1978 1983 1989 1994 1996 2002 2008 2032 2037 2049 2050 2051 2054 2055 2057 2064 2066 2088 2105 2116 2121 2137 2146 2154 2155 2157 2166 2176 2179 2184 2208 2215 2224 2254 2311 2322 

Test #483
174 501 938 1139 2269 2271 2276 2362 2510 2555 2571 2673 2679 2684 2814 2883 2908 3032 3078 

Test #484
875 1864 1953 2405 2556 2686 2779 2798 2904 3024 3094 3097 3102 3202 3232 3242 3310 3317 3332 3455 3472 3506 

Test #485
2904 

Test #486
1372 1440 1666 1684 1990 2013 2095 2417 

Test #487
814 1233 1440 1496 1858 1958 2004 2123 2176 2180 2253 2369 2420 2424 2451 2462 2637 2665 2669 2745 2814 2856 2881 2883 2912 

Test #488


Test #489
223 228 261 368 373 391 420 432 533 584 589 628 701 820 899 1080 1266 1269 1293 1321 1331 1356 1405 1436 1438 1454 1473 1477 1556 1567 1571 1719 1736 1757 1767 1800 1835 1939 

Test #490


Test #491
814 1233 1254 1858 1954 1958 2004 2123 2176 2180 2187 2253 2369 2417 2420 2424 2451 2462 2665 2669 2745 2814 2856 2881 2883 2912 2951 

Test #492
2091 2281 2464 2695 3064 3222 3390 3421 3445 3451 3761 

Test #493
737 1963 2529 2641 2695 3186 3222 3326 3390 3421 3451 

Test #494


Test #495
2026 2588 2614 2657 2706 2757 2833 2932 2955 2971 2985 

Test #496


Test #497
125 749 908 922 1244 1320 1352 

Test #498


Test #499


Test #500


