Test #1


Test #2


Test #3
36 137 209 219 234 252 395 434 445 449 515 539 597 602 615 628 678 700 786 835 

Test #4


Test #5
733 1022 1212 1438 1585 1767 1770 1804 1979 2018 2107 2162 2205 2255 2342 2364 2386 2416 

Test #6


Test #7


Test #8


Test #9
1778 1951 2405 2432 2530 2543 

Test #10


Test #11


Test #12
1668 

Test #13


Test #14


Test #15


Test #16


Test #17


Test #18
1591 

Test #19
1150 

Test #20
621 697 1194 1274 1412 1438 2295 2315 2455 2493 2536 2545 2603 2608 2617 2626 2649 2677 2686 2692 

Test #21
98 365 514 802 1023 1077 1150 1159 1350 1364 1368 1382 1417 

Test #22


Test #23


Test #24


Test #25


Test #26


Test #27
599 

Test #28


Test #29


Test #30


Test #31
710 1395 

Test #32
331 733 1022 1212 1555 1585 1767 1770 1804 1871 1949 1979 1987 2006 2067 2136 2255 2281 

Test #33
18 621 715 1235 1329 1695 1815 1895 1949 

Test #34
47 78 270 297 323 331 333 379 559 625 816 840 851 861 869 870 890 937 955 987 992 1010 1019 1046 1068 1076 

Test #35
18 331 531 816 834 953 1022 1235 1323 1329 1438 1577 1649 1661 1716 1729 1746 1759 1788 

Test #36
1069 1101 1357 

Test #37


Test #38


Test #39


Test #40


Test #41


Test #42


Test #43
82 336 592 870 1133 1337 1429 1567 1653 1839 1846 1861 1865 1871 1887 1891 1955 1960 1998 

Test #44
957 1177 1312 1341 

Test #45


Test #46
1377 1986 2184 2274 2294 2341 2355 

Test #47


Test #48


Test #49
451 490 524 559 583 601 629 716 877 905 915 

Test #50
98 103 498 514 529 616 681 802 903 1067 1077 1159 1206 1308 1350 1360 1364 1368 1370 1382 1387 1405 1417 

Test #51
331 1022 

Test #52
91 94 506 1146 1158 1222 1240 1369 1383 1397 

Test #53
149 224 363 644 908 1019 1043 1070 1149 1212 1363 1367 1436 1441 1471 1472 1543 1611 

Test #54
197 

Test #55


Test #56
82 495 1069 1101 1110 1182 1348 1553 1615 1687 1791 1873 2032 2271 2301 2366 2391 2401 2430 2490 2505 2539 2547 2559 2584 2592 2627 2634 2642 2646 2666 

Test #57


Test #58


Test #59
250 432 468 1121 

Test #60
2325 

Test #61


Test #62
30 52 91 213 323 336 397 444 549 559 643 648 676 697 776 861 870 933 936 981 1011 1013 1032 1047 1065 1100 1106 1120 1142 1162 1176 1191 1194 1198 1220 1278 

Test #63
899 1745 1779 1823 1841 1915 

Test #64


Test #65


Test #66
1813 

Test #67


Test #68
1401 

Test #69


Test #70


Test #71
112 171 243 422 434 533 573 704 804 922 960 1020 1027 1054 1232 1233 1248 1260 1266 1271 1298 

Test #72


Test #73
213 317 336 495 592 652 1133 1299 1337 1348 1429 1567 1584 1602 1631 1684 1689 1690 1717 1738 1747 1749 1775 1807 1811 1833 1836 1843 1858 1865 1871 1887 1891 

Test #74
1055 1101 1115 1128 

Test #75


Test #76
48 127 198 218 257 304 322 327 420 423 461 469 478 497 549 578 617 680 698 729 760 773 783 856 871 892 940 975 988 990 

Test #77
302 621 697 715 840 1194 1235 1329 1625 1722 1898 1900 1916 1938 1946 

Test #78
2301 2738 

Test #79
243 804 1305 1399 

Test #80
1638 1685 

Test #81


Test #82


Test #83
616 1128 1234 1355 1387 

Test #84
349 468 482 

Test #85


Test #86


Test #87


Test #88
793 1150 

Test #89


Test #90
676 936 1032 1308 1377 1688 1735 1851 2012 2166 2221 2268 2270 2273 2294 2308 2324 2331 2340 2422 2434 2435 2454 2525 2533 2577 2590 2618 2623 2637 

Test #91
7 13 29 39 43 103 111 113 132 180 192 200 205 214 244 252 268 271 338 339 361 365 386 391 439 461 529 546 547 572 576 591 615 634 652 655 681 694 714 740 744 758 770 787 792 795 804 827 863 871 886 887 906 945 947 973 996 1012 1044 1095 1099 

Test #92
308 1150 1192 1287 1404 1417 1428 1560 1573 1590 1615 

Test #93


Test #94
1204 1431 1624 

Test #95
27 721 1128 1447 1541 2081 2122 2132 2201 2207 2215 2241 2254 2298 2328 2353 2354 2370 2388 2428 

Test #96
349 432 468 482 

Test #97


Test #98


Test #99


Test #100
2165 

Test #101


Test #102
156 322 593 601 676 697 936 1032 1200 1251 1340 1412 1451 1475 1530 1585 1643 1668 1682 1688 1706 1722 1730 1738 1740 1769 1771 1775 1807 1809 1810 1811 1812 1817 1845 1851 1893 

Test #103
452 

Test #104
269 354 637 772 841 1136 1213 1279 1331 1342 1371 1374 1395 1408 1432 1440 1443 1463 1480 1488 1502 1536 1538 

Test #105


Test #106


Test #107
681 1192 1334 1490 1557 1589 1666 1672 1798 1825 1828 

Test #108
322 354 495 643 772 841 931 983 1084 1200 1306 1312 1331 1341 1437 1444 1459 1469 1488 1492 

Test #109


Test #110
98 265 312 351 717 838 859 903 962 1064 1077 1151 1207 

Test #111
2 14 39 66 76 79 81 134 139 170 173 215 233 285 316 330 338 355 511 531 563 589 616 631 642 666 701 750 768 823 865 930 938 953 959 968 982 995 1002 1003 1014 1016 

Test #112


Test #113
1154 

Test #114
899 1621 1627 1649 1758 1779 1808 1823 1880 1908 1914 1915 1963 1989 2028 

Test #115


Test #116
1200 1222 1771 1889 1922 1951 2130 2210 2309 2337 2358 2367 2394 2455 2469 

Test #117
135 813 984 1001 1055 1064 1067 

Test #118
5 414 671 826 878 920 

Test #119
28 39 42 47 184 187 253 293 316 330 338 368 407 409 437 451 559 563 616 629 631 656 691 834 

Test #120
13 36 70 84 106 119 137 209 252 280 347 361 393 395 434 445 446 449 515 546 569 572 597 615 622 627 628 653 668 674 678 700 779 786 787 821 827 887 906 944 

Test #121
36 754 1001 1118 1182 

Test #122
1274 1864 1897 

Test #123


Test #124


Test #125


Test #126
1526 

Test #127


Test #128
754 838 903 1001 1043 1118 

Test #129


Test #130


Test #131


Test #132


Test #133
42 43 103 113 125 180 263 268 365 367 440 488 498 529 565 573 580 603 652 659 688 702 704 714 733 744 796 822 844 857 863 922 941 945 963 973 996 997 1011 

Test #134
29 

Test #135
960 1204 

Test #136


Test #137


Test #138
1965 

Test #139


Test #140
58 132 148 171 227 285 323 392 397 456 481 525 599 613 687 722 739 771 785 831 840 848 868 872 

Test #141


Test #142
250 599 1126 

Test #143
312 802 1192 1287 1343 1426 1553 1589 1697 1783 

Test #144
960 

Test #145
1338 1527 1575 1610 

Test #146
66 416 720 899 978 

Test #147


Test #148
1144 1154 1212 

Test #149
736 952 

Test #150
983 1417 1536 1706 1774 1794 1809 1817 1854 

Test #151


Test #152


Test #153
74 161 171 297 333 348 368 583 613 644 716 724 877 980 

Test #154
113 547 1069 1118 1156 1234 1410 1561 

Test #155
1668 

Test #156


Test #157


Test #158
2376 

Test #159
1771 1778 1889 1951 2130 2139 2193 2230 2331 2340 2413 2434 

Test #160


Test #161


Test #162
1200 1771 1889 1922 2072 2130 2210 2309 2330 2340 2358 2367 2384 2385 2394 2397 2455 2464 2469 

Test #163
269 422 643 694 792 983 1311 1377 1417 1529 1536 1574 1580 1588 1632 1640 1657 1679 1693 1709 1732 1774 1795 1803 1866 1902 

Test #164
526 

Test #165
302 370 697 718 840 1200 1240 1251 1412 1722 1727 1771 1976 1989 1995 2026 2031 2062 2101 2147 2149 2151 2152 2160 2176 2203 2216 

Test #166
1028 

Test #167


Test #168
859 1107 1110 1156 1284 1291 1357 1400 1429 1479 

Test #169
960 1165 1204 1335 1526 

Test #170


Test #171


Test #172


Test #173


Test #174


Test #175


Test #176
806 1246 2182 

Test #177


Test #178
1562 1580 1591 1638 1711 

Test #179
960 1813 

Test #180
322 459 531 953 1323 1682 1939 1972 2103 2210 2280 2287 2327 2385 2409 2437 2438 2465 2470 2534 2607 2628 

Test #181
506 891 

Test #182


Test #183
960 1204 

Test #184


Test #185


Test #186
1438 1767 1804 2006 2162 2508 2608 2613 2654 

Test #187


Test #188
336 1873 1967 2223 2285 2300 2405 2410 2474 

Test #189
514 616 681 802 903 1061 1206 1404 1477 1562 

Test #190


Test #191


Test #192


Test #193
319 1130 1335 1338 1570 1575 1756 

Test #194
134 243 269 312 603 637 1233 1264 1593 1712 1906 1917 1940 1941 2004 2030 2085 2115 2127 2131 2220 

Test #195
1315 

Test #196


Test #197


Test #198


Test #199


Test #200


Test #201


Test #202
331 733 1022 1352 1555 1585 1804 1885 1979 1987 2006 2162 2169 2280 2327 2364 2382 2386 2431 2440 2475 

Test #203
397 1069 1101 1128 1182 1184 1234 1355 1360 1424 1701 1704 1724 1781 1792 

Test #204


Test #205


Test #206


Test #207
609 811 

Test #208


Test #209
29 

Test #210


Test #211
98 239 813 830 838 894 903 

Test #212
331 733 816 1212 1393 1436 1555 1566 1668 1678 1761 1841 1849 1864 1872 1916 2006 2053 2118 

Test #213
91 94 140 432 459 710 1372 1581 1603 

Test #214
2076 2588 

Test #215


Test #216
149 331 834 1022 1212 1727 1770 1804 1840 1894 1900 1910 1916 1965 1994 2005 2006 

Test #217


Test #218


Test #219


Test #220
2412 

Test #221


Test #222
354 1449 1456 1468 1475 1588 1735 

Test #223
18 648 816 823 834 937 1022 1208 1224 1274 1353 1458 1472 1482 1483 1494 1543 1552 

Test #224


Test #225
1426 2519 

Test #226
1591 

Test #227


Test #228


Test #229
1459 

Test #230


Test #231
2122 2477 2500 2519 

Test #232
1410 

Test #233
599 

Test #234


Test #235
70 106 234 280 312 317 360 502 604 628 751 779 837 841 843 862 884 885 920 948 998 1018 1052 1077 1081 1104 

Test #236
635 789 

Test #237


Test #238


Test #239
1683 

Test #240


Test #241


Test #242


Test #243
2 14 173 192 224 348 363 733 908 993 1019 1095 1189 1208 1351 1352 1359 1392 1493 1501 1558 1578 1595 1601 1607 1620 1621 1630 1713 1723 1744 1752 

Test #244
1 7 49 52 53 73 185 220 228 230 241 265 326 341 347 351 376 389 399 421 446 509 596 622 630 653 674 717 738 741 763 783 798 802 961 

Test #245
1553 1791 1873 2271 2301 2391 2490 2505 2539 2547 2559 2627 2634 2647 2666 

Test #246
514 573 796 804 922 1028 1331 1452 1619 1632 1766 1883 1906 1941 2041 

Test #247
134 173 224 269 480 573 603 637 796 908 922 993 1129 1233 1264 1609 1752 1808 1852 1856 1901 1906 1941 2025 2053 2064 2092 2102 2176 2181 2216 2222 2248 2250 2257 2272 2273 2282 2291 2301 2311 2317 2321 2339 2346 2347 2351 2356 2359 2365 2371 2373 2374 2396 2424 

Test #248


Test #249


Test #250
2 134 173 192 200 326 422 469 502 687 704 707 884 930 969 1010 1013 1027 1043 1207 1216 1271 1277 1299 1330 1343 1356 1358 1377 1378 1404 1415 1426 1451 1455 1477 1531 

Test #251
139 171 173 215 531 589 642 684 778 800 823 947 993 1071 1114 1122 1123 1171 

Test #252
2118 

Test #253


Test #254
1274 1797 

Test #255
112 217 286 385 422 498 555 573 610 796 895 922 985 1136 

Test #256


Test #257
2102 

Test #258


Test #259


Test #260


Test #261
113 547 1001 1122 1391 1449 

Test #262


Test #263
98 1028 1258 1575 

Test #264


Test #265


Test #266


Test #267


Test #268


Test #269
514 1028 1432 2085 2093 2127 2150 2159 

Test #270


Test #271
45 117 180 216 232 243 247 264 265 560 688 744 746 804 850 857 867 897 921 923 

Test #272


Test #273


Test #274
676 936 1603 1735 1866 1928 1986 2012 2078 2188 2210 2228 2264 2267 2268 2270 2294 2384 

Test #275
197 211 243 555 659 

Test #276


Test #277


Test #278


Test #279


Test #280
347 597 798 

Test #281
27 721 1265 1355 1541 1666 1833 2026 2077 2254 2297 2299 2319 2328 2399 2403 2446 2447 2448 2450 2454 2463 2477 2485 2499 2555 2574 

Test #282
59 899 1559 1678 

Test #283


Test #284


Test #285


Test #286


Test #287


Test #288


Test #289
50 172 177 183 203 208 302 411 443 453 460 473 492 542 633 646 715 753 759 778 794 808 810 890 896 937 939 

Test #290


Test #291
1319 1372 1603 1655 1660 1667 

Test #292
37 718 1089 1133 1141 1146 1177 1222 1245 1251 1320 1407 1419 1434 1454 1456 1474 

Test #293
1184 1284 1365 1385 1651 1659 1717 1719 1734 

Test #294


Test #295


Test #296
432 679 872 

Test #297
319 1392 1445 

Test #298
638 939 978 1065 1110 1284 1337 1365 1368 1424 1429 1474 1523 1530 1534 1550 1567 1589 1612 

Test #299
319 1326 1472 1546 

Test #300


Test #301
60 69 82 267 362 506 656 799 913 929 970 1161 1162 1164 1167 1176 

Test #302
189 265 292 308 312 322 354 370 654 717 859 884 971 1058 1077 1089 1139 1151 1157 1180 1207 

Test #303
319 1183 1335 1338 1527 1542 1575 

Test #304
29 

Test #305


Test #306


Test #307


Test #308


Test #309


Test #310
1376 

Test #311


Test #312


Test #313


Test #314
8 58 78 94 127 140 204 213 226 227 269 270 282 327 336 378 379 397 404 456 474 513 525 553 561 582 592 643 647 648 710 771 776 831 836 842 847 851 854 926 936 939 950 954 955 967 971 975 981 994 1025 1032 1045 1058 1063 1103 1116 

Test #315
397 508 1110 1128 1355 1424 1573 1672 

Test #316


Test #317
469 480 903 1074 1759 1780 1823 1844 2004 2022 2046 2052 2066 2071 2082 2098 2105 2107 2116 2119 2138 

Test #318


Test #319


Test #320
29 

Test #321


Test #322


Test #323


Test #324


Test #325


Test #326


Test #327


Test #328
47 1214 1255 

Test #329
317 1308 1602 1714 1735 1879 1888 1912 1945 1968 1976 1990 2012 2017 2019 2036 2061 2087 2097 2102 2126 2158 

Test #330


Test #331
1200 1222 1771 1778 1889 1943 1951 2072 2130 2212 2405 2439 2521 2524 2530 2531 2541 2589 2604 2606 2633 

Test #332


Test #333


Test #334


Test #335


Test #336


Test #337


Test #338
432 

Test #339
1 53 67 73 185 228 251 292 308 326 341 347 370 399 420 421 446 514 533 550 653 674 738 802 912 917 940 952 962 989 

Test #340


Test #341


Test #342


Test #343


Test #344
209 347 569 1069 1118 1182 1234 1238 

Test #345
1593 2297 2420 2485 2575 2596 

Test #346


Test #347


Test #348
312 351 903 1064 1067 1132 1139 1170 

Test #349


Test #350


Test #351


Test #352
806 1913 2182 2279 

Test #353
432 487 825 

Test #354


Test #355
633 

Test #356
269 312 573 603 922 1609 1906 1941 2085 2102 2222 2243 2248 2301 2347 2351 

Test #357
1376 

Test #358
1813 

Test #359
37 47 82 94 140 485 621 710 731 826 1142 1146 1214 1253 

Test #360


Test #361


Test #362


Test #363


Test #364
7 49 113 252 268 365 376 461 547 596 681 694 729 770 792 795 827 856 863 871 980 1108 

Test #365


Test #366


Test #367


Test #368
15 28 39 42 79 86 90 126 148 184 187 196 203 227 311 316 338 348 363 397 408 456 474 525 534 563 599 601 631 644 691 716 739 785 818 834 848 

Test #369
68 133 658 872 879 

Test #370


Test #371
331 1022 1352 1438 1555 1585 1804 1885 1979 1987 2006 2143 2162 2169 2320 2332 2333 2338 2371 2431 2475 2484 2487 2501 2516 2523 2536 

Test #372


Test #373


Test #374


Test #375
1118 1776 1957 

Test #376
47 333 561 826 1011 1214 1253 1255 1361 1383 

Test #377


Test #378


Test #379
840 1032 1866 2203 2221 2394 2454 2533 2543 2577 2619 2621 

Test #380


Test #381


Test #382


Test #383
1743 1755 1773 

Test #384


Test #385
370 643 983 1451 1536 1538 1588 1597 1656 1671 

Test #386
1882 2001 2081 2088 

Test #387


Test #388


Test #389


Test #390
10 

Test #391


Test #392


Test #393
121 2376 2420 

Test #394
2412 

Test #395
10 49 67 98 157 166 181 220 245 376 387 403 494 561 605 630 650 751 757 763 

Test #396


Test #397
622 

Test #398


Test #399
1348 1687 1873 1967 2017 2032 2223 2277 2285 2300 2403 2410 2430 

Test #400


Test #401


Test #402


Test #403


Test #404
213 308 317 1355 1553 1615 1777 1833 1881 1967 2001 2017 2122 2241 2246 2307 2316 

Test #405


Test #406
83 145 182 249 269 295 324 328 350 406 414 423 443 470 479 528 542 557 558 620 638 676 692 707 758 776 782 

Test #407
2 14 173 224 326 348 363 502 733 993 998 1010 1095 1130 1144 1216 1258 1330 1352 1363 1380 1455 1468 1503 1521 1529 

Test #408
280 447 907 1110 1115 1128 1179 1192 

Test #409


Test #410
2165 

Test #411


Test #412


Test #413
2 14 173 192 224 908 993 1095 1129 1470 1601 1621 1630 1716 1726 1727 1744 1752 1780 1805 1808 1821 1850 1859 1863 1875 1890 1899 

Test #414


Test #415


Test #416
365 

Test #417


Test #418


Test #419
197 

Test #420


Test #421
1431 

Test #422


Test #423


Test #424
243 312 514 637 969 1027 1241 1287 1331 1362 1422 1432 1456 1541 1542 1553 1572 1589 1672 1748 1758 1765 1772 1777 1786 1791 1794 1820 1828 1848 1859 1878 

Test #425
616 1128 1387 

Test #426
250 459 

Test #427


Test #428
240 293 311 735 785 794 816 870 890 1057 1076 1086 

Test #429
213 1069 1101 1182 1234 1348 1687 1704 1753 1862 1974 2054 2079 2202 2208 2253 2283 2289 2299 

Test #430
243 643 802 1026 1027 1124 1541 1593 1657 1717 1836 1852 1869 1932 2004 2025 2096 2207 2222 2224 2248 2286 2298 2306 2348 2366 2379 

Test #431


Test #432


Test #433
180 212 243 264 512 560 626 688 704 705 744 857 864 919 923 963 

Test #434
243 498 704 1027 1054 1071 1104 1165 1205 1206 1233 1271 1305 1339 1342 1353 1362 1368 

Test #435


Test #436
27 308 529 721 772 1026 1124 1299 1302 1417 1490 1540 1589 1615 1690 1705 1732 

Test #437


Test #438
336 718 870 885 931 1133 1251 1369 1397 1516 1585 1613 1643 1652 1659 1668 1683 

Test #439


Test #440
121 308 317 1355 1615 1792 2122 2171 2196 2219 

Test #441
330 437 

Test #442
469 480 573 603 796 903 922 1322 1432 1452 1470 1497 1593 1609 1624 1672 1712 1745 1746 1780 1794 1800 1828 1844 1901 1941 1944 1956 1961 2004 2008 

Test #443


Test #444
1813 

Test #445
1704 1777 2230 2301 2483 2488 2624 2625 2636 2640 2674 2693 2703 2738 

Test #446
1082 

Test #447
331 733 1022 1212 1555 1585 1767 1770 1804 1871 1949 1979 1987 2006 2067 2136 2255 2281 2287 

Test #448


Test #449
1118 1128 1234 1355 1701 

Test #450


Test #451


Test #452


Test #453


Test #454
134 173 269 312 480 573 603 637 796 908 922 993 1233 1264 1609 1752 1852 1856 1901 1906 1941 2022 2025 2040 2085 2092 2102 2176 2181 2216 2245 2257 2272 2273 2274 2282 2311 2317 2318 2321 2347 2348 2351 2355 2356 2359 2365 2374 2389 2396 2444 2445 2446 2453 

Test #455


Test #456


Test #457


Test #458


Test #459


Test #460


Test #461
167 185 426 498 505 520 536 653 674 

Test #462
213 1069 1101 1182 1687 1704 1753 1974 2088 2289 2303 

Test #463
312 480 573 637 796 908 922 1609 1619 1752 1901 1906 1969 2022 2040 2046 2085 2102 2216 2228 2245 2246 2274 2351 2355 2418 2429 2442 2443 2451 2482 2489 2491 2511 2522 2527 

Test #464


Test #465
469 480 573 796 804 922 1074 1322 1470 1481 1497 1593 1609 1619 1624 1676 1699 1712 1746 1748 1772 1844 1901 1936 1941 1944 1961 

Test #466


Test #467


Test #468
36 209 569 838 962 1001 1043 

Test #469
27 317 721 841 1026 1084 1124 1227 1287 1370 1424 

Test #470


Test #471
974 1092 1395 

Test #472
733 1438 1804 1987 2006 2007 2107 2162 2280 2431 2440 2467 

Test #473
635 

Test #474
1526 2387 2409 2521 

Test #475
18 215 348 363 531 589 642 644 684 687 759 800 823 947 953 960 966 993 999 1071 1114 1130 1189 

Test #476
1194 1412 1438 1767 1804 2416 2425 2452 2458 2536 2540 2603 

Test #477
1082 

Test #478


Test #479
2571 

Test #480
2165 

Test #481
121 638 939 957 1065 1284 1337 1424 1429 1430 1474 1523 1528 1534 1550 1567 1585 1589 

Test #482
24 25 70 106 234 280 312 317 360 502 593 604 628 721 751 779 837 841 862 885 889 920 998 1018 1052 1077 1080 1081 1090 1104 1132 

Test #483


Test #484
1610 1925 1952 

Test #485


Test #486


Test #487
197 

Test #488


Test #489
960 1204 1270 1526 

Test #490
18 409 642 1163 1224 1304 1393 1438 1482 1494 1521 1582 1605 1635 1637 1649 1661 

Test #491
27 354 495 643 721 983 1124 1213 1325 1418 1419 1469 1498 

Test #492


Test #493
82 495 592 1110 1133 1234 1429 1553 1714 1841 2011 2134 2144 2202 2271 2289 2296 2307 2316 2378 2380 2403 2408 2439 2456 2473 2483 2503 

Test #494
82 495 592 1069 1101 1182 1348 1615 1687 2032 2202 2366 2391 2436 2490 2505 2547 2592 2624 2634 2642 2684 2685 2695 2697 

Test #495


Test #496


Test #497


Test #498


Test #499
459 710 929 1201 1372 1581 1603 1644 1655 1662 

Test #500


