Test #1


Test #2


Test #3
338 

Test #4
0 1 3 5 6 8 11 14 15 16 20 23 26 27 28 29 30 31 32 38 40 41 43 48 51 54 57 58 65 66 68 69 70 71 73 76 77 79 80 83 89 92 95 96 98 103 106 107 112 117 118 119 123 127 130 134 135 138 140 141 142 145 151 153 158 159 161 162 163 165 169 174 175 177 179 182 183 184 185 186 189 192 193 197 199 203 204 207 209 212 214 215 219 220 222 223 226 227 231 236 241 242 245 247 250 253 254 255 257 258 259 262 265 269 271 274 275 276 285 290 292 293 297 300 301 302 306 309 310 312 313 315 316 318 321 323 325 327 330 333 334 336 338 339 341 342 344 346 350 352 353 354 355 359 360 361 362 363 364 366 368 370 371 373 375 377 378 380 382 383 384 387 390 392 393 394 395 400 401 402 403 404 405 406 407 410 412 415 419 421 422 425 426 427 428 431 434 435 437 438 440 444 446 447 448 450 455 456 457 458 461 463 464 466 467 468 470 471 472 475 476 478 479 483 484 485 486 487 489 490 491 492 494 496 498 500 501 502 504 505 506 508 512 513 519 522 527 534 537 538 539 540 541 542 545 546 548 549 551 552 555 557 558 561 562 563 566 569 570 571 572 573 574 577 578 579 581 584 586 588 592 593 594 597 598 599 601 603 605 606 611 612 614 617 618 622 625 626 627 629 631 632 634 636 637 638 641 642 648 649 650 651 653 657 658 659 661 663 667 669 670 674 675 678 679 680 683 684 687 690 693 694 700 702 705 706 707 708 709 710 711 714 717 719 720 722 723 724 728 730 732 735 736 741 744 746 748 749 750 752 753 754 756 759 760 761 763 765 766 767 770 771 774 778 782 784 786 788 789 792 793 796 797 801 803 806 809 814 815 818 819 821 822 823 827 828 829 830 832 833 837 838 840 842 844 847 849 850 851 853 854 855 856 858 859 863 864 865 871 872 874 878 879 884 885 886 888 890 891 896 897 898 900 901 904 906 908 910 913 915 916 917 920 921 925 928 929 931 932 933 935 938 939 940 942 943 944 946 947 948 950 951 952 955 957 959 960 968 969 971 978 980 983 989 990 991 994 995 997 998 1000 1001 1002 1003 1006 1010 1011 1014 1017 1018 1019 1020 1024 1025 1027 1029 1032 1033 1034 1035 1036 1037 1038 1039 1042 1043 1044 1045 1046 1055 1058 1059 1061 1062 1063 1066 1067 1070 1072 1073 1074 1081 1082 1083 1084 1086 1089 1092 1093 1094 1095 1097 1100 1101 1106 1108 1117 1120 1122 1124 1128 1134 1141 1146 1147 1150 1152 1158 1159 1160 1162 1163 1165 1166 1167 1171 1172 1173 1175 1176 1179 1180 1182 1183 1184 1189 1190 1191 1192 1194 1195 1196 1198 1200 1201 1204 1205 1206 1209 1212 1216 1217 1218 1219 1220 1221 1222 1226 1229 1232 1233 1234 1237 1238 1241 1244 1245 1248 1257 1260 1262 1263 1265 1266 1269 1270 1271 1279 1286 1288 1289 1290 1291 1293 1294 1299 1301 1306 1308 1309 1311 1312 1316 1317 1320 1322 1327 1328 1329 1335 1336 1339 1342 1344 1347 1348 1351 1352 1357 1359 1360 1362 1365 1374 1375 1377 1385 1386 

Test #5
41 338 771 

Test #6
5 8 12 14 26 28 30 32 41 46 51 53 66 77 97 98 107 117 118 119 120 124 127 138 151 156 160 161 163 174 178 182 186 187 189 193 197 206 220 224 228 257 260 269 276 281 289 290 293 295 298 321 328 331 336 338 339 344 352 354 355 361 366 380 383 388 394 395 396 400 404 410 411 422 423 425 435 436 439 446 447 450 453 455 456 461 463 468 471 479 494 503 514 522 528 534 536 538 546 554 563 571 596 599 609 618 620 631 633 636 637 642 646 653 657 663 673 678 690 694 699 722 725 748 749 750 756 766 770 771 779 784 788 790 796 800 802 804 805 809 819 827 832 835 836 838 853 859 862 864 865 874 875 884 885 887 892 896 910 911 913 920 921 922 926 951 973 978 1000 1003 1012 1014 1021 1027 1029 1044 1055 1070 1073 1082 1083 1092 1095 1097 1102 1112 1114 1120 1134 1141 1149 1150 1152 1170 1173 1178 1183 1184 1191 1193 1194 1203 1206 1207 1215 1228 1229 1253 1260 1264 1266 1269 1281 1306 1312 1348 1355 1362 

Test #7


Test #8
5 8 12 14 19 26 28 32 41 46 53 77 97 98 107 117 118 119 120 122 124 138 156 160 161 174 178 182 187 189 193 206 224 228 235 238 260 269 276 281 289 293 295 298 321 328 331 336 338 339 344 352 354 355 356 366 380 383 394 396 404 410 411 423 425 436 439 446 447 450 453 455 456 460 461 463 479 494 503 514 522 528 534 536 546 554 563 571 596 599 609 618 620 633 636 637 642 646 653 657 663 673 690 694 699 722 731 734 749 770 771 779 784 790 795 796 800 802 804 805 809 832 835 836 838 853 859 862 864 865 874 875 887 892 896 910 911 912 913 920 921 922 926 973 978 1000 1003 1005 1012 1021 1029 1044 1055 1065 1073 1082 1088 1092 1095 1099 1102 1112 1114 1123 1134 1141 1142 1149 1150 1152 1173 1178 1183 1184 1187 1193 1203 1206 1207 1215 1228 1229 1253 1264 1266 1272 1281 1306 1333 1341 1356 

Test #9
1 2 3 4 5 6 7 8 9 10 11 12 13 14 16 17 18 19 20 22 23 24 25 26 27 28 29 30 31 32 34 35 36 37 38 39 40 41 42 43 44 45 46 47 48 49 50 51 52 53 54 55 56 57 58 59 60 61 62 63 64 65 66 67 68 69 72 73 74 75 77 78 79 80 81 82 83 84 85 86 88 90 91 92 93 94 95 96 97 98 99 101 102 103 104 105 106 107 108 109 110 112 113 115 117 118 119 120 121 122 123 124 125 126 127 128 129 130 131 132 133 134 136 138 139 140 141 145 146 148 150 151 152 153 154 155 156 157 158 160 161 162 163 164 166 168 169 170 174 175 176 178 180 181 182 183 184 185 186 187 188 189 190 191 192 193 194 196 197 198 200 201 202 203 204 205 206 208 210 211 212 213 215 216 217 218 219 220 221 222 223 224 225 228 229 230 232 233 234 235 236 237 238 239 240 241 242 244 245 246 247 248 251 252 254 256 257 259 260 261 262 263 265 267 268 269 270 271 272 273 274 275 276 277 278 279 280 281 282 283 284 285 286 287 289 290 291 292 293 294 295 296 297 298 300 301 302 303 304 305 307 308 309 311 312 313 314 316 317 318 319 320 321 322 324 325 326 327 328 329 330 331 334 335 336 337 338 339 340 341 342 343 344 345 346 347 348 349 350 351 352 354 355 356 357 358 359 361 362 363 364 365 366 367 369 370 371 372 373 374 375 376 377 378 379 380 381 382 383 384 385 386 387 388 389 390 391 392 394 395 396 397 398 399 400 401 402 403 404 405 406 407 408 409 410 411 412 413 414 415 416 417 419 420 421 422 423 424 425 426 427 428 429 430 431 432 433 434 435 436 437 438 439 440 441 442 443 445 446 447 448 449 450 451 452 453 455 456 458 459 460 461 462 463 464 465 466 467 468 469 470 471 473 474 475 476 477 478 479 480 481 482 484 485 486 488 489 490 491 492 493 494 495 497 498 499 500 501 502 503 506 507 508 509 510 511 513 514 516 517 518 519 520 521 522 523 524 525 526 527 528 529 530 531 532 533 534 536 537 538 539 540 541 542 543 544 545 546 548 549 550 551 552 553 554 555 556 557 558 559 560 561 562 563 564 565 566 568 569 570 571 572 574 576 577 579 580 581 582 584 585 589 590 591 592 593 594 595 596 598 599 600 602 603 605 607 608 609 610 611 612 613 614 615 616 617 618 619 620 621 623 624 625 626 627 628 629 630 631 632 633 634 635 636 637 638 639 640 641 642 644 645 646 647 649 651 652 653 654 656 657 658 659 660 661 662 663 664 665 666 667 668 669 670 671 672 673 674 675 676 677 678 680 681 682 683 684 685 686 687 689 690 691 692 693 694 697 698 699 701 702 703 704 705 706 707 709 710 711 712 713 714 715 716 717 718 719 720 721 722 723 724 725 726 727 728 729 730 731 732 733 734 735 736 737 738 739 740 742 743 745 746 748 749 750 751 752 754 756 757 758 760 762 763 764 765 766 767 768 770 771 772 773 774 775 777 778 779 780 781 782 783 784 785 786 787 788 789 790 791 792 793 795 796 797 798 799 800 802 803 804 805 807 808 809 810 811 812 813 815 816 817 819 820 821 822 823 824 825 826 827 829 830 831 832 833 834 835 836 837 838 839 840 841 842 844 848 849 850 851 852 853 854 855 856 857 858 859 860 862 863 864 865 866 867 868 869 871 872 873 874 875 877 878 879 880 881 882 883 884 885 886 887 888 890 891 892 893 894 895 896 899 902 903 904 905 906 907 908 909 910 911 912 913 915 916 917 918 919 920 921 922 923 924 925 926 927 928 929 930 931 932 933 934 935 936 937 939 940 941 943 944 945 946 948 949 950 951 952 953 955 956 957 960 961 962 963 964 965 966 968 969 970 971 972 973 974 975 976 977 978 979 980 981 982 984 985 986 987 988 989 990 991 992 993 994 995 996 997 998 999 1000 1001 1002 1003 1004 1005 1007 1008 1009 1010 1011 1012 1013 1014 1015 1016 1017 1018 1019 1021 1022 1023 1024 1025 1026 1027 1028 1029 1030 1031 1033 1034 1035 1037 1038 1039 1040 1041 1042 1043 1044 1045 1046 1047 1049 1050 1051 1053 1054 1055 1056 1057 1058 1059 1060 1061 1062 1063 1064 1065 1068 1070 1071 1072 1073 1074 1075 1076 1078 1079 1080 1081 1082 1083 1084 1085 1086 1087 1088 1089 1090 1091 1092 1094 1095 1096 1097 1098 1099 1101 1102 1103 1105 1106 1107 1108 1109 1110 1111 1112 1113 1114 1115 1116 1117 1118 1120 1121 1122 1123 1124 1125 1126 1127 1128 1130 1131 1132 1134 1136 1137 1138 1139 1140 1141 1142 1143 1144 1146 1148 1149 1150 1151 1152 1154 1155 1157 1158 1159 1160 1161 1162 1165 1167 1168 1169 1170 1171 1172 1173 1174 1175 1176 1177 1178 1179 1180 1182 1183 1184 1185 1186 1187 1188 1189 1190 1191 1193 1194 1195 1196 1197 1198 1199 1201 1202 1203 1205 1206 1207 1208 1210 1211 1212 1214 1215 1216 1217 1218 1219 1220 1221 1223 1224 1225 1226 1227 1228 1229 1230 1231 1232 1233 1234 1235 1236 1237 1239 1242 1243 1244 1246 1248 1249 1250 1251 1252 1253 1255 1256 1258 1259 1260 1261 1264 1265 1266 1267 1268 1269 1271 1272 1273 1274 1276 1277 1278 1279 1280 1281 1282 1283 1284 1286 1287 1288 1289 1290 1291 1294 1297 1299 1300 1301 1302 1303 1304 1305 1306 1307 1308 1309 1310 1312 1313 1314 1315 1316 1318 1319 1320 1321 1322 1323 1324 1326 1328 1330 1331 1332 1333 1334 1335 1336 1337 1338 1339 1340 1341 1343 1344 1345 1346 1347 1348 1349 1350 1352 1353 1355 1356 1358 1361 1362 1363 1365 1366 1368 1369 1371 1372 1373 1374 1376 1378 1379 1380 1381 1382 1383 1385 1387 1388 1389 

Test #10


Test #11
1 5 11 14 20 26 29 41 48 51 95 118 127 138 145 151 153 163 174 175 182 184 185 186 189 192 220 236 259 262 265 269 274 290 321 334 336 338 341 355 366 370 377 378 380 383 384 402 403 407 419 421 422 438 455 461 476 486 490 492 502 538 539 542 548 549 551 555 557 561 562 563 572 579 581 598 611 626 627 637 638 658 667 690 694 706 707 709 711 728 756 760 763 771 778 784 793 797 809 815 827 829 837 842 851 854 856 874 913 917 925 928 929 931 932 939 955 957 968 978 980 990 998 1000 1003 1042 1043 1058 1061 1062 1070 1081 1082 1092 1094 1095 1106 1117 1124 1150 1152 1159 1162 1165 1176 1180 1189 1196 1205 1206 1216 1226 1244 1266 1306 1320 1322 1335 1336 1347 1352 1374 1385 

Test #12
0 1 2 3 4 5 6 7 8 9 10 11 12 13 14 15 16 17 18 19 20 22 23 24 25 26 27 28 29 30 31 32 33 34 35 36 37 38 39 40 41 42 43 44 45 46 47 48 49 50 51 52 53 54 55 56 57 58 59 60 61 62 63 64 65 66 67 68 69 70 71 72 73 74 75 76 77 78 79 80 81 82 83 84 85 86 87 88 89 90 91 92 93 94 95 96 97 98 99 100 101 102 103 104 105 106 107 108 109 110 111 112 113 114 115 116 117 118 119 120 121 122 123 124 125 126 127 128 129 130 131 132 133 134 135 136 137 138 139 140 141 142 143 144 145 146 148 149 150 151 152 153 154 155 156 157 158 159 160 161 162 163 164 165 166 168 169 170 171 173 174 175 176 177 178 179 180 181 182 183 184 185 186 187 188 189 190 191 192 193 194 195 196 197 198 199 200 201 202 203 204 205 206 207 208 209 210 211 212 213 214 215 216 217 218 219 220 221 222 223 224 225 226 227 228 229 230 231 232 233 234 235 236 237 238 239 240 241 242 243 244 245 246 247 248 250 251 252 253 254 255 256 257 258 259 260 261 262 263 264 265 266 267 268 269 270 271 272 273 274 275 276 277 278 279 280 281 282 283 284 285 286 287 288 289 290 291 292 293 294 295 296 297 298 299 300 301 302 303 304 305 306 307 308 309 310 311 312 313 314 315 316 317 318 319 320 321 322 323 324 325 326 327 328 329 330 331 332 333 334 335 336 337 338 339 340 341 342 343 344 345 346 347 348 349 350 351 352 353 354 355 356 357 358 359 360 361 362 363 364 365 366 367 368 369 370 371 372 373 374 375 376 377 378 379 380 381 382 383 384 385 386 387 388 389 390 391 392 393 394 395 396 397 398 399 400 401 402 403 404 405 406 407 408 409 410 411 412 413 414 415 416 417 418 419 420 421 422 423 424 425 426 427 428 429 430 431 432 433 434 435 436 437 438 439 440 441 442 443 444 445 446 447 448 449 450 451 452 453 454 455 456 457 458 459 460 461 462 463 464 465 466 467 468 469 470 471 472 473 474 475 476 477 478 479 480 481 482 483 484 485 486 487 488 489 490 491 492 493 494 495 496 497 498 499 500 501 502 503 504 505 506 507 508 509 510 511 512 513 514 515 516 517 518 519 520 521 522 523 524 525 526 527 528 529 530 531 532 533 534 535 536 537 538 539 540 541 542 543 544 545 546 547 548 549 550 551 552 553 554 555 556 557 558 559 560 561 562 563 564 565 566 567 568 569 570 571 572 573 574 575 576 577 578 579 580 581 582 583 584 585 586 587 588 589 590 591 592 593 594 595 596 597 598 599 600 601 602 603 604 605 606 607 608 609 610 611 612 613 614 615 616 617 618 619 620 621 622 623 624 625 626 627 628 629 630 631 632 633 634 635 636 637 638 639 640 641 642 643 644 645 646 647 648 649 650 651 652 653 654 655 656 657 658 659 660 661 662 663 664 665 666 667 668 669 670 671 672 673 674 675 676 677 678 679 680 681 682 683 684 685 686 687 688 689 690 691 692 693 694 695 696 697 698 699 700 701 702 703 704 705 706 707 708 709 710 711 712 713 714 715 716 717 718 719 720 721 722 723 724 725 726 727 728 729 730 731 732 733 734 735 736 737 738 739 740 741 742 743 744 745 746 747 748 749 750 751 752 753 754 755 756 757 758 759 760 761 762 763 764 765 766 767 768 769 770 771 772 773 774 775 776 777 778 779 780 781 782 783 784 785 786 787 788 789 790 791 792 793 794 795 796 797 798 799 800 801 802 803 804 805 806 807 808 809 810 811 812 813 814 815 816 817 818 819 820 821 822 823 824 825 826 827 828 829 830 831 832 833 834 835 836 837 838 839 840 841 842 843 844 845 846 847 848 849 850 851 852 853 854 855 856 857 858 859 860 861 862 863 864 865 866 867 868 869 870 871 872 873 874 875 876 877 878 879 880 881 882 883 884 885 886 887 888 889 890 891 892 893 894 895 896 897 898 899 900 901 902 903 904 905 906 907 908 909 910 911 912 913 914 915 916 917 918 919 920 921 922 923 924 925 926 927 928 929 930 931 932 933 934 935 936 937 938 939 940 941 942 943 944 945 946 947 948 949 950 951 952 953 954 955 956 957 958 959 960 961 962 963 964 965 966 967 968 969 970 971 972 973 974 975 976 977 978 979 980 981 982 983 984 985 986 987 988 989 990 991 992 993 994 995 996 997 998 999 1000 1001 1002 1003 1004 1005 1006 1007 1008 1009 1010 1011 1012 1013 1014 1015 1016 1017 1018 1019 1020 1021 1022 1023 1024 1025 1026 1027 1028 1029 1030 1031 1032 1033 1034 1035 1036 1037 1038 1039 1040 1041 1042 1043 1044 1045 1046 1047 1048 1049 1050 1051 1052 1053 1054 1055 1056 1057 1058 1059 1060 1061 1062 1063 1064 1065 1066 1067 1068 1069 1070 1071 1072 1073 1074 1075 1076 1077 1078 1079 1080 1081 1082 1083 1084 1085 1086 1087 1088 1089 1090 1091 1092 1093 1094 1095 1096 1097 1098 1099 1100 1101 1102 1103 1104 1105 1106 1107 1108 1109 1110 1111 1112 1113 1114 1115 1116 1117 1118 1119 1120 1121 1122 1123 1124 1125 1126 1127 1128 1129 1130 1131 1132 1133 1134 1135 1136 1137 1138 1139 1140 1141 1142 1143 1144 1145 1146 1147 1148 1149 1150 1151 1152 1153 1154 1155 1156 1157 1158 1159 1160 1161 1162 1163 1164 1165 1166 1167 1168 1169 1170 1171 1172 1173 1174 1175 1176 1177 1178 1179 1180 1181 1182 1183 1184 1185 1186 1187 1188 1189 1190 1191 1192 1193 1194 1195 1196 1197 1198 1199 1200 1201 1202 1203 1204 1205 1206 1207 1208 1209 1210 1211 1212 1213 1214 1215 1216 1217 1218 1219 1220 1221 1222 1223 1224 1225 1226 1227 1228 1229 1230 1231 1232 1233 1234 1235 1236 1237 1238 1239 1240 1241 1242 1243 1244 1245 1246 1247 1248 1249 1250 1251 1252 1253 1254 1255 1256 1257 1258 1259 1260 1261 1262 1263 1264 1265 1266 1267 1268 1269 1270 1271 1272 1273 1274 1275 1276 1277 1278 1279 1280 1281 1282 1283 1284 1285 1286 1287 1288 1289 1290 1291 1292 1293 1294 1295 1296 1297 1298 1299 1300 1301 1302 1303 1304 1305 1306 1307 1308 1309 1310 1311 1312 1313 1314 1315 1316 1318 1319 1320 1321 1322 1323 1324 1325 1326 1327 1328 1329 1330 1331 1332 1333 1334 1335 1336 1337 1338 1339 1340 1341 1342 1343 1344 1345 1346 1347 1348 1349 1350 1351 1352 1353 1354 1355 1356 1357 1358 1359 1360 1361 1362 1363 1365 1366 1367 1368 1369 1370 1371 1372 1373 1374 1375 1376 1377 1378 1379 1380 1381 1382 1383 1384 1385 1386 1387 1388 1389 

Test #13
338 476 549 557 

Test #14


Test #15
41 186 338 422 756 771 1150 

Test #16
0 1 2 3 4 5 6 8 9 10 11 12 14 16 17 18 19 20 22 23 25 26 27 28 29 30 31 32 34 35 36 37 38 39 40 41 42 43 45 46 48 49 50 51 52 53 54 55 57 58 59 60 61 63 64 65 66 68 69 70 71 72 73 74 75 76 77 79 80 81 82 83 84 85 86 88 89 91 92 93 94 95 96 97 98 99 100 101 102 103 104 105 106 107 109 110 112 113 114 115 116 117 118 119 120 121 122 123 124 125 126 127 128 129 130 131 132 133 134 135 136 137 138 140 141 142 143 145 148 149 150 151 152 153 155 156 157 158 159 160 161 162 163 164 165 166 168 169 170 173 174 175 176 177 178 179 180 182 183 184 185 186 187 188 189 190 191 192 193 194 195 197 198 199 200 201 203 204 205 206 207 208 209 212 213 214 215 216 217 218 219 220 222 223 224 225 226 227 228 229 231 232 234 235 236 237 238 239 241 242 243 245 246 247 248 250 251 252 253 254 257 258 259 260 261 262 263 264 265 267 268 269 271 272 273 274 275 276 277 278 279 280 281 282 283 284 285 286 287 289 290 291 292 293 294 295 297 298 300 301 302 305 306 307 308 309 310 312 313 314 315 316 318 319 320 321 322 323 324 325 326 327 328 330 331 332 333 334 335 336 337 338 339 340 341 342 343 344 345 346 347 349 350 351 352 353 354 355 356 357 358 359 360 361 362 363 364 366 367 368 370 371 372 373 375 376 377 378 380 381 382 383 384 385 387 388 389 390 391 392 393 394 395 396 397 399 400 401 402 403 404 405 406 407 408 409 410 411 412 413 414 415 417 418 419 421 422 423 424 425 426 427 428 429 430 431 432 433 434 435 436 437 438 439 440 442 443 444 445 446 447 448 449 450 451 452 453 455 456 457 458 459 460 461 462 463 464 465 466 467 468 470 471 472 473 474 475 476 477 478 479 481 482 483 484 485 486 487 489 490 491 492 493 494 495 496 497 498 499 500 501 502 503 504 505 506 508 509 510 511 512 513 514 515 516 517 518 519 520 521 522 523 524 525 526 527 528 529 530 532 533 534 535 536 537 538 539 540 541 542 543 544 545 546 547 548 549 551 552 553 554 555 557 558 559 560 561 562 563 564 566 568 569 570 571 572 573 574 576 577 578 579 581 582 583 584 585 586 587 588 590 591 592 593 594 595 596 597 598 599 601 602 603 604 605 606 608 609 610 611 612 614 615 616 617 618 620 621 622 623 624 625 626 627 628 629 630 631 632 633 634 636 637 638 639 641 642 643 644 645 646 647 648 649 650 651 653 656 657 658 659 660 661 662 663 664 665 666 667 669 670 671 673 674 675 677 678 679 680 681 682 683 684 685 686 687 690 691 692 693 694 695 697 698 699 700 701 702 703 705 706 707 708 709 710 711 713 714 716 717 718 719 720 721 722 723 724 725 726 727 728 729 730 731 732 733 734 735 736 737 738 741 744 745 746 748 749 750 752 753 754 756 758 759 760 761 763 764 765 766 767 768 770 771 772 773 774 777 778 779 782 783 784 785 786 787 788 789 790 792 793 795 796 797 798 799 800 801 802 803 804 805 806 807 808 809 810 811 812 813 814 815 816 817 818 819 820 821 822 823 824 825 826 827 828 829 830 832 833 834 835 836 837 838 839 840 841 842 844 847 848 849 850 851 852 853 854 855 856 857 858 859 860 862 863 864 865 866 867 868 869 870 871 872 873 874 875 876 877 878 879 880 881 882 883 884 885 886 887 888 890 891 892 894 895 896 897 898 899 900 901 903 904 905 906 908 909 910 911 912 913 914 915 916 917 918 919 920 921 922 925 926 927 928 929 930 931 932 933 934 935 936 937 938 939 940 941 942 943 944 946 947 948 949 950 951 952 953 954 955 956 957 959 960 961 963 965 966 967 968 969 970 971 972 973 974 975 976 977 978 979 980 981 983 984 985 986 987 988 989 990 991 992 994 995 996 997 998 999 1000 1001 1002 1003 1004 1005 1006 1007 1008 1009 1010 1011 1012 1013 1014 1016 1017 1018 1019 1020 1021 1023 1024 1025 1027 1028 1029 1030 1031 1032 1033 1034 1035 1036 1037 1038 1039 1040 1041 1042 1043 1044 1045 1046 1048 1049 1051 1053 1054 1055 1056 1057 1058 1059 1060 1061 1062 1063 1064 1065 1066 1067 1069 1070 1071 1072 1073 1074 1075 1076 1077 1079 1080 1081 1082 1083 1084 1085 1086 1087 1088 1089 1090 1091 1092 1093 1094 1095 1096 1097 1098 1099 1100 1101 1102 1103 1104 1105 1106 1108 1109 1110 1112 1113 1114 1115 1117 1118 1119 1120 1121 1122 1123 1124 1125 1126 1127 1128 1129 1132 1133 1134 1136 1137 1138 1139 1140 1141 1142 1143 1144 1145 1146 1147 1149 1150 1151 1152 1153 1154 1155 1157 1158 1159 1160 1161 1162 1163 1164 1165 1166 1167 1168 1170 1171 1172 1173 1174 1175 1176 1177 1178 1179 1180 1181 1182 1183 1184 1186 1187 1188 1189 1190 1191 1192 1193 1194 1195 1196 1198 1199 1200 1201 1203 1204 1205 1206 1207 1208 1209 1210 1211 1212 1213 1215 1216 1217 1218 1219 1220 1221 1222 1223 1224 1225 1226 1227 1228 1229 1231 1232 1233 1234 1235 1236 1237 1238 1240 1241 1242 1244 1245 1246 1247 1248 1249 1250 1252 1253 1255 1256 1257 1258 1260 1261 1262 1263 1264 1265 1266 1267 1268 1269 1270 1271 1272 1273 1274 1275 1276 1277 1278 1279 1280 1281 1282 1285 1286 1287 1288 1289 1290 1291 1292 1294 1297 1299 1300 1301 1302 1304 1305 1306 1307 1308 1309 1310 1311 1312 1314 1315 1316 1318 1320 1321 1322 1324 1326 1327 1328 1329 1330 1331 1332 1333 1334 1335 1336 1337 1338 1339 1341 1342 1343 1344 1346 1347 1348 1349 1350 1351 1352 1353 1354 1355 1356 1357 1360 1362 1365 1366 1369 1372 1373 1374 1375 1376 1377 1379 1381 1382 1383 1385 1386 1387 1388 1389 

Test #17
4 5 8 10 19 28 37 53 64 94 98 99 117 118 119 122 156 166 180 182 191 194 217 224 228 235 238 251 252 269 281 294 298 328 331 336 339 352 354 355 383 404 411 447 450 455 459 461 462 477 494 509 520 521 524 526 529 530 533 534 536 564 568 571 585 609 623 642 646 663 673 690 692 713 758 773 779 785 787 795 800 804 816 832 836 848 853 860 862 865 873 883 892 905 910 911 912 919 926 927 949 953 963 972 985 987 992 1004 1030 1044 1051 1055 1060 1064 1065 1079 1080 1088 1091 1095 1096 1099 1112 1123 1132 1137 1138 1149 1152 1183 1187 1207 1223 1229 1256 1261 1264 1272 1276 1326 1330 1337 1349 1353 1383 

Test #18
2 4 5 6 8 10 12 14 17 18 19 20 22 26 27 28 29 30 32 34 35 36 37 41 46 49 50 51 52 53 55 59 60 61 64 66 69 72 74 75 77 81 82 84 85 88 91 94 97 98 99 107 109 110 113 117 118 119 120 122 124 127 129 130 133 134 136 138 141 148 150 151 153 155 156 160 161 162 163 166 170 174 176 178 180 182 186 187 188 189 190 191 193 194 197 198 200 201 203 206 208 213 216 217 220 222 224 225 228 235 237 238 239 241 247 251 252 257 260 262 263 267 268 269 272 274 275 276 277 280 281 283 284 285 286 287 289 290 291 293 294 295 298 308 312 314 318 319 321 326 328 331 336 338 339 340 343 344 345 346 349 350 351 352 354 355 356 361 362 366 367 371 373 376 380 382 383 384 388 391 394 395 396 397 399 400 401 404 408 409 410 411 412 414 415 422 423 424 425 426 427 430 431 432 433 435 436 438 439 440 442 443 445 446 447 449 450 453 455 456 459 460 461 462 463 464 465 467 468 471 473 474 475 476 477 479 484 489 491 492 493 494 495 501 503 509 510 511 513 514 516 518 520 521 522 523 524 526 528 529 530 533 534 536 538 543 544 546 553 554 558 560 563 564 568 571 572 574 577 582 585 593 596 598 599 609 615 617 618 620 623 625 628 631 633 634 636 637 639 642 644 646 649 653 657 659 662 663 664 665 669 670 673 675 678 684 687 690 691 692 693 694 697 699 701 702 705 706 710 711 713 716 717 718 719 721 722 723 725 726 727 729 731 732 734 738 745 748 749 750 752 756 758 763 764 766 768 770 771 773 777 779 784 785 787 788 789 790 792 795 796 798 799 800 802 804 805 807 809 810 813 816 817 819 820 821 822 825 826 827 832 835 836 837 838 839 841 848 849 850 853 854 856 857 859 860 862 864 865 866 867 868 869 871 873 874 875 877 879 880 883 884 885 887 890 891 892 894 896 899 903 905 908 909 910 911 912 913 916 919 920 921 922 926 927 930 931 935 937 940 943 949 950 951 953 956 963 965 966 969 970 972 973 974 976 978 984 985 986 987 988 992 995 999 1000 1001 1003 1004 1005 1007 1008 1009 1012 1014 1016 1017 1018 1019 1021 1023 1027 1028 1029 1030 1031 1034 1040 1041 1043 1044 1045 1049 1051 1055 1057 1058 1059 1060 1064 1065 1070 1071 1073 1076 1079 1080 1081 1082 1083 1085 1088 1091 1092 1095 1096 1097 1098 1099 1102 1103 1109 1110 1112 1113 1114 1120 1121 1122 1123 1124 1125 1127 1132 1134 1137 1138 1141 1142 1143 1144 1149 1150 1151 1152 1154 1155 1157 1158 1167 1168 1170 1171 1173 1176 1177 1178 1183 1184 1187 1189 1190 1191 1193 1194 1195 1198 1203 1205 1206 1207 1215 1218 1223 1224 1225 1228 1229 1234 1235 1236 1237 1242 1248 1249 1252 1253 1255 1256 1258 1260 1261 1264 1266 1268 1269 1272 1274 1276 1277 1279 1281 1282 1286 1297 1300 1305 1306 1307 1310 1312 1315 1318 1324 1326 1330 1331 1332 1333 1336 1337 1338 1341 1344 1346 1348 1349 1350 1353 1355 1356 1362 1369 1379 1381 1383 1385 1389 

Test #19
0 1 2 3 4 5 6 7 8 9 10 11 12 13 14 16 17 18 19 20 22 23 24 25 26 27 28 29 30 31 32 33 34 35 36 37 38 39 40 41 42 43 44 45 46 47 48 49 50 51 52 53 54 55 56 57 58 59 60 61 62 63 64 65 66 67 68 69 70 71 72 73 74 75 76 77 78 79 80 81 82 83 84 85 86 87 88 89 90 91 92 93 94 95 96 97 98 99 100 101 102 103 104 105 106 107 108 109 110 112 113 114 115 116 117 118 119 120 121 122 123 124 125 126 127 128 129 130 131 132 133 134 135 136 137 138 139 140 141 142 143 145 146 148 149 150 151 152 153 154 155 156 157 158 159 160 161 162 163 164 165 166 168 169 170 171 173 174 175 176 177 178 179 180 181 182 183 184 185 186 187 188 189 190 191 192 193 194 195 196 197 198 199 200 201 202 203 204 205 206 207 208 209 210 211 212 213 214 215 216 217 218 219 220 221 222 223 224 225 226 227 228 229 230 231 232 233 234 235 236 237 238 239 240 241 242 243 244 245 246 247 248 250 251 252 253 254 256 257 258 259 260 261 262 263 264 265 266 267 268 269 270 271 272 273 274 275 276 277 278 279 280 281 282 283 284 285 286 287 288 289 290 291 292 293 294 295 296 297 298 299 300 301 302 303 304 305 306 307 308 309 310 311 312 313 314 315 316 317 318 319 320 321 322 323 324 325 326 327 328 329 330 331 332 333 334 335 336 337 338 339 340 341 342 343 344 345 346 347 348 349 350 351 352 353 354 355 356 357 358 359 360 361 362 363 364 365 366 367 368 369 370 371 372 373 374 375 376 377 378 379 380 381 382 383 384 385 386 387 388 389 390 391 392 393 394 395 396 397 398 399 400 401 402 403 404 405 406 407 408 409 410 411 412 413 414 415 416 417 418 419 420 421 422 423 424 425 426 427 428 429 430 431 432 433 434 435 436 437 438 439 440 441 442 443 444 445 446 447 448 449 450 451 452 453 454 455 456 457 458 459 460 461 462 463 464 465 466 467 468 469 470 471 472 473 474 475 476 477 478 479 480 481 482 483 484 485 486 487 488 489 490 491 492 493 494 495 496 497 498 499 500 501 502 503 504 505 506 507 508 509 510 511 512 513 514 515 516 517 518 519 520 521 522 523 524 525 526 527 528 529 530 531 532 533 534 535 536 537 538 539 540 541 542 543 544 545 546 547 548 549 550 551 552 553 554 555 556 557 558 559 560 561 562 563 564 565 566 568 569 570 571 572 573 574 575 576 577 578 579 580 581 582 583 584 585 586 587 588 589 590 591 592 593 594 595 596 597 598 599 600 601 602 603 604 605 606 607 608 609 610 611 612 613 614 615 616 617 618 619 620 621 622 623 624 625 626 627 628 629 630 631 632 633 634 635 636 637 638 639 640 641 642 643 644 645 646 647 648 649 650 651 652 653 654 655 656 657 658 659 660 661 662 663 664 665 666 667 668 669 670 671 672 673 674 675 676 677 678 679 680 681 682 683 684 685 686 687 689 690 691 692 693 694 695 696 697 698 699 700 701 702 703 704 705 706 707 708 709 710 711 712 713 714 715 716 717 718 719 720 721 722 723 724 725 726 727 728 729 730 731 732 733 734 735 736 737 738 739 740 741 742 743 745 746 747 748 749 750 751 752 753 754 756 757 758 759 760 761 762 763 764 765 766 767 768 769 770 771 772 773 774 775 777 778 779 780 781 782 783 784 785 786 787 788 789 790 791 792 793 794 795 796 797 798 799 800 801 802 803 804 805 806 807 808 809 810 811 812 813 814 815 816 817 818 819 820 821 822 823 824 825 826 827 829 830 831 832 833 834 835 836 837 838 839 840 841 842 843 844 846 847 848 849 850 851 852 853 854 855 856 857 858 859 860 862 863 864 865 866 867 868 869 870 871 872 873 874 875 876 877 878 879 880 881 882 883 884 885 886 887 888 889 890 891 892 893 894 895 896 897 898 899 900 901 902 903 904 905 906 907 908 909 910 911 912 913 914 915 916 917 918 919 920 921 922 923 924 925 926 927 928 929 930 931 932 933 934 935 936 937 938 939 940 941 942 943 944 945 946 947 948 949 950 951 952 953 954 955 956 957 958 959 960 961 962 963 964 965 966 967 968 969 970 971 972 973 974 975 976 977 978 979 980 981 982 983 984 985 986 987 988 989 990 991 992 993 994 995 996 997 998 999 1000 1001 1002 1003 1004 1005 1006 1007 1008 1009 1010 1011 1012 1013 1014 1015 1016 1017 1018 1019 1020 1021 1022 1023 1024 1025 1026 1027 1028 1029 1030 1031 1032 1033 1034 1035 1036 1037 1038 1039 1040 1041 1042 1043 1044 1045 1046 1047 1048 1049 1050 1051 1052 1053 1054 1055 1056 1057 1058 1059 1060 1061 1062 1063 1064 1065 1066 1067 1068 1069 1070 1071 1072 1073 1074 1075 1076 1077 1078 1079 1080 1081 1082 1083 1084 1085 1086 1087 1088 1089 1090 1091 1092 1093 1094 1095 1096 1097 1098 1099 1100 1101 1102 1103 1104 1105 1106 1107 1108 1109 1110 1111 1112 1113 1114 1115 1116 1117 1118 1119 1120 1121 1122 1123 1124 1125 1126 1127 1128 1129 1130 1131 1132 1133 1134 1136 1137 1138 1139 1140 1141 1142 1143 1144 1145 1146 1147 1148 1149 1150 1151 1152 1153 1154 1155 1156 1157 1158 1159 1160 1161 1162 1163 1164 1165 1166 1167 1168 1169 1170 1171 1172 1173 1174 1175 1176 1177 1178 1179 1180 1181 1182 1183 1184 1185 1186 1187 1188 1189 1190 1191 1192 1193 1194 1195 1196 1197 1198 1199 1200 1201 1202 1203 1204 1205 1206 1207 1208 1209 1210 1211 1212 1213 1214 1215 1216 1217 1218 1219 1220 1221 1222 1223 1224 1225 1226 1227 1228 1229 1230 1231 1232 1233 1234 1235 1236 1237 1238 1239 1240 1241 1242 1243 1244 1245 1246 1247 1248 1249 1250 1251 1252 1253 1255 1256 1257 1258 1259 1260 1261 1262 1263 1264 1265 1266 1267 1268 1269 1270 1271 1272 1273 1274 1275 1276 1277 1278 1279 1280 1281 1282 1283 1284 1285 1286 1287 1288 1289 1290 1291 1292 1294 1296 1297 1299 1300 1301 1302 1303 1304 1305 1306 1307 1308 1309 1310 1311 1312 1313 1314 1315 1316 1318 1319 1320 1321 1322 1323 1324 1325 1326 1327 1328 1329 1330 1331 1332 1333 1334 1335 1336 1337 1338 1339 1340 1341 1342 1343 1344 1345 1346 1347 1348 1349 1350 1352 1353 1354 1355 1356 1357 1358 1360 1361 1362 1363 1365 1366 1367 1368 1369 1371 1372 1373 1374 1375 1376 1377 1378 1379 1380 1381 1382 1383 1384 1385 1386 1387 1388 1389 

Test #20


Test #21
0 1 3 5 6 8 11 14 16 20 23 26 27 28 29 30 31 32 38 40 41 43 48 51 54 57 58 65 66 68 69 70 71 73 76 77 79 80 83 89 92 95 96 98 103 106 107 112 117 118 119 123 127 130 134 135 138 140 141 142 145 151 153 158 159 161 162 163 165 169 174 175 177 179 182 183 184 185 186 189 192 193 197 199 203 204 209 212 214 215 219 220 222 223 226 227 231 236 241 242 245 247 250 253 254 257 258 259 262 265 269 271 274 275 276 285 290 292 293 297 300 301 302 306 309 310 312 313 315 316 318 321 323 325 327 330 333 334 336 338 339 341 342 344 346 350 352 353 354 355 359 360 361 362 363 364 366 368 370 371 373 375 377 378 380 382 383 384 387 390 392 393 394 395 400 401 402 403 404 405 406 407 410 412 415 419 421 422 425 426 427 428 431 434 435 437 438 440 444 446 447 448 450 455 456 457 458 461 463 464 466 467 468 470 471 472 475 476 478 479 483 484 485 486 487 489 490 491 492 494 496 498 500 501 502 504 505 506 508 512 513 519 522 527 534 537 538 539 540 541 542 545 546 548 549 551 552 555 557 558 561 562 563 566 569 570 571 572 573 574 577 578 579 581 584 586 588 592 593 594 597 598 599 601 603 605 606 611 612 614 617 618 622 625 626 627 629 631 632 634 636 637 638 641 642 648 649 650 651 653 657 658 659 661 663 667 669 670 674 675 678 679 680 683 684 687 690 693 694 700 702 705 706 707 708 709 710 711 714 717 719 720 722 723 724 728 730 732 735 736 741 746 748 749 750 752 753 754 756 759 760 761 763 765 766 767 770 771 774 778 782 784 786 788 789 792 793 796 797 801 803 806 809 814 815 818 819 821 822 823 827 829 830 832 833 837 838 840 842 844 847 849 850 851 853 854 855 856 858 859 863 864 865 871 872 874 878 879 884 885 886 887 888 890 891 896 897 898 901 904 906 908 910 913 915 916 917 920 921 925 928 929 931 932 933 935 938 939 940 942 943 944 946 948 950 951 952 955 957 959 960 968 969 971 978 980 989 990 991 994 995 997 998 1000 1001 1002 1003 1006 1010 1011 1014 1017 1018 1019 1020 1024 1025 1027 1029 1032 1033 1034 1035 1036 1037 1038 1039 1042 1043 1044 1045 1046 1055 1058 1059 1061 1062 1063 1066 1070 1072 1073 1074 1081 1082 1083 1084 1086 1089 1092 1093 1094 1095 1097 1100 1101 1106 1108 1117 1120 1122 1124 1128 1134 1141 1146 1147 1150 1152 1158 1159 1160 1162 1165 1166 1167 1171 1172 1173 1175 1176 1179 1180 1182 1183 1184 1189 1190 1191 1192 1194 1195 1196 1198 1200 1201 1204 1205 1206 1209 1212 1216 1217 1218 1219 1220 1221 1222 1226 1229 1232 1233 1234 1237 1238 1241 1244 1245 1248 1257 1260 1262 1263 1265 1266 1269 1270 1271 1279 1286 1288 1289 1290 1291 1294 1299 1301 1306 1308 1309 1311 1312 1316 1320 1322 1327 1328 1329 1335 1336 1339 1344 1347 1348 1352 1357 1360 1362 1365 1374 1375 1377 1385 1386 

Test #22
1 3 5 11 14 20 23 26 28 29 30 31 32 40 41 43 48 51 57 58 65 66 69 76 77 80 89 92 95 103 107 117 118 123 127 138 140 141 145 151 153 162 163 174 175 182 183 184 185 186 189 192 197 199 204 212 214 219 220 223 236 241 245 250 254 257 258 259 262 265 269 274 275 290 293 300 301 306 309 312 313 316 321 325 330 334 336 338 339 341 342 355 359 366 368 370 375 377 378 380 383 384 387 390 392 395 401 402 403 404 405 406 407 410 419 421 422 435 437 438 440 448 450 455 461 466 467 470 472 475 476 479 486 487 489 490 491 492 501 502 505 512 519 522 537 538 539 540 541 542 545 546 548 549 551 552 555 557 561 562 563 566 570 571 572 578 579 581 584 592 593 598 599 603 605 611 614 618 625 626 627 629 637 638 641 642 648 649 651 658 659 661 667 669 670 678 679 680 690 693 694 702 705 706 707 709 711 717 719 722 723 724 728 730 732 736 741 746 756 760 763 766 767 770 771 778 784 786 793 796 797 806 809 814 815 818 821 822 827 829 830 833 837 838 840 842 844 847 849 850 851 853 854 855 856 858 859 863 871 874 878 879 885 886 890 901 904 906 910 913 915 916 917 921 925 928 929 931 932 933 935 939 942 950 951 952 955 957 959 960 968 978 980 990 991 994 998 1000 1001 1003 1010 1017 1018 1019 1020 1025 1029 1032 1034 1038 1039 1042 1043 1045 1058 1059 1061 1062 1070 1081 1082 1084 1086 1089 1092 1093 1094 1095 1106 1117 1120 1122 1124 1134 1141 1146 1147 1150 1152 1158 1159 1160 1162 1165 1167 1175 1176 1180 1182 1189 1194 1196 1201 1204 1205 1206 1209 1216 1217 1218 1220 1226 1232 1241 1244 1245 1248 1257 1262 1263 1266 1270 1271 1279 1286 1290 1291 1299 1301 1306 1308 1311 1320 1322 1327 1335 1336 1339 1344 1347 1352 1357 1362 1365 1374 1377 1385 

Test #23


Test #24
0 1 2 3 4 5 6 8 9 10 11 12 14 15 16 17 18 19 20 22 23 25 26 27 28 29 30 31 32 34 35 36 37 38 39 40 41 42 43 45 46 48 49 50 51 52 53 54 55 57 58 59 60 61 63 64 65 66 68 69 70 71 72 73 74 75 76 77 79 80 81 82 83 84 85 86 88 89 91 92 93 94 95 96 97 98 99 100 101 102 103 104 105 106 107 109 110 112 113 114 115 116 117 118 119 120 121 122 123 124 125 126 127 128 129 130 131 132 133 134 135 136 137 138 140 141 142 143 145 148 149 150 151 152 153 155 156 157 158 159 160 161 162 163 164 165 166 168 169 170 173 174 175 176 177 178 179 180 182 183 184 185 186 187 188 189 190 191 192 193 194 195 197 198 199 200 201 202 203 204 205 206 207 208 209 212 213 214 215 216 217 218 219 220 222 223 224 225 226 227 228 229 231 232 234 235 236 237 238 239 241 242 243 245 246 247 248 250 251 252 253 254 255 257 258 259 260 261 262 263 264 265 267 268 269 271 272 273 274 275 276 277 278 279 280 281 282 283 284 285 286 287 289 290 291 292 293 294 295 297 298 300 301 302 305 306 307 308 309 310 312 313 314 315 316 318 319 320 321 322 323 324 325 326 327 328 330 331 332 333 334 335 336 337 338 339 340 341 342 343 344 345 346 347 349 350 351 352 353 354 355 356 357 358 359 360 361 362 363 364 366 367 368 370 371 372 373 375 376 377 378 380 381 382 383 384 385 387 388 389 390 391 392 393 394 395 396 397 399 400 401 402 403 404 405 406 407 408 409 410 411 412 413 414 415 417 418 419 421 422 423 424 425 426 427 428 429 430 431 432 433 434 435 436 437 438 439 440 442 443 444 445 446 447 448 449 450 451 452 453 455 456 457 458 459 460 461 462 463 464 465 466 467 468 470 471 472 473 474 475 476 477 478 479 481 482 483 484 485 486 487 489 490 491 492 493 494 495 496 497 498 499 500 501 502 503 504 505 506 508 509 510 511 512 513 514 515 516 517 518 519 520 521 522 523 524 525 526 527 528 529 530 532 533 534 535 536 537 538 539 540 541 542 543 544 545 546 547 548 549 551 552 553 554 555 557 558 559 560 561 562 563 564 566 568 569 570 571 572 573 574 576 577 578 579 581 582 583 584 585 586 587 588 590 591 592 593 594 595 596 597 598 599 601 602 603 604 605 606 608 609 610 611 612 614 615 616 617 618 619 620 621 622 623 624 625 626 627 628 629 630 631 632 633 634 635 636 637 638 639 641 642 643 644 645 646 647 648 649 650 651 653 656 657 658 659 660 661 662 663 664 665 666 667 669 670 671 673 674 675 677 678 679 680 681 682 683 684 685 686 687 690 691 692 693 694 695 697 698 699 700 701 702 703 705 706 707 708 709 710 711 713 714 715 716 717 718 719 720 721 722 723 724 725 726 727 728 729 730 731 732 733 734 735 736 737 738 741 744 745 746 748 749 750 752 753 754 756 758 759 760 761 763 764 765 766 767 768 770 771 772 773 774 775 777 778 779 782 783 784 785 786 787 788 789 790 792 793 795 796 797 798 799 800 801 802 803 804 805 806 807 808 809 810 811 812 813 814 815 816 817 818 819 820 821 822 823 824 825 826 827 828 829 830 832 833 834 835 836 837 838 839 840 841 842 844 847 848 849 850 851 852 853 854 855 856 857 858 859 860 862 863 864 865 866 867 868 869 870 871 872 873 874 875 876 877 878 879 880 881 882 883 884 885 886 887 888 890 891 892 894 895 896 897 898 899 900 901 903 904 905 906 908 909 910 911 912 913 914 915 916 917 918 919 920 921 922 925 926 927 928 929 930 931 932 933 934 935 936 937 938 939 940 941 942 943 944 946 947 948 949 950 951 952 953 954 955 956 957 959 960 961 962 963 965 966 967 968 969 970 971 972 973 974 975 976 977 978 979 980 981 982 983 984 985 986 987 988 989 990 991 992 994 995 996 997 998 999 1000 1001 1002 1003 1004 1005 1006 1007 1008 1009 1010 1011 1012 1013 1014 1016 1017 1018 1019 1020 1021 1023 1024 1025 1027 1028 1029 1030 1031 1032 1033 1034 1035 1036 1037 1038 1039 1040 1041 1042 1043 1044 1045 1046 1048 1049 1051 1053 1054 1055 1056 1057 1058 1059 1060 1061 1062 1063 1064 1065 1066 1067 1069 1070 1071 1072 1073 1074 1075 1076 1077 1079 1080 1081 1082 1083 1084 1085 1086 1087 1088 1089 1090 1091 1092 1093 1094 1095 1096 1097 1098 1099 1100 1101 1102 1103 1104 1105 1106 1108 1109 1110 1112 1113 1114 1115 1117 1118 1119 1120 1121 1122 1123 1124 1125 1126 1127 1128 1129 1132 1133 1134 1136 1137 1138 1139 1140 1141 1142 1143 1144 1145 1146 1147 1148 1149 1150 1151 1152 1153 1154 1155 1157 1158 1159 1160 1161 1162 1163 1164 1165 1166 1167 1168 1169 1170 1171 1172 1173 1174 1175 1176 1177 1178 1179 1180 1181 1182 1183 1184 1186 1187 1188 1189 1190 1191 1192 1193 1194 1195 1196 1198 1199 1200 1201 1203 1204 1205 1206 1207 1208 1209 1210 1211 1212 1213 1215 1216 1217 1218 1219 1220 1221 1222 1223 1224 1225 1226 1227 1228 1229 1231 1232 1233 1234 1235 1236 1237 1238 1240 1241 1242 1243 1244 1245 1246 1247 1248 1249 1250 1252 1253 1255 1256 1257 1258 1260 1261 1262 1263 1264 1265 1266 1267 1268 1269 1270 1271 1272 1273 1274 1275 1276 1277 1278 1279 1280 1281 1282 1285 1286 1287 1288 1289 1290 1291 1292 1293 1294 1297 1299 1300 1301 1302 1303 1304 1305 1306 1307 1308 1309 1310 1311 1312 1314 1315 1316 1318 1320 1321 1322 1324 1326 1327 1328 1329 1330 1331 1332 1333 1334 1335 1336 1337 1338 1339 1341 1342 1343 1344 1346 1347 1348 1349 1350 1351 1352 1353 1354 1355 1356 1357 1359 1360 1362 1365 1366 1369 1372 1373 1374 1375 1376 1377 1379 1381 1382 1383 1385 1386 1387 1388 1389 

Test #25


Test #26
0 1 2 3 4 5 6 7 8 9 10 11 12 13 14 15 16 17 18 19 20 22 23 24 25 26 27 28 29 30 31 32 33 34 35 36 37 38 39 40 41 42 43 44 45 46 47 48 49 50 51 52 53 54 55 56 57 58 59 60 61 62 63 64 65 66 67 68 69 70 71 72 73 74 75 76 77 78 79 80 81 82 83 84 85 86 87 88 89 90 91 92 93 94 95 96 97 98 99 100 101 102 103 104 105 106 107 108 109 110 111 112 113 114 115 116 117 118 119 120 121 122 123 124 125 126 127 128 129 130 131 132 133 134 135 136 137 138 139 140 141 142 143 144 145 146 148 149 150 151 152 153 154 155 156 157 158 159 160 161 162 163 164 165 166 168 169 170 171 173 174 175 176 177 178 179 180 181 182 183 184 185 186 187 188 189 190 191 192 193 194 195 196 197 198 199 200 201 202 203 204 205 206 207 208 209 210 211 212 213 214 215 216 217 218 219 220 221 222 223 224 225 226 227 228 229 230 231 232 233 234 235 236 237 238 239 240 241 242 243 244 245 246 247 248 250 251 252 253 254 255 256 257 258 259 260 261 262 263 264 265 266 267 268 269 270 271 272 273 274 275 276 277 278 279 280 281 282 283 284 285 286 287 288 289 290 291 292 293 294 295 296 297 298 299 300 301 302 303 304 305 306 307 308 309 310 311 312 313 314 315 316 317 318 319 320 321 322 323 324 325 326 327 328 329 330 331 332 333 334 335 336 337 338 339 340 341 342 343 344 345 346 347 348 349 350 351 352 353 354 355 356 357 358 359 360 361 362 363 364 365 366 367 368 369 370 371 372 373 374 375 376 377 378 379 380 381 382 383 384 385 386 387 388 389 390 391 392 393 394 395 396 397 398 399 400 401 402 403 404 405 406 407 408 409 410 411 412 413 414 415 416 417 418 419 420 421 422 423 424 425 426 427 428 429 430 431 432 433 434 435 436 437 438 439 440 441 442 443 444 445 446 447 448 449 450 451 452 453 454 455 456 457 458 459 460 461 462 463 464 465 466 467 468 469 470 471 472 473 474 475 476 477 478 479 480 481 482 483 484 485 486 487 488 489 490 491 492 493 494 495 496 497 498 499 500 501 502 503 504 505 506 507 508 509 510 511 512 513 514 515 516 517 518 519 520 521 522 523 524 525 526 527 528 529 530 531 532 533 534 535 536 537 538 539 540 541 542 543 544 545 546 547 548 549 550 551 552 553 554 555 556 557 558 559 560 561 562 563 564 565 566 567 568 569 570 571 572 573 574 575 576 577 578 579 580 581 582 583 584 585 586 587 588 589 590 591 592 593 594 595 596 597 598 599 600 601 602 603 604 605 606 607 608 609 610 611 612 613 614 615 616 617 618 619 620 621 622 623 624 625 626 627 628 629 630 631 632 633 634 635 636 637 638 639 640 641 642 643 644 645 646 647 648 649 650 651 652 653 654 655 656 657 658 659 660 661 662 663 664 665 666 667 668 669 670 671 672 673 674 675 676 677 678 679 680 681 682 683 684 685 686 687 688 689 690 691 692 693 694 695 696 697 698 699 700 701 702 703 704 705 706 707 708 709 710 711 712 713 714 715 716 717 718 719 720 721 722 723 724 725 726 727 728 729 730 731 732 733 734 735 736 737 738 739 740 741 742 743 744 745 746 747 748 749 750 751 752 753 754 755 756 757 758 759 760 761 762 763 764 765 766 767 768 769 770 771 772 773 774 775 776 777 778 779 780 781 782 783 784 785 786 787 788 789 790 791 792 793 794 795 796 797 798 799 800 801 802 803 804 805 806 807 808 809 810 811 812 813 814 815 816 817 818 819 820 821 822 823 824 825 826 827 828 829 830 831 832 833 834 835 836 837 838 839 840 841 842 843 844 845 846 847 848 849 850 851 852 853 854 855 856 857 858 859 860 861 862 863 864 865 866 867 868 869 870 871 872 873 874 875 876 877 878 879 880 881 882 883 884 885 886 887 888 889 890 891 892 893 894 895 896 897 898 899 900 901 902 903 904 905 906 907 908 909 910 911 912 913 914 915 916 917 918 919 920 921 922 923 924 925 926 927 928 929 930 931 932 933 934 935 936 937 938 939 940 941 942 943 944 945 946 947 948 949 950 951 952 953 954 955 956 957 958 959 960 961 962 963 964 965 966 967 968 969 970 971 972 973 974 975 976 977 978 979 980 981 982 983 984 985 986 987 988 989 990 991 992 993 994 995 996 997 998 999 1000 1001 1002 1003 1004 1005 1006 1007 1008 1009 1010 1011 1012 1013 1014 1015 1016 1017 1018 1019 1020 1021 1022 1023 1024 1025 1026 1027 1028 1029 1030 1031 1032 1033 1034 1035 1036 1037 1038 1039 1040 1041 1042 1043 1044 1045 1046 1047 1048 1049 1050 1051 1052 1053 1054 1055 1056 1057 1058 1059 1060 1061 1062 1063 1064 1065 1066 1067 1068 1069 1070 1071 1072 1073 1074 1075 1076 1077 1078 1079 1080 1081 1082 1083 1084 1085 1086 1087 1088 1089 1090 1091 1092 1093 1094 1095 1096 1097 1098 1099 1100 1101 1102 1103 1104 1105 1106 1107 1108 1109 1110 1111 1112 1113 1114 1115 1116 1117 1118 1119 1120 1121 1122 1123 1124 1125 1126 1127 1128 1129 1130 1131 1132 1133 1134 1135 1136 1137 1138 1139 1140 1141 1142 1143 1144 1145 1146 1147 1148 1149 1150 1151 1152 1153 1154 1155 1156 1157 1158 1159 1160 1161 1162 1163 1164 1165 1166 1167 1168 1169 1170 1171 1172 1173 1174 1175 1176 1177 1178 1179 1180 1181 1182 1183 1184 1185 1186 1187 1188 1189 1190 1191 1192 1193 1194 1195 1196 1197 1198 1199 1200 1201 1202 1203 1204 1205 1206 1207 1208 1209 1210 1211 1212 1213 1214 1215 1216 1217 1218 1219 1220 1221 1222 1223 1224 1225 1226 1227 1228 1229 1230 1231 1232 1233 1234 1235 1236 1237 1238 1239 1240 1241 1242 1243 1244 1245 1246 1247 1248 1249 1250 1251 1252 1253 1255 1256 1257 1258 1259 1260 1261 1262 1263 1264 1265 1266 1267 1268 1269 1270 1271 1272 1273 1274 1275 1276 1277 1278 1279 1280 1281 1282 1283 1284 1285 1286 1287 1288 1289 1290 1291 1292 1293 1294 1295 1296 1297 1298 1299 1300 1301 1302 1303 1304 1305 1306 1307 1308 1309 1310 1311 1312 1313 1314 1315 1316 1317 1318 1319 1320 1321 1322 1323 1324 1325 1326 1327 1328 1329 1330 1331 1332 1333 1334 1335 1336 1337 1338 1339 1340 1341 1342 1343 1344 1345 1346 1347 1348 1349 1350 1351 1352 1353 1354 1355 1356 1357 1358 1359 1360 1361 1362 1363 1365 1366 1367 1368 1369 1370 1371 1372 1373 1374 1375 1376 1377 1378 1379 1380 1381 1382 1383 1384 1385 1386 1387 1388 1389 

Test #27


Test #28


Test #29


Test #30
130 336 476 549 

Test #31
5 6 8 10 12 14 16 18 19 20 23 26 27 28 29 30 32 34 41 46 50 51 53 58 66 69 72 77 81 88 97 98 103 105 106 107 109 112 117 118 119 120 122 124 125 127 130 134 138 141 148 151 153 156 160 161 162 163 166 174 178 182 183 186 187 189 190 193 197 198 203 204 205 206 220 222 224 228 232 234 235 238 241 242 246 247 254 257 259 260 261 262 269 274 275 276 278 281 285 289 290 293 295 297 298 312 316 318 321 327 328 331 334 336 338 339 344 346 350 352 354 355 356 357 359 361 362 366 371 373 377 380 381 382 383 384 387 388 394 395 396 400 401 404 406 410 411 412 415 422 423 425 426 427 431 435 436 438 439 440 446 447 448 450 451 452 453 455 456 458 460 461 463 464 467 468 470 471 473 475 476 479 484 485 489 491 492 494 495 501 503 513 514 522 528 532 534 536 538 546 552 553 554 558 563 564 571 572 574 577 592 593 595 596 598 599 605 609 615 617 618 620 625 626 627 631 632 633 634 636 637 638 641 642 646 649 653 656 657 658 659 661 663 669 670 673 675 677 678 680 684 687 690 693 694 699 702 705 706 709 710 711 717 719 722 723 725 731 732 734 736 748 749 750 752 756 763 765 766 767 770 771 772 779 783 784 788 789 790 792 795 796 800 802 803 804 805 809 813 819 820 821 822 823 827 832 835 836 837 838 840 841 842 849 850 853 854 856 858 859 862 864 865 866 871 874 875 877 879 884 885 887 890 891 892 896 899 904 905 908 910 911 912 913 916 920 921 922 925 926 929 931 932 935 940 943 950 951 960 965 969 973 974 975 978 989 990 991 995 1000 1001 1003 1004 1005 1010 1012 1014 1017 1018 1019 1021 1027 1029 1030 1033 1034 1042 1043 1044 1045 1051 1053 1055 1058 1059 1063 1065 1070 1073 1074 1076 1080 1081 1082 1083 1086 1088 1091 1092 1095 1097 1099 1102 1108 1109 1112 1114 1120 1122 1123 1124 1127 1134 1140 1141 1142 1149 1150 1152 1157 1158 1159 1160 1165 1167 1170 1171 1172 1173 1176 1178 1182 1183 1184 1187 1188 1189 1190 1191 1193 1194 1195 1198 1201 1203 1205 1206 1207 1208 1212 1215 1218 1224 1227 1228 1229 1234 1235 1236 1237 1246 1248 1249 1252 1253 1260 1264 1265 1266 1269 1272 1273 1274 1278 1279 1281 1282 1286 1288 1302 1305 1306 1312 1315 1316 1328 1331 1333 1336 1341 1344 1348 1350 1352 1355 1356 1362 1383 1385 1387 

Test #32
3 31 41 48 76 162 175 182 184 186 254 258 275 300 301 330 336 338 355 366 384 387 390 402 407 422 440 472 476 489 490 502 512 537 542 545 549 557 561 563 579 614 618 622 638 648 709 723 732 746 760 771 806 818 829 830 847 851 855 871 886 901 904 913 928 942 959 968 990 994 1020 1038 1042 1062 1081 1084 1093 1094 1124 1162 1205 1206 1216 1217 1245 1257 1279 1291 1308 1311 1327 1336 1347 1357 

Test #33
1 2 4 5 6 7 8 9 10 11 12 13 14 16 17 18 19 20 22 23 24 25 26 27 28 29 30 32 34 35 36 37 38 39 41 42 43 44 45 46 47 48 49 50 51 52 53 54 55 56 58 59 60 61 62 63 64 65 66 67 68 69 72 73 74 75 77 78 80 81 82 83 84 85 86 88 90 91 93 94 95 96 97 98 99 101 102 103 104 105 106 107 108 109 110 111 112 113 115 117 118 119 120 121 122 123 124 125 126 127 129 130 131 132 133 134 136 138 139 140 141 144 145 146 148 150 151 152 153 154 155 156 157 158 160 161 162 163 164 166 168 170 174 175 176 178 180 181 182 183 184 185 186 187 188 189 190 191 192 193 194 196 197 198 200 201 202 203 204 205 206 208 210 213 215 216 217 218 220 221 222 224 225 228 229 230 232 233 234 235 236 237 238 239 240 241 242 244 245 246 247 248 251 252 254 256 257 259 260 261 262 263 265 267 268 269 272 273 274 275 276 277 278 279 280 281 282 283 284 285 286 287 289 290 291 293 294 295 296 297 298 302 303 304 305 307 308 309 311 312 313 314 316 317 318 319 320 321 326 327 328 329 330 331 334 335 336 338 339 340 341 342 343 344 345 346 347 348 349 350 351 352 354 355 356 357 358 359 361 362 364 365 366 367 369 370 371 372 373 374 376 377 378 379 380 381 382 383 384 385 386 387 388 390 391 392 394 395 396 397 398 399 400 401 402 403 404 406 407 408 409 410 411 412 413 414 415 416 417 419 420 421 422 423 424 425 426 427 428 429 430 431 432 433 435 436 438 439 440 441 442 443 445 446 447 448 449 450 451 452 453 455 456 458 459 460 461 462 463 464 465 466 467 468 469 470 471 473 474 475 476 477 479 480 481 482 484 485 486 488 489 490 491 492 493 494 495 497 498 499 500 501 502 503 506 507 509 510 511 513 514 516 517 518 519 520 521 522 523 524 525 526 527 528 529 530 531 532 533 534 536 538 539 540 542 543 544 545 546 548 549 550 551 552 553 554 555 556 557 558 559 560 561 562 563 564 565 567 568 570 571 572 574 576 577 579 580 581 582 585 589 590 591 592 593 595 596 598 599 602 603 605 607 608 609 611 613 615 616 617 618 619 620 621 623 624 625 626 627 628 630 631 632 633 634 635 636 637 638 639 640 641 642 644 645 646 647 649 651 652 653 654 656 657 658 659 661 662 663 664 665 666 667 668 669 670 671 672 673 674 675 676 677 678 680 681 682 684 685 686 687 688 689 690 691 692 693 694 697 699 701 702 703 704 705 706 707 709 710 711 712 713 715 716 717 718 719 720 721 722 723 724 725 726 727 728 729 730 731 732 733 734 736 737 738 739 740 742 743 745 746 748 749 750 751 752 754 755 756 757 758 760 763 764 765 766 767 768 770 771 772 773 775 776 777 778 779 780 781 783 784 785 787 788 789 790 791 792 793 795 796 797 798 799 800 802 803 804 805 807 808 809 810 811 812 813 815 816 817 819 820 821 822 823 824 825 826 827 829 831 832 833 835 836 837 838 839 840 841 842 844 845 848 849 850 851 852 853 854 856 857 858 859 860 861 862 863 864 865 866 867 868 869 871 873 874 875 877 878 879 880 881 882 883 884 885 887 890 891 892 893 894 895 896 899 902 903 904 905 907 908 909 910 911 912 913 916 917 919 920 921 922 923 924 925 926 927 928 929 930 931 932 934 935 936 937 939 940 941 943 945 949 950 951 952 953 955 956 957 960 962 963 964 965 966 968 969 970 972 973 974 975 976 977 978 979 980 981 982 984 985 986 987 988 989 990 991 992 993 995 997 998 999 1000 1001 1002 1003 1004 1005 1007 1008 1009 1010 1012 1014 1015 1016 1017 1018 1019 1021 1022 1023 1025 1026 1027 1028 1029 1030 1031 1033 1034 1035 1037 1039 1040 1041 1042 1043 1044 1045 1047 1049 1050 1051 1053 1054 1055 1056 1057 1058 1059 1060 1061 1062 1063 1064 1065 1068 1070 1071 1072 1073 1074 1075 1076 1078 1079 1080 1081 1082 1083 1084 1085 1086 1087 1088 1089 1090 1091 1092 1094 1095 1096 1097 1098 1099 1102 1103 1105 1106 1107 1108 1109 1110 1111 1112 1113 1114 1115 1116 1117 1118 1120 1121 1122 1123 1124 1125 1126 1127 1130 1131 1132 1134 1135 1137 1138 1139 1140 1141 1142 1143 1144 1146 1148 1149 1150 1151 1152 1154 1155 1157 1158 1159 1160 1162 1165 1167 1168 1169 1170 1171 1172 1173 1174 1176 1177 1178 1179 1180 1182 1183 1184 1185 1186 1187 1188 1189 1190 1191 1193 1194 1195 1196 1197 1198 1199 1201 1202 1203 1205 1206 1207 1208 1210 1211 1212 1214 1215 1216 1218 1219 1223 1224 1225 1226 1227 1228 1229 1230 1232 1233 1234 1235 1236 1237 1239 1242 1243 1244 1246 1248 1249 1251 1252 1253 1255 1256 1258 1259 1260 1261 1264 1265 1266 1267 1268 1269 1272 1273 1274 1276 1277 1278 1279 1280 1281 1282 1283 1284 1286 1288 1289 1290 1295 1297 1298 1299 1300 1301 1302 1303 1304 1305 1306 1307 1310 1312 1313 1314 1315 1316 1318 1319 1320 1321 1322 1323 1324 1326 1328 1330 1331 1332 1333 1334 1335 1336 1337 1338 1340 1341 1343 1344 1345 1346 1347 1348 1349 1350 1352 1353 1355 1356 1358 1361 1362 1363 1365 1366 1368 1369 1370 1371 1372 1374 1376 1378 1379 1380 1381 1382 1383 1385 1387 1388 1389 

Test #34
0 1 2 3 4 5 6 7 8 9 10 11 12 13 14 15 16 17 18 19 20 22 23 24 25 26 27 28 29 30 31 32 33 34 35 36 37 38 39 40 41 42 43 44 45 46 47 48 49 50 51 52 53 54 55 56 57 58 59 60 61 62 63 64 65 66 67 68 69 70 71 72 73 74 75 76 77 78 79 80 81 82 83 84 85 86 87 88 89 90 91 92 93 94 95 96 97 98 99 100 101 102 103 104 105 106 107 108 109 110 112 113 114 115 116 117 118 119 120 121 122 123 124 125 126 127 128 129 130 131 132 133 134 135 136 137 138 139 140 141 142 143 145 146 148 149 150 151 152 153 154 155 156 157 158 159 160 161 162 163 164 165 166 168 169 170 171 173 174 175 176 177 178 179 180 181 182 183 184 185 186 187 188 189 190 191 192 193 194 195 196 197 198 199 200 201 202 203 204 205 206 207 208 209 210 211 212 213 214 215 216 217 218 219 220 221 222 223 224 225 226 227 228 229 230 231 232 233 234 235 236 237 238 239 240 241 242 243 244 245 246 247 248 250 251 252 253 254 255 256 257 258 259 260 261 262 263 264 265 266 267 268 269 270 271 272 273 274 275 276 277 278 279 280 281 282 283 284 285 286 287 288 289 290 291 292 293 294 295 296 297 298 299 300 301 302 303 304 305 306 307 308 309 310 311 312 313 314 315 316 317 318 319 320 321 322 323 324 325 326 327 328 329 330 331 332 333 334 335 336 337 338 339 340 341 342 343 344 345 346 347 348 349 350 351 352 353 354 355 356 357 358 359 360 361 362 363 364 365 366 367 368 369 370 371 372 373 374 375 376 377 378 379 380 381 382 383 384 385 386 387 388 389 390 391 392 393 394 395 396 397 398 399 400 401 402 403 404 405 406 407 408 409 410 411 412 413 414 415 416 417 418 419 420 421 422 423 424 425 426 427 428 429 430 431 432 433 434 435 436 437 438 439 440 441 442 443 444 445 446 447 448 449 450 451 452 453 454 455 456 457 458 459 460 461 462 463 464 465 466 467 468 469 470 471 472 473 474 475 476 477 478 479 480 481 482 483 484 485 486 487 488 489 490 491 492 493 494 495 496 497 498 499 500 501 502 503 504 505 506 507 508 509 510 511 512 513 514 515 516 517 518 519 520 521 522 523 524 525 526 527 528 529 530 531 532 533 534 535 536 537 538 539 540 541 542 543 544 545 546 547 548 549 550 551 552 553 554 555 556 557 558 559 560 561 562 563 564 565 566 568 569 570 571 572 573 574 575 576 577 578 579 580 581 582 583 584 585 586 587 588 589 590 591 592 593 594 595 596 597 598 599 600 601 602 603 604 605 606 607 608 609 610 611 612 613 614 615 616 617 618 619 620 621 622 623 624 625 626 627 628 629 630 631 632 633 634 635 636 637 638 639 640 641 642 643 644 645 646 647 648 649 650 651 652 653 654 655 656 657 658 659 660 661 662 663 664 665 666 667 668 669 670 671 672 673 674 675 676 677 678 679 680 681 682 683 684 685 686 687 689 690 691 692 693 694 695 696 697 698 699 700 701 702 703 704 705 706 707 708 709 710 711 712 713 714 715 716 717 718 719 720 721 722 723 724 725 726 727 728 729 730 731 732 733 734 735 736 737 738 739 740 741 742 743 744 745 746 747 748 749 750 751 752 753 754 756 757 758 759 760 761 762 763 764 765 766 767 768 769 770 771 772 773 774 775 777 778 779 781 782 783 784 785 786 787 788 789 790 791 792 793 794 795 796 797 798 799 800 801 802 803 804 805 806 807 808 809 810 811 812 813 814 815 816 817 818 819 820 821 822 823 824 825 826 827 828 829 830 831 832 833 834 835 836 837 838 839 840 841 842 843 844 847 848 849 850 851 852 853 854 855 856 857 858 859 860 862 863 864 865 866 867 868 869 870 871 872 873 874 875 876 877 878 879 880 881 882 883 884 885 886 887 888 889 890 891 892 893 894 895 896 897 898 899 900 901 902 903 904 905 906 907 908 909 910 911 912 913 914 915 916 917 918 919 920 921 922 923 925 926 927 928 929 930 931 932 933 934 935 936 937 938 939 940 941 942 943 944 945 946 947 948 949 950 951 952 953 954 955 956 957 958 959 960 961 962 963 964 965 966 967 968 969 970 971 972 973 974 975 976 977 978 979 980 981 982 983 984 985 986 987 988 989 990 991 992 993 994 995 996 997 998 999 1000 1001 1002 1003 1004 1005 1006 1007 1008 1009 1010 1011 1012 1013 1014 1015 1016 1017 1018 1019 1020 1021 1022 1023 1024 1025 1026 1027 1028 1029 1030 1031 1032 1033 1034 1035 1036 1037 1038 1039 1040 1041 1042 1043 1044 1045 1046 1047 1048 1049 1050 1051 1052 1053 1054 1055 1056 1057 1058 1059 1060 1061 1062 1063 1064 1065 1066 1067 1068 1069 1070 1071 1072 1073 1074 1075 1076 1077 1078 1079 1080 1081 1082 1083 1084 1085 1086 1087 1088 1089 1090 1091 1092 1093 1094 1095 1096 1097 1098 1099 1100 1101 1102 1103 1104 1105 1106 1107 1108 1109 1110 1111 1112 1113 1114 1115 1116 1117 1118 1119 1120 1121 1122 1123 1124 1125 1126 1127 1128 1129 1130 1131 1132 1133 1134 1136 1137 1138 1139 1140 1141 1142 1143 1144 1145 1146 1147 1148 1149 1150 1151 1152 1153 1154 1155 1156 1157 1158 1159 1160 1161 1162 1163 1164 1165 1166 1167 1168 1169 1170 1171 1172 1173 1174 1175 1176 1177 1178 1179 1180 1181 1182 1183 1184 1185 1186 1187 1188 1189 1190 1191 1192 1193 1194 1195 1196 1197 1198 1199 1200 1201 1202 1203 1204 1205 1206 1207 1208 1209 1210 1211 1212 1213 1214 1215 1216 1217 1218 1219 1220 1221 1222 1223 1224 1225 1226 1227 1228 1229 1231 1232 1233 1234 1235 1236 1237 1238 1239 1240 1241 1242 1243 1244 1245 1246 1247 1248 1249 1250 1251 1252 1253 1255 1256 1257 1258 1259 1260 1261 1262 1263 1264 1265 1266 1267 1268 1269 1270 1271 1272 1273 1274 1275 1276 1277 1278 1279 1280 1281 1282 1283 1284 1285 1286 1287 1288 1289 1290 1291 1292 1293 1294 1296 1297 1299 1300 1301 1302 1303 1304 1305 1306 1307 1308 1309 1310 1311 1312 1313 1314 1315 1316 1318 1319 1320 1321 1322 1323 1324 1325 1326 1327 1328 1329 1330 1331 1332 1333 1334 1335 1336 1337 1338 1339 1340 1341 1342 1343 1344 1345 1346 1347 1348 1349 1350 1351 1352 1353 1354 1355 1356 1357 1358 1359 1360 1361 1362 1363 1365 1366 1367 1368 1369 1371 1372 1373 1374 1375 1376 1377 1378 1379 1380 1381 1382 1383 1385 1386 1387 1388 1389 

Test #35
0 1 2 3 4 5 6 7 8 9 10 11 12 13 14 15 16 17 18 19 20 22 23 24 25 26 27 28 29 30 31 32 33 34 35 36 37 38 39 40 41 42 43 44 45 46 47 48 49 50 51 52 53 54 55 56 57 58 59 60 61 62 63 64 65 66 67 68 69 70 71 72 73 74 75 76 77 78 79 80 81 82 83 84 85 86 87 88 89 90 91 92 93 94 95 96 97 98 99 100 101 102 103 104 105 106 107 108 109 110 111 112 113 114 115 116 117 118 119 120 121 122 123 124 125 126 127 128 129 130 131 132 133 134 135 136 137 138 139 140 141 142 143 144 145 146 148 149 150 151 152 153 154 155 156 157 158 159 160 161 162 163 164 165 166 168 169 170 171 173 174 175 176 177 178 179 180 181 182 183 184 185 186 187 188 189 190 191 192 193 194 195 196 197 198 199 200 201 202 203 204 205 206 207 208 209 210 211 212 213 214 215 216 217 218 219 220 221 222 223 224 225 226 227 228 229 230 231 232 233 234 235 236 237 238 239 240 241 242 243 244 245 246 247 248 250 251 252 253 254 255 256 257 258 259 260 261 262 263 264 265 266 267 268 269 270 271 272 273 274 275 276 277 278 279 280 281 282 283 284 285 286 287 288 289 290 291 292 293 294 295 296 297 298 299 300 301 302 303 304 305 306 307 308 309 310 311 312 313 314 315 316 317 318 319 320 321 322 323 324 325 326 327 328 329 330 331 332 333 334 335 336 337 338 339 340 341 342 343 344 345 346 347 348 349 350 351 352 353 354 355 356 357 358 359 360 361 362 363 364 365 366 367 368 369 370 371 372 373 374 375 376 377 378 379 380 381 382 383 384 385 386 387 388 389 390 391 392 393 394 395 396 397 398 399 400 401 402 403 404 405 406 407 408 409 410 411 412 413 414 415 416 417 418 419 420 421 422 423 424 425 426 427 428 429 430 431 432 433 434 435 436 437 438 439 440 441 442 443 444 445 446 447 448 449 450 451 452 453 454 455 456 457 458 459 460 461 462 463 464 465 466 467 468 469 470 471 472 473 474 475 476 477 478 479 480 481 482 483 484 485 486 487 488 489 490 491 492 493 494 495 496 497 498 499 500 501 502 503 504 505 506 507 508 509 510 511 512 513 514 515 516 517 518 519 520 521 522 523 524 525 526 527 528 529 530 531 532 533 534 535 536 537 538 539 540 541 542 543 544 545 546 547 548 549 550 551 552 553 554 555 556 557 558 559 560 561 562 563 564 565 566 567 568 569 570 571 572 573 574 575 576 577 578 579 580 581 582 583 584 585 586 587 588 589 590 591 592 593 594 595 596 597 598 599 600 601 602 603 604 605 606 607 608 609 610 611 612 613 614 615 616 617 618 619 620 621 622 623 624 625 626 627 628 629 630 631 632 633 634 635 636 637 638 639 640 641 642 643 644 645 646 647 648 649 650 651 652 653 654 655 656 657 658 659 660 661 662 663 664 665 666 667 668 669 670 671 672 673 674 675 676 677 678 679 680 681 682 683 684 685 686 687 688 689 690 691 692 693 694 695 696 697 698 699 700 701 702 703 704 705 706 707 708 709 710 711 712 713 714 715 716 717 718 719 720 721 722 723 724 725 726 727 728 729 730 731 732 733 734 735 736 737 738 739 740 741 742 743 744 745 746 747 748 749 750 751 752 753 754 755 756 757 758 759 760 761 762 763 764 765 766 767 768 769 770 771 772 773 774 775 776 777 778 779 780 781 782 783 784 785 786 787 788 789 790 791 792 793 794 795 796 797 798 799 800 801 802 803 804 805 806 807 808 809 810 811 812 813 814 815 816 817 818 819 820 821 822 823 824 825 826 827 828 829 830 831 832 833 834 835 836 837 838 839 840 841 842 843 844 845 846 847 848 849 850 851 852 853 854 855 856 857 858 859 860 861 862 863 864 865 866 867 868 869 870 871 872 873 874 875 876 877 878 879 880 881 882 883 884 885 886 887 888 889 890 891 892 893 894 895 896 897 898 899 900 901 902 903 904 905 906 907 908 909 910 911 912 913 914 915 916 917 918 919 920 921 922 923 924 925 926 927 928 929 930 931 932 933 934 935 936 937 938 939 940 941 942 943 944 945 946 947 948 949 950 951 952 953 954 955 956 957 958 959 960 961 962 963 964 965 966 967 968 969 970 971 972 973 974 975 976 977 978 979 980 981 982 983 984 985 986 987 988 989 990 991 992 993 994 995 996 997 998 999 1000 1001 1002 1003 1004 1005 1006 1007 1008 1009 1010 1011 1012 1013 1014 1015 1016 1017 1018 1019 1020 1021 1022 1023 1024 1025 1026 1027 1028 1029 1030 1031 1032 1033 1034 1035 1036 1037 1038 1039 1040 1041 1042 1043 1044 1045 1046 1047 1048 1049 1050 1051 1052 1053 1054 1055 1056 1057 1058 1059 1060 1061 1062 1063 1064 1065 1066 1067 1068 1069 1070 1071 1072 1073 1074 1075 1076 1077 1078 1079 1080 1081 1082 1083 1084 1085 1086 1087 1088 1089 1090 1091 1092 1093 1094 1095 1096 1097 1098 1099 1100 1101 1102 1103 1104 1105 1106 1107 1108 1109 1110 1111 1112 1113 1114 1115 1116 1117 1118 1119 1120 1121 1122 1123 1124 1125 1126 1127 1128 1129 1130 1131 1132 1133 1134 1135 1136 1137 1138 1139 1140 1141 1142 1143 1144 1145 1146 1147 1148 1149 1150 1151 1152 1153 1154 1155 1156 1157 1158 1159 1160 1161 1162 1163 1164 1165 1166 1167 1168 1169 1170 1171 1172 1173 1174 1175 1176 1177 1178 1179 1180 1181 1182 1183 1184 1185 1186 1187 1188 1189 1190 1191 1192 1193 1194 1195 1196 1197 1198 1199 1200 1201 1202 1203 1204 1205 1206 1207 1208 1209 1210 1211 1212 1213 1214 1215 1216 1217 1218 1219 1220 1221 1222 1223 1224 1225 1226 1227 1228 1229 1230 1231 1232 1233 1234 1235 1236 1237 1238 1239 1240 1241 1242 1243 1244 1245 1246 1247 1248 1249 1250 1251 1252 1253 1255 1256 1257 1258 1259 1260 1261 1262 1263 1264 1265 1266 1267 1268 1269 1270 1271 1272 1273 1274 1275 1276 1277 1278 1279 1280 1281 1282 1283 1284 1285 1286 1287 1288 1289 1290 1291 1292 1293 1294 1295 1296 1297 1298 1299 1300 1301 1302 1303 1304 1305 1306 1307 1308 1309 1310 1311 1312 1313 1314 1315 1316 1318 1319 1320 1321 1322 1323 1324 1325 1326 1327 1328 1329 1330 1331 1332 1333 1334 1335 1336 1337 1338 1339 1340 1341 1342 1343 1344 1345 1346 1347 1348 1349 1350 1351 1352 1353 1354 1355 1356 1357 1358 1359 1360 1361 1362 1363 1365 1366 1367 1368 1369 1370 1371 1372 1373 1374 1375 1376 1377 1378 1379 1380 1381 1382 1383 1384 1385 1386 1387 1388 1389 

Test #36
0 1 2 3 4 5 6 7 8 9 10 11 12 13 14 15 16 17 18 19 20 22 23 24 25 26 27 28 29 30 31 32 33 34 35 36 37 38 39 40 41 42 43 44 45 46 47 48 49 50 51 52 53 54 55 56 57 58 59 60 61 62 63 64 65 66 67 68 69 70 71 72 73 74 75 76 77 78 79 80 81 82 83 84 85 86 87 88 89 90 91 92 93 94 95 96 97 98 99 100 101 102 103 104 105 106 107 108 109 110 112 113 114 115 116 117 118 119 120 121 122 123 124 125 126 127 128 129 130 131 132 133 134 135 136 137 138 139 140 141 142 143 145 146 148 149 150 151 152 153 154 155 156 157 158 159 160 161 162 163 164 165 166 168 169 170 171 173 174 175 176 177 178 179 180 181 182 183 184 185 186 187 188 189 190 191 192 193 194 195 196 197 198 199 200 201 202 203 204 205 206 207 208 209 210 211 212 213 214 215 216 217 218 219 220 221 222 223 224 225 226 227 228 229 230 231 232 233 234 235 236 237 238 239 240 241 242 243 244 245 246 247 248 250 251 252 253 254 255 256 257 258 259 260 261 262 263 264 265 266 267 268 269 270 271 272 273 274 275 276 277 278 279 280 281 282 283 284 285 286 287 288 289 290 291 292 293 294 295 296 297 298 299 300 301 302 303 304 305 306 307 308 309 310 311 312 313 314 315 316 317 318 319 320 321 322 323 324 325 326 327 328 329 330 331 332 333 334 335 336 337 338 339 340 341 342 343 344 345 346 347 348 349 350 351 352 353 354 355 356 357 358 359 360 361 362 363 364 365 366 367 368 369 370 371 372 373 374 375 376 377 378 379 380 381 382 383 384 385 386 387 388 389 390 391 392 393 394 395 396 397 398 399 400 401 402 403 404 405 406 407 408 409 410 411 412 413 414 415 416 417 418 419 420 421 422 423 424 425 426 427 428 429 430 431 432 433 434 435 436 437 438 439 440 441 442 443 444 445 446 447 448 449 450 451 452 453 454 455 456 457 458 459 460 461 462 463 464 465 466 467 468 469 470 471 472 473 474 475 476 477 478 479 480 481 482 483 484 485 486 487 488 489 490 491 492 493 494 495 496 497 498 499 500 501 502 503 504 505 506 507 508 509 510 511 512 513 514 515 516 517 518 519 520 521 522 523 524 525 526 527 528 529 530 531 532 533 534 535 536 537 538 539 540 541 542 543 544 545 546 547 548 549 550 551 552 553 554 555 556 557 558 559 560 561 562 563 564 565 566 568 569 570 571 572 573 574 575 576 577 578 579 580 581 582 583 584 585 586 587 588 589 590 591 592 593 594 595 596 597 598 599 600 601 602 603 604 605 606 607 608 609 610 611 612 613 614 615 616 617 618 619 620 621 622 623 624 625 626 627 628 629 630 631 632 633 634 635 636 637 638 639 640 641 642 643 644 645 646 647 648 649 650 651 652 653 654 655 656 657 658 659 660 661 662 663 664 665 666 667 668 669 670 671 672 673 674 675 676 677 678 679 680 681 682 683 684 685 686 687 689 690 691 692 693 694 695 696 697 698 699 700 701 702 703 704 705 706 707 708 709 710 711 712 713 714 715 716 717 718 719 720 721 722 723 724 725 726 727 728 729 730 731 732 733 734 735 736 737 738 739 740 741 742 743 744 745 746 747 748 749 750 751 752 753 754 756 757 758 759 760 761 762 763 764 765 766 767 768 769 770 771 772 773 774 775 777 778 779 780 781 782 783 784 785 786 787 788 789 790 791 792 793 794 795 796 797 798 799 800 801 802 803 804 805 806 807 808 809 810 811 812 813 814 815 816 817 818 819 820 821 822 823 824 825 826 827 828 829 830 831 832 833 834 835 836 837 838 839 840 841 842 843 844 847 848 849 850 851 852 853 854 855 856 857 858 859 860 862 863 864 865 866 867 868 869 870 871 872 873 874 875 876 877 878 879 880 881 882 883 884 885 886 887 888 889 890 891 892 893 894 895 896 897 898 899 900 901 902 903 904 905 906 907 908 909 910 911 912 913 914 915 916 917 918 919 920 921 922 923 924 925 926 927 928 929 930 931 932 933 934 935 936 937 938 939 940 941 942 943 944 945 946 947 948 949 950 951 952 953 954 955 956 957 958 959 960 961 962 963 964 965 966 967 968 969 970 971 972 973 974 975 976 977 978 979 980 981 982 983 984 985 986 987 988 989 990 991 992 993 994 995 996 997 998 999 1000 1001 1002 1003 1004 1005 1006 1007 1008 1009 1010 1011 1012 1013 1014 1015 1016 1017 1018 1019 1020 1021 1022 1023 1024 1025 1026 1027 1028 1029 1030 1031 1032 1033 1034 1035 1036 1037 1038 1039 1040 1041 1042 1043 1044 1045 1046 1047 1048 1049 1050 1051 1052 1053 1054 1055 1056 1057 1058 1059 1060 1061 1062 1063 1064 1065 1066 1067 1068 1069 1070 1071 1072 1073 1074 1075 1076 1077 1078 1079 1080 1081 1082 1083 1084 1085 1086 1087 1088 1089 1090 1091 1092 1093 1094 1095 1096 1097 1098 1099 1100 1101 1102 1103 1104 1105 1106 1107 1108 1109 1110 1111 1112 1113 1114 1115 1116 1117 1118 1119 1120 1121 1122 1123 1124 1125 1126 1127 1128 1129 1130 1131 1132 1133 1134 1136 1137 1138 1139 1140 1141 1142 1143 1144 1145 1146 1147 1148 1149 1150 1151 1152 1153 1154 1155 1156 1157 1158 1159 1160 1161 1162 1163 1164 1165 1166 1167 1168 1169 1170 1171 1172 1173 1174 1175 1176 1177 1178 1179 1180 1181 1182 1183 1184 1185 1186 1187 1188 1189 1190 1191 1192 1193 1194 1195 1196 1197 1198 1199 1200 1201 1202 1203 1204 1205 1206 1207 1208 1209 1210 1211 1212 1213 1214 1215 1216 1217 1218 1219 1220 1221 1222 1223 1224 1225 1226 1227 1228 1229 1231 1232 1233 1234 1235 1236 1237 1238 1239 1240 1241 1242 1243 1244 1245 1246 1247 1248 1249 1250 1251 1252 1253 1255 1256 1257 1258 1259 1260 1261 1262 1263 1264 1265 1266 1267 1268 1269 1270 1271 1272 1273 1274 1275 1276 1277 1278 1279 1280 1281 1282 1283 1284 1285 1286 1287 1288 1289 1290 1291 1292 1293 1294 1296 1297 1299 1300 1301 1302 1303 1304 1305 1306 1307 1308 1309 1310 1311 1312 1313 1314 1315 1316 1318 1319 1320 1321 1322 1323 1324 1325 1326 1327 1328 1329 1330 1331 1332 1333 1334 1335 1336 1337 1338 1339 1340 1341 1342 1343 1344 1345 1346 1347 1348 1349 1350 1351 1352 1353 1354 1355 1356 1357 1358 1359 1360 1361 1362 1363 1365 1366 1367 1368 1369 1371 1372 1373 1374 1375 1376 1377 1378 1379 1380 1381 1382 1383 1385 1386 1387 1388 1389 

Test #37


Test #38
34 133 348 567 589 636 798 832 836 984 

Test #39
0 1 2 3 4 5 6 7 8 9 10 11 12 13 14 16 17 18 19 20 22 23 24 25 26 27 28 29 30 31 32 33 34 35 36 37 38 39 40 41 42 43 44 45 46 47 48 49 50 51 52 53 54 55 56 57 58 59 60 61 62 63 64 65 66 67 68 69 70 71 72 73 74 75 76 77 78 79 80 81 82 83 84 85 86 87 88 89 90 91 92 93 94 95 96 97 98 99 100 101 102 103 104 105 106 107 108 109 110 111 112 113 114 115 116 117 118 119 120 121 122 123 124 125 126 127 128 129 130 131 132 133 134 135 136 137 138 139 140 141 142 143 144 145 146 148 149 150 151 152 153 154 155 156 157 158 159 160 161 162 163 164 165 166 168 169 170 171 173 174 175 176 177 178 179 180 181 182 183 184 185 186 187 188 189 190 191 192 193 194 195 196 197 198 199 200 201 202 203 204 205 206 207 208 209 210 211 212 213 214 215 216 217 218 219 220 221 222 223 224 225 226 227 228 229 230 231 232 233 234 235 236 237 238 239 240 241 242 243 244 245 246 247 248 250 251 252 253 254 256 257 258 259 260 261 262 263 264 265 266 267 268 269 270 271 272 273 274 275 276 277 278 279 280 281 282 283 284 285 286 287 288 289 290 291 292 293 294 295 296 297 298 299 300 301 302 303 304 305 306 307 308 309 310 311 312 313 314 315 316 317 318 319 320 321 322 323 324 325 326 327 328 329 330 331 332 333 334 335 336 337 338 339 340 341 342 343 344 345 346 347 348 349 350 351 352 353 354 355 356 357 358 359 360 361 362 363 364 365 366 367 368 369 370 371 372 373 374 375 376 377 378 379 380 381 382 383 384 385 386 387 388 389 390 391 392 393 394 395 396 397 398 399 400 401 402 403 404 405 406 407 408 409 410 411 412 413 414 415 416 417 418 419 420 421 422 423 424 425 426 427 428 429 430 431 432 433 434 435 436 437 438 439 440 441 442 443 444 445 446 447 448 449 450 451 452 453 454 455 456 457 458 459 460 461 462 463 464 465 466 467 468 469 470 471 472 473 474 475 476 477 478 479 480 481 482 483 484 485 486 487 488 489 490 491 492 493 494 495 496 497 498 499 500 501 502 503 504 505 506 507 508 509 510 511 512 513 514 515 516 517 518 519 520 521 522 523 524 525 526 527 528 529 530 531 532 533 534 535 536 537 538 539 540 541 542 543 544 545 546 547 548 549 550 551 552 553 554 555 556 557 558 559 560 561 562 563 564 565 566 567 568 569 570 571 572 573 574 575 576 577 578 579 580 581 582 583 584 585 586 587 588 589 590 591 592 593 594 595 596 597 598 599 600 601 602 603 604 605 606 607 608 609 610 611 612 613 614 615 616 617 618 619 620 621 622 623 624 625 626 627 628 629 630 631 632 633 634 635 636 637 638 639 640 641 642 643 644 645 646 647 648 649 650 651 652 653 654 655 656 657 658 659 660 661 662 663 664 665 666 667 668 669 670 671 672 673 674 675 676 677 678 679 680 681 682 683 684 685 686 687 688 689 690 691 692 693 694 695 696 697 698 699 700 701 702 703 704 705 706 707 708 709 710 711 712 713 714 715 716 717 718 719 720 721 722 723 724 725 726 727 728 729 730 731 732 733 734 735 736 737 738 739 740 741 742 743 744 745 746 747 748 749 750 751 752 753 754 755 756 757 758 759 760 761 762 763 764 765 766 767 768 769 770 771 772 773 774 775 776 777 778 779 780 781 782 783 784 785 786 787 788 789 790 791 792 793 794 795 796 797 798 799 800 801 802 803 804 805 806 807 808 809 810 811 812 813 814 815 816 817 818 819 820 821 822 823 824 825 826 827 828 829 830 831 832 833 834 835 836 837 838 839 840 841 842 843 844 845 846 847 848 849 850 851 852 853 854 855 856 857 858 859 860 861 862 863 864 865 866 867 868 869 870 871 872 873 874 875 876 877 878 879 880 881 882 883 884 885 886 887 888 889 890 891 892 893 894 895 896 897 898 899 900 901 902 903 904 905 906 907 908 909 910 911 912 913 914 915 916 917 918 919 920 921 922 923 924 925 926 927 928 929 930 931 932 933 934 935 936 937 938 939 940 941 942 943 944 945 946 947 948 949 950 951 952 953 954 955 956 957 958 959 960 961 962 963 964 965 966 967 968 969 970 971 972 973 974 975 976 977 978 979 980 981 982 983 984 985 986 987 988 989 990 991 992 993 994 995 996 997 998 999 1000 1001 1002 1003 1004 1005 1006 1007 1008 1009 1010 1011 1012 1013 1014 1015 1016 1017 1018 1019 1020 1021 1022 1023 1024 1025 1026 1027 1028 1029 1030 1031 1032 1033 1034 1035 1036 1037 1038 1039 1040 1041 1042 1043 1044 1045 1046 1047 1048 1049 1050 1051 1052 1053 1054 1055 1056 1057 1058 1059 1060 1061 1062 1063 1064 1065 1066 1067 1068 1069 1070 1071 1072 1073 1074 1075 1076 1077 1078 1079 1080 1081 1082 1083 1084 1085 1086 1087 1088 1089 1090 1091 1092 1093 1094 1095 1096 1097 1098 1099 1100 1101 1102 1103 1104 1105 1106 1107 1108 1109 1110 1111 1112 1113 1114 1115 1116 1117 1118 1119 1120 1121 1122 1123 1124 1125 1126 1127 1128 1129 1130 1131 1132 1133 1134 1135 1136 1137 1138 1139 1140 1141 1142 1143 1144 1145 1146 1147 1148 1149 1150 1151 1152 1153 1154 1155 1156 1157 1158 1159 1160 1161 1162 1163 1164 1165 1166 1167 1168 1169 1170 1171 1172 1173 1174 1175 1176 1177 1178 1179 1180 1181 1182 1183 1184 1185 1186 1187 1188 1189 1190 1191 1192 1193 1194 1195 1196 1197 1198 1199 1200 1201 1202 1203 1204 1205 1206 1207 1208 1209 1210 1211 1212 1213 1214 1215 1216 1217 1218 1219 1220 1221 1222 1223 1224 1225 1226 1227 1228 1229 1230 1231 1232 1233 1234 1235 1236 1237 1238 1239 1240 1241 1242 1243 1244 1245 1246 1247 1248 1249 1250 1251 1252 1253 1255 1256 1257 1258 1259 1260 1261 1262 1263 1264 1265 1266 1267 1268 1269 1270 1271 1272 1273 1274 1275 1276 1277 1278 1279 1280 1281 1282 1283 1284 1285 1286 1287 1288 1289 1290 1291 1292 1294 1295 1296 1297 1298 1299 1300 1301 1302 1303 1304 1305 1306 1307 1308 1309 1310 1311 1312 1313 1314 1315 1316 1318 1319 1320 1321 1322 1323 1324 1325 1326 1327 1328 1329 1330 1331 1332 1333 1334 1335 1336 1337 1338 1339 1340 1341 1342 1343 1344 1345 1346 1347 1348 1349 1350 1351 1352 1353 1354 1355 1356 1357 1358 1360 1361 1362 1363 1365 1366 1367 1368 1369 1370 1371 1372 1373 1374 1375 1376 1377 1378 1379 1380 1381 1382 1383 1384 1385 1386 1387 1388 1389 

Test #40
0 1 2 3 4 5 6 7 8 9 10 11 12 13 14 16 17 18 19 20 22 23 24 25 26 27 28 29 30 31 32 33 34 35 36 37 38 39 40 41 42 43 44 45 46 47 48 49 50 51 52 53 54 55 56 57 58 59 60 61 62 63 64 65 66 67 68 69 70 71 72 73 74 75 76 77 78 79 80 81 82 83 84 85 86 87 88 89 90 91 92 93 94 95 96 97 98 99 100 101 102 103 104 105 106 107 108 109 110 111 112 113 114 115 116 117 118 119 120 121 122 123 124 125 126 127 128 129 130 131 132 133 134 135 136 137 138 139 140 141 142 143 144 145 146 148 149 150 151 152 153 154 155 156 157 158 159 160 161 162 163 164 165 166 168 169 170 171 173 174 175 176 177 178 179 180 181 182 183 184 185 186 187 188 189 190 191 192 193 194 195 196 197 198 199 200 201 202 203 204 205 206 207 208 209 210 211 212 213 214 215 216 217 218 219 220 221 222 223 224 225 226 227 228 229 230 231 232 233 234 235 236 237 238 239 240 241 242 243 244 245 246 247 248 250 251 252 253 254 256 257 258 259 260 261 262 263 264 265 266 267 268 269 270 271 272 273 274 275 276 277 278 279 280 281 282 283 284 285 286 287 288 289 290 291 292 293 294 295 296 297 298 299 300 301 302 303 304 305 306 307 308 309 310 311 312 313 314 315 316 317 318 319 320 321 322 323 324 325 326 327 328 329 330 331 332 333 334 335 336 337 338 339 340 341 342 343 344 345 346 347 348 349 350 351 352 353 354 355 356 357 358 359 360 361 362 363 364 365 366 367 368 369 370 371 372 373 374 375 376 377 378 379 380 381 382 383 384 385 386 387 388 389 390 391 392 393 394 395 396 397 398 399 400 401 402 403 404 405 406 407 408 409 410 411 412 413 414 415 416 417 418 419 420 421 422 423 424 425 426 427 428 429 430 431 432 433 434 435 436 437 438 439 440 441 442 443 444 445 446 447 448 449 450 451 452 453 454 455 456 457 458 459 460 461 462 463 464 465 466 467 468 469 470 471 472 473 474 475 476 477 478 479 480 481 482 483 484 485 486 487 488 489 490 491 492 493 494 495 496 497 498 499 500 501 502 503 504 505 506 507 508 509 510 511 512 513 514 515 516 517 518 519 520 521 522 523 524 525 526 527 528 529 530 531 532 533 534 535 536 537 538 539 540 541 542 543 544 545 546 547 548 549 550 551 552 553 554 555 556 557 558 559 560 561 562 563 564 565 566 567 568 569 570 571 572 573 574 575 576 577 578 579 580 581 582 583 584 585 586 587 588 589 590 591 592 593 594 595 596 597 598 599 600 601 602 603 604 605 606 607 608 609 610 611 612 613 614 615 616 617 618 619 620 621 622 623 624 625 626 627 628 629 630 631 632 633 634 635 636 637 638 639 640 641 642 643 644 645 646 647 648 649 650 651 652 653 654 655 656 657 658 659 660 661 662 663 664 665 666 667 668 669 670 671 672 673 674 675 676 677 678 679 680 681 682 683 684 685 686 687 688 689 690 691 692 693 694 695 696 697 698 699 700 701 702 703 704 705 706 707 708 709 710 711 712 713 714 715 716 717 718 719 720 721 722 723 724 725 726 727 728 729 730 731 732 733 734 735 736 737 738 739 740 741 742 743 744 745 746 747 748 749 750 751 752 753 754 756 757 758 759 760 761 762 763 764 765 766 767 768 769 770 771 772 773 774 775 777 778 779 780 781 782 783 784 785 786 787 788 789 790 791 792 793 794 795 796 797 798 799 800 801 802 803 804 805 806 807 808 809 810 811 812 813 814 815 816 817 818 819 820 821 822 823 824 825 826 827 828 829 830 831 832 833 834 835 836 837 838 839 840 841 842 843 844 845 846 847 848 849 850 851 852 853 854 855 856 857 858 859 860 861 862 863 864 865 866 867 868 869 870 871 872 873 874 875 876 877 878 879 880 881 882 883 884 885 886 887 888 889 890 891 892 893 894 895 896 897 898 899 900 901 902 903 904 905 906 907 908 909 910 911 912 913 914 915 916 917 918 919 920 921 922 923 924 925 926 927 928 929 930 931 932 933 934 935 936 937 938 939 940 941 942 943 944 945 946 947 948 949 950 951 952 953 954 955 956 957 958 959 960 961 962 963 964 965 966 967 968 969 970 971 972 973 974 975 976 977 978 979 980 981 982 983 984 985 986 987 988 989 990 991 992 993 994 995 996 997 998 999 1000 1001 1002 1003 1004 1005 1006 1007 1008 1009 1010 1011 1012 1013 1014 1015 1016 1017 1018 1019 1020 1021 1022 1023 1024 1025 1026 1027 1028 1029 1030 1031 1032 1033 1034 1035 1036 1037 1038 1039 1040 1041 1042 1043 1044 1045 1046 1047 1048 1049 1050 1051 1052 1053 1054 1055 1056 1057 1058 1059 1060 1061 1062 1063 1064 1065 1066 1067 1068 1069 1070 1071 1072 1073 1074 1075 1076 1077 1078 1079 1080 1081 1082 1083 1084 1085 1086 1087 1088 1089 1090 1091 1092 1093 1094 1095 1096 1097 1098 1099 1100 1101 1102 1103 1104 1105 1106 1107 1108 1109 1110 1111 1112 1113 1114 1115 1116 1117 1118 1119 1120 1121 1122 1123 1124 1125 1126 1127 1128 1129 1130 1131 1132 1133 1134 1135 1136 1137 1138 1139 1140 1141 1142 1143 1144 1145 1146 1147 1148 1149 1150 1151 1152 1153 1154 1155 1156 1157 1158 1159 1160 1161 1162 1163 1164 1165 1166 1167 1168 1169 1170 1171 1172 1173 1174 1175 1176 1177 1178 1179 1180 1181 1182 1183 1184 1185 1186 1187 1188 1189 1190 1191 1192 1193 1194 1195 1196 1197 1198 1199 1200 1201 1202 1203 1204 1205 1206 1207 1208 1209 1210 1211 1212 1213 1214 1215 1216 1217 1218 1219 1220 1221 1222 1223 1224 1225 1226 1227 1228 1229 1230 1231 1232 1233 1234 1235 1236 1237 1238 1239 1240 1241 1242 1243 1244 1245 1246 1247 1248 1249 1250 1251 1252 1253 1255 1256 1257 1258 1259 1260 1261 1262 1263 1264 1265 1266 1267 1268 1269 1270 1271 1272 1273 1274 1275 1276 1277 1278 1279 1280 1281 1282 1283 1284 1285 1286 1287 1288 1289 1290 1291 1292 1294 1295 1296 1297 1298 1299 1300 1301 1302 1303 1304 1305 1306 1307 1308 1309 1310 1311 1312 1313 1314 1315 1316 1318 1319 1320 1321 1322 1323 1324 1325 1326 1327 1328 1329 1330 1331 1332 1333 1334 1335 1336 1337 1338 1339 1340 1341 1342 1343 1344 1345 1346 1347 1348 1349 1350 1351 1352 1353 1354 1355 1356 1357 1358 1360 1361 1362 1363 1365 1366 1367 1368 1369 1370 1371 1372 1373 1374 1375 1376 1377 1378 1379 1380 1381 1382 1383 1384 1385 1386 1387 1388 1389 

Test #41


Test #42
0 3 29 31 32 38 40 41 43 48 54 57 65 66 68 71 76 77 95 130 135 141 142 145 159 162 169 174 175 177 182 183 184 186 199 204 223 227 250 253 254 257 258 269 275 293 300 301 302 310 312 315 316 330 336 338 339 342 355 360 364 366 375 384 387 390 393 395 401 402 405 407 410 422 428 435 437 440 457 466 472 476 483 485 487 489 490 498 502 504 506 512 519 527 537 541 542 545 549 552 555 557 561 563 571 573 578 579 588 593 597 599 605 606 614 618 622 638 648 649 651 659 661 667 670 678 679 680 683 700 707 708 709 714 717 719 723 732 746 760 766 767 770 771 796 806 818 822 829 830 838 840 844 847 849 851 855 858 863 871 878 879 886 897 898 901 904 913 916 921 928 942 946 951 959 960 968 990 994 997 1000 1001 1006 1011 1018 1020 1024 1025 1029 1036 1038 1042 1045 1058 1059 1062 1081 1084 1089 1093 1094 1101 1120 1122 1124 1147 1150 1162 1167 1176 1192 1194 1196 1204 1205 1206 1216 1217 1218 1245 1257 1263 1271 1279 1286 1291 1308 1311 1327 1329 1336 1339 1347 1357 1360 1375 

Test #43
0 1 3 5 6 8 9 10 11 12 14 16 18 19 20 23 26 27 28 29 30 31 32 34 38 39 40 41 42 43 46 48 50 51 53 54 57 58 63 65 66 68 69 70 71 72 73 76 77 79 80 81 83 88 89 92 93 95 96 97 98 101 103 105 106 107 109 112 115 116 117 118 119 120 122 123 124 125 127 128 130 131 134 135 136 137 138 140 141 142 143 145 148 151 153 156 157 158 159 160 161 162 163 165 166 168 169 173 174 175 177 178 179 182 183 184 185 186 187 189 190 192 193 195 197 198 199 201 203 204 205 206 207 208 209 212 213 214 215 218 219 220 222 223 224 226 227 228 231 232 234 235 236 238 241 242 243 245 246 247 248 250 253 254 257 258 259 260 261 262 264 265 269 271 273 274 275 276 277 278 281 284 285 289 290 292 293 295 297 298 300 301 302 305 306 307 309 310 312 313 315 316 318 321 323 324 325 326 327 328 330 331 332 333 334 335 336 338 339 341 342 344 346 350 352 353 354 355 356 357 359 360 361 362 363 364 366 368 370 371 372 373 375 377 378 380 381 382 383 384 387 388 389 390 392 393 394 395 396 400 401 402 403 404 405 406 407 410 411 412 413 415 419 421 422 423 424 425 426 427 428 431 433 434 435 436 437 438 439 440 444 446 447 448 450 451 452 453 455 456 457 458 460 461 463 464 466 467 468 470 471 472 473 474 475 476 478 479 481 482 483 484 485 486 487 489 490 491 492 494 495 496 498 499 500 501 502 503 504 505 506 508 512 513 514 517 519 522 525 527 528 532 534 536 537 538 539 540 541 542 543 545 546 547 548 549 551 552 553 554 555 557 558 560 561 562 563 564 566 568 569 570 571 572 573 574 577 578 579 581 583 584 585 586 587 588 590 592 593 594 595 596 597 598 599 601 602 603 605 606 609 610 611 612 614 615 617 618 620 622 623 625 626 627 629 631 632 633 634 636 637 638 641 642 643 645 646 648 649 650 651 653 656 657 658 659 661 663 667 669 670 673 674 675 677 678 679 680 681 682 683 684 687 690 693 694 695 698 699 700 702 705 706 707 708 709 710 711 714 717 719 720 722 723 724 725 728 730 731 732 734 735 736 737 741 746 748 749 750 752 753 754 756 759 760 761 763 765 766 767 768 770 771 772 774 778 779 782 783 784 786 788 789 790 792 793 795 796 797 798 800 801 802 803 804 805 806 808 809 811 813 814 815 818 819 820 821 822 823 824 827 829 830 832 833 834 835 836 837 838 840 841 842 844 847 849 850 851 852 853 854 855 856 858 859 862 863 864 865 866 871 872 874 875 877 878 879 881 884 885 886 887 888 890 891 892 896 897 898 899 900 901 904 905 906 908 910 911 912 913 915 916 917 920 921 922 925 926 928 929 931 932 933 935 938 939 940 942 943 944 946 947 948 950 951 952 955 957 959 960 961 965 966 967 968 969 971 973 974 975 978 980 981 983 987 989 990 991 994 995 996 997 998 1000 1001 1002 1003 1004 1005 1006 1010 1011 1012 1014 1017 1018 1019 1020 1021 1024 1025 1027 1029 1030 1032 1033 1034 1035 1036 1037 1038 1039 1042 1043 1044 1045 1046 1048 1051 1053 1055 1056 1058 1059 1061 1062 1063 1065 1066 1067 1070 1072 1073 1074 1075 1076 1077 1080 1081 1082 1083 1084 1086 1087 1088 1089 1090 1091 1092 1093 1094 1095 1097 1099 1100 1101 1102 1104 1106 1108 1109 1112 1113 1114 1117 1120 1122 1123 1124 1125 1126 1127 1128 1129 1133 1134 1139 1140 1141 1142 1145 1146 1147 1149 1150 1152 1153 1155 1157 1158 1159 1160 1162 1163 1164 1165 1166 1167 1168 1170 1171 1172 1173 1175 1176 1178 1179 1180 1182 1183 1184 1186 1187 1188 1189 1190 1191 1192 1193 1194 1195 1196 1198 1200 1201 1203 1204 1205 1206 1207 1208 1209 1210 1211 1212 1215 1216 1217 1218 1219 1220 1221 1222 1224 1226 1227 1228 1229 1232 1233 1234 1235 1236 1237 1238 1241 1244 1245 1246 1247 1248 1249 1250 1252 1253 1257 1260 1262 1263 1264 1265 1266 1267 1269 1270 1271 1272 1273 1274 1275 1278 1279 1281 1282 1285 1286 1287 1288 1289 1290 1291 1294 1299 1301 1302 1305 1306 1308 1309 1311 1312 1315 1316 1320 1321 1322 1327 1328 1329 1331 1333 1335 1336 1339 1341 1344 1346 1347 1348 1350 1352 1354 1355 1356 1357 1360 1362 1365 1366 1372 1373 1374 1375 1376 1377 1383 1385 1386 1387 

Test #44
2 4 5 8 10 14 19 28 32 34 37 49 50 53 59 62 64 69 78 84 85 90 91 94 98 99 109 110 117 118 119 120 122 126 133 136 146 148 150 155 156 160 166 174 178 180 182 189 190 191 193 194 200 201 206 216 217 221 224 225 228 235 238 247 251 252 256 263 267 269 276 280 281 289 293 294 295 296 298 303 304 308 311 314 319 321 326 328 331 336 338 339 340 343 352 354 355 356 358 369 373 374 383 391 394 404 410 411 414 416 424 429 430 432 433 441 446 447 449 450 455 456 459 460 461 462 465 473 477 491 494 507 509 510 511 516 520 521 522 523 524 526 529 530 531 533 534 536 550 553 554 560 564 568 571 574 585 589 599 609 615 623 635 636 637 639 642 644 646 649 653 663 664 668 670 672 673 689 690 692 693 694 701 713 721 722 729 731 739 740 749 757 758 770 773 777 779 785 787 795 798 799 800 804 805 809 813 816 817 832 835 836 848 853 857 859 860 862 864 865 873 883 890 892 893 894 899 905 910 911 912 913 919 926 927 949 953 956 962 963 970 972 973 978 984 985 987 988 992 993 1000 1004 1009 1015 1016 1026 1030 1034 1041 1044 1047 1051 1055 1059 1060 1064 1065 1068 1079 1080 1082 1088 1091 1095 1096 1098 1099 1103 1110 1111 1112 1123 1124 1132 1137 1138 1141 1149 1151 1152 1168 1173 1183 1187 1203 1206 1207 1223 1229 1235 1239 1249 1256 1258 1261 1264 1266 1272 1274 1276 1277 1281 1284 1303 1304 1306 1307 1324 1326 1330 1337 1341 1349 1353 1358 1369 1378 1381 1383 

Test #45
57 483 487 717 767 1163 1293 

Test #46
2 4 5 6 7 8 9 10 12 13 14 16 17 18 19 20 22 23 24 25 26 27 28 29 30 32 34 35 36 37 38 39 41 42 43 45 46 47 49 50 51 52 53 54 55 56 58 59 60 61 62 63 64 65 66 67 68 69 72 73 74 75 77 78 81 82 83 84 85 86 88 90 91 93 94 96 97 98 99 102 103 104 105 106 107 109 110 112 113 115 117 118 119 120 121 122 124 125 126 127 129 130 131 133 134 136 138 139 141 146 148 150 151 152 153 154 155 156 157 158 160 161 162 163 164 166 168 170 174 176 178 180 181 182 183 186 187 188 189 190 191 193 194 196 197 198 200 201 202 203 204 205 206 208 210 213 215 216 217 220 221 222 224 225 228 229 230 232 233 234 235 236 237 238 239 240 241 242 244 245 246 247 251 252 254 256 257 259 260 261 262 263 265 267 268 269 272 273 274 275 276 277 278 279 280 281 282 283 284 285 286 287 289 290 291 293 294 295 296 297 298 302 303 304 307 308 309 311 312 314 316 317 318 319 320 321 326 327 328 329 330 331 334 335 336 338 339 340 342 343 344 345 346 347 348 349 350 351 352 354 355 356 357 358 359 361 362 364 366 367 369 370 371 372 373 374 376 377 379 380 381 382 383 384 385 386 387 388 391 392 394 395 396 397 398 399 400 401 402 404 406 408 409 410 411 412 413 414 415 416 417 419 422 423 424 425 426 427 428 429 430 431 432 433 435 436 438 439 440 441 442 443 445 446 447 448 449 450 451 452 453 455 456 458 459 460 461 462 463 464 465 466 467 468 469 470 471 473 474 475 476 477 479 481 482 484 485 488 489 491 492 493 494 495 497 498 500 501 503 506 507 509 510 511 513 514 516 517 518 519 520 521 522 523 524 525 526 528 529 530 531 532 533 534 536 538 539 540 542 543 544 545 546 550 552 553 554 556 558 560 561 562 563 564 565 568 571 572 574 576 577 580 581 582 585 589 590 591 592 593 595 596 598 599 602 603 605 607 608 609 611 613 615 616 617 618 619 620 621 623 624 625 626 627 628 630 631 632 633 634 635 636 637 638 639 640 641 642 644 646 647 649 651 652 653 654 656 657 658 659 661 662 663 664 665 667 668 669 670 671 672 673 674 675 676 677 678 680 681 682 684 685 686 687 689 690 691 692 693 694 697 699 701 702 703 705 706 709 710 711 712 713 715 716 717 718 719 720 721 722 723 725 726 727 729 731 732 733 734 736 737 738 739 740 742 743 745 746 748 749 750 751 752 754 756 757 758 763 764 765 766 767 768 770 771 772 773 775 777 779 781 783 784 785 787 788 789 790 791 792 793 795 796 798 799 800 802 803 804 805 807 808 809 810 811 812 813 815 816 817 819 820 821 822 823 825 826 827 831 832 833 835 836 837 838 839 840 841 842 844 848 849 850 852 853 854 856 857 858 859 860 862 864 865 866 867 868 869 871 873 874 875 877 879 880 881 882 883 884 885 887 890 891 892 893 894 895 896 899 902 903 904 905 907 908 909 910 911 912 913 916 917 919 920 921 922 923 925 926 927 928 929 930 931 932 935 936 937 939 940 941 943 945 949 950 951 952 953 956 960 962 963 964 965 966 968 969 970 972 973 974 975 976 977 978 979 980 982 984 985 986 987 988 989 990 991 992 993 995 997 999 1000 1001 1002 1003 1004 1005 1007 1008 1009 1010 1012 1014 1015 1016 1017 1018 1019 1021 1023 1025 1026 1027 1028 1029 1030 1031 1033 1034 1037 1039 1040 1041 1042 1043 1044 1045 1047 1049 1050 1051 1053 1054 1055 1056 1057 1058 1059 1060 1063 1064 1065 1068 1070 1071 1073 1074 1075 1076 1078 1079 1080 1081 1082 1083 1084 1085 1086 1087 1088 1089 1090 1091 1092 1095 1096 1097 1098 1099 1102 1103 1105 1107 1108 1109 1110 1111 1112 1113 1114 1115 1116 1118 1120 1121 1122 1123 1124 1125 1126 1127 1130 1131 1132 1134 1137 1138 1139 1140 1141 1142 1143 1144 1146 1148 1149 1150 1151 1152 1154 1155 1157 1158 1159 1160 1165 1167 1168 1169 1170 1171 1172 1173 1174 1176 1177 1178 1179 1180 1182 1183 1184 1185 1186 1187 1188 1189 1190 1191 1193 1194 1195 1198 1199 1201 1202 1203 1205 1206 1207 1208 1210 1211 1212 1215 1216 1218 1219 1223 1224 1225 1226 1227 1228 1229 1233 1234 1235 1236 1237 1239 1242 1243 1244 1246 1248 1249 1251 1252 1253 1255 1256 1258 1259 1260 1261 1264 1265 1266 1267 1268 1269 1272 1273 1274 1276 1277 1278 1279 1281 1282 1283 1284 1286 1288 1297 1300 1301 1302 1303 1304 1305 1306 1307 1310 1312 1313 1314 1315 1316 1318 1319 1321 1322 1323 1324 1326 1328 1330 1331 1332 1333 1334 1335 1336 1337 1338 1340 1341 1343 1344 1345 1346 1348 1349 1350 1352 1353 1355 1356 1358 1361 1362 1363 1366 1368 1369 1371 1378 1379 1380 1381 1382 1383 1385 1387 1388 1389 

Test #47


Test #48
4 5 6 8 10 12 14 17 18 19 22 26 27 28 30 32 34 35 36 37 41 46 49 50 51 52 53 55 59 60 61 64 66 69 75 77 81 84 85 91 94 97 98 99 107 109 110 117 118 119 120 122 124 127 130 133 134 136 138 141 148 151 153 155 156 160 161 163 166 174 178 180 182 186 187 188 189 190 191 193 194 197 198 201 206 208 217 220 222 224 225 228 235 237 238 239 241 247 251 252 257 260 262 268 269 272 274 276 277 280 281 283 284 285 286 289 290 291 293 294 295 298 312 319 321 326 328 331 336 338 339 343 344 345 351 352 354 355 356 361 362 366 367 371 373 376 380 382 383 384 388 394 395 396 397 400 401 404 408 409 410 411 414 415 422 423 424 425 426 427 431 432 433 435 436 438 439 442 443 445 446 447 449 450 453 455 456 459 460 461 462 463 464 465 467 468 471 473 474 475 476 477 479 491 492 494 495 501 503 509 510 511 514 516 518 520 521 522 524 526 528 529 530 533 534 536 538 543 544 546 553 554 558 560 563 564 568 571 572 574 577 582 585 593 596 599 609 615 617 618 620 623 625 628 631 633 634 636 637 639 642 644 646 649 653 657 659 662 663 664 665 670 673 678 687 690 692 693 694 697 699 701 702 705 710 711 713 716 717 718 722 723 725 726 727 731 732 734 738 745 748 749 750 756 758 764 766 768 770 771 773 777 779 784 785 787 788 789 790 795 796 798 799 800 802 804 805 807 809 810 813 816 817 819 820 821 822 825 826 827 832 835 836 838 839 841 848 849 853 854 857 859 860 862 864 865 867 868 871 873 874 875 877 879 880 883 884 885 887 890 891 892 894 896 899 905 909 910 911 912 913 916 919 920 921 922 926 927 931 935 940 943 949 951 953 963 965 966 969 970 972 973 976 978 984 985 987 988 992 1000 1001 1003 1004 1005 1007 1008 1009 1012 1014 1016 1018 1019 1021 1023 1027 1029 1030 1034 1040 1041 1043 1044 1045 1049 1051 1055 1058 1059 1060 1064 1065 1070 1071 1073 1076 1079 1080 1082 1083 1088 1091 1092 1095 1096 1097 1098 1099 1102 1103 1109 1110 1112 1113 1114 1120 1121 1122 1123 1124 1125 1132 1134 1137 1138 1141 1142 1143 1144 1149 1150 1151 1152 1154 1155 1158 1167 1168 1170 1171 1173 1178 1183 1184 1187 1189 1190 1191 1193 1194 1195 1203 1206 1207 1215 1223 1224 1225 1228 1229 1234 1235 1236 1242 1248 1249 1252 1253 1255 1256 1258 1260 1261 1264 1266 1268 1269 1272 1274 1276 1277 1279 1281 1282 1286 1297 1305 1306 1310 1312 1315 1318 1324 1326 1330 1331 1332 1333 1336 1337 1338 1341 1344 1348 1349 1350 1353 1355 1356 1362 1369 1383 1389 

