Test #1
2026 

Test #2


Test #3
81 84 123 131 139 147 164 218 229 274 313 348 398 513 552 565 706 741 768 847 876 894 998 1009 1053 1110 1191 1194 1201 1238 1248 1255 1274 1284 1325 1335 1385 1442 1444 1453 1464 1580 1606 1692 1912 2228 

Test #4
6268 

Test #5
61 88 90 827 1886 2985 3416 3588 4080 4086 4810 4865 4869 4898 5057 5062 5091 5115 5131 5158 5173 5271 5285 5309 5310 5323 5344 5361 5434 5442 5456 5459 5516 5566 5603 5645 5684 5722 5758 5766 5787 5796 5802 5852 5868 5927 6033 6087 

Test #6


Test #7


Test #8


Test #9
4182 4751 5148 5984 6382 

Test #10


Test #11
1344 

Test #12
260 379 2952 4827 4884 5301 5558 

Test #13


Test #14


Test #15


Test #16


Test #17


Test #18
3398 3554 4206 

Test #19


Test #20
760 1875 1886 2829 2973 2985 3210 3218 3262 4080 4703 4784 4968 5037 5062 5265 5266 5381 5421 5536 5715 5828 5867 5906 6044 6055 6075 6081 6087 6088 6099 6119 6154 6189 6195 6228 6243 6297 6315 6335 6345 6361 6498 6547 6556 6563 6565 6572 6597 6611 6648 6651 6661 6692 6695 6743 

Test #21
691 722 1444 1703 1940 2017 2078 2344 2533 2612 2614 2779 2863 2925 2979 3005 3050 3059 3216 3226 3554 3616 3628 

Test #22
633 

Test #23


Test #24


Test #25


Test #26


Test #27


Test #28


Test #29


Test #30
4602 

Test #31
77 3999 4263 4520 5104 5399 

Test #32
61 88 90 234 827 1803 1886 2985 3659 4080 4086 4204 4272 4462 4531 4664 4810 4865 4898 4900 4922 4999 5117 5143 5167 5173 5207 5255 5256 5285 5310 5318 5323 5358 5390 5406 5418 5456 5488 5498 5581 5599 5603 5616 5705 5761 5766 

Test #33
143 684 760 774 2525 3046 3106 3218 3262 3416 3693 3776 3844 4017 4161 4168 4204 4213 4266 4322 4422 4437 4572 4612 4633 4708 4773 4843 4874 

Test #34
15 45 61 64 77 94 115 167 226 232 266 361 402 459 548 605 632 695 752 811 891 913 989 1056 1082 1097 1098 1189 1216 1587 1620 1669 1736 1747 1851 1955 1983 2013 2179 2188 2209 2286 2318 2334 2358 2360 2389 2407 2410 2460 2550 2555 2564 2567 2618 2652 2702 2733 2755 2798 2819 2837 2845 2851 2877 2899 2922 

Test #35
61 260 379 441 869 1213 1418 1747 1886 2025 2318 2368 2546 2895 3046 3270 3292 3293 3410 3445 3520 3531 3539 3708 3715 3725 3746 3776 3827 3829 3873 3946 3961 4014 4017 4026 4046 4048 4103 4113 4126 4143 4152 4178 4190 4241 4247 4277 4278 4281 4409 4414 4418 

Test #36
98 767 852 978 1010 1024 1211 1335 1342 2149 2158 2216 2675 2826 3127 3136 3321 3360 3395 3396 3404 

Test #37
4049 5408 

Test #38


Test #39


Test #40


Test #41
5006 

Test #42


Test #43
144 201 444 716 729 798 1680 2676 2964 3144 3257 3298 3339 3436 3747 3785 3874 3901 3917 3957 4021 4157 4191 4214 4284 4288 4303 4327 4375 4389 4457 4489 4491 4565 4606 4621 4744 4785 4801 4809 4895 4901 4945 4966 

Test #44
144 184 224 412 442 919 1680 2197 3130 

Test #45


Test #46
1021 1360 2190 3409 3550 3762 3949 3966 4150 4250 4472 4503 5050 5140 5560 5661 5695 5801 

Test #47


Test #48


Test #49
64 304 432 638 684 689 701 859 865 913 945 989 1042 1061 1091 1224 1326 1702 1854 1983 2029 2077 2174 2200 2247 2268 2280 2334 2358 2407 2526 

Test #50
573 682 691 722 733 783 1280 1444 1514 1703 1881 1940 2017 2027 2142 2246 2312 2344 2521 2533 2589 2612 2614 2667 2758 2784 2799 2888 2970 2979 3005 3010 3014 3025 3039 3045 3050 3059 3105 3109 3110 3226 3256 3269 3380 3547 3584 3616 3676 3736 

Test #51
827 2318 4991 5123 

Test #52
65 248 1117 1895 2427 2622 3279 3371 3521 3576 3589 3670 

Test #53
129 701 718 999 1015 2007 2029 2402 2537 2633 2669 2674 3085 3229 3230 3240 3350 3435 3446 3475 3644 3690 3705 3708 3712 3725 3728 3770 3776 3859 3963 4001 4006 4020 4026 4032 4050 4088 

Test #54
697 

Test #55


Test #56
444 1249 1680 1854 1958 2079 2585 3144 3224 3652 3779 4275 4387 4491 5172 5411 5454 5550 5713 5776 5826 5854 5889 5916 5941 5952 5968 6003 6049 6051 6061 6063 6071 6080 6156 6173 6182 6216 6256 6264 6266 6274 6288 6300 6368 6377 6471 6479 6487 6492 6525 6564 6568 6593 6646 6653 6664 

Test #57


Test #58


Test #59
295 1575 2229 2260 2468 2568 2634 2664 

Test #60
4280 5735 5820 

Test #61


Test #62
66 130 135 212 234 243 249 260 267 305 379 402 432 459 462 563 642 686 742 797 823 870 875 887 989 1071 1074 1102 1115 1117 1125 1131 1213 1273 1290 1308 1431 1445 1516 1554 1664 1729 1745 1797 1803 1825 1869 1880 1949 1985 2099 2116 2154 2180 2237 2262 2275 2298 2317 2334 2339 2351 2360 2366 2387 2389 2399 2407 2416 2430 2465 2470 2478 2555 2564 2616 2642 2658 2715 2750 2754 2757 2759 2773 2796 2806 2821 2825 2832 2837 2838 2848 2852 2866 2882 2899 2922 2927 2935 2963 2988 2994 2999 3021 3023 3031 3036 3037 3040 3041 3052 3097 3120 3128 3152 3158 3178 3192 3222 3229 3238 3240 3243 

Test #63
1405 3365 4049 4551 4578 4600 4645 4654 4655 4752 

Test #64
528 

Test #65
617 6698 

Test #66
3087 5210 

Test #67


Test #68
1338 3486 

Test #69


Test #70


Test #71
6 44 138 147 183 237 264 270 311 372 380 421 465 547 554 559 567 606 623 675 717 740 841 854 864 867 900 949 980 996 998 1059 1066 1092 1175 1223 1237 1250 1353 1354 1368 1499 1511 1603 1701 1772 1782 2002 2048 2071 2194 2212 2223 2342 2433 2455 2457 2599 2605 2639 2663 2724 2735 2756 2791 2855 2911 2968 3016 3025 3056 3075 3093 3105 3106 3166 3185 3200 3241 3248 3269 3281 

Test #72


Test #73
144 267 444 716 723 2676 2908 3144 3257 3298 3339 3348 3436 3604 3678 3756 3761 3785 3818 3874 3886 3901 3917 3924 3957 4075 4133 4136 4155 4157 4191 4262 4288 4328 4375 4380 4451 4456 4466 4469 4471 4477 4489 4514 4557 4575 4583 4617 4636 4637 4662 4698 4699 4721 4728 4748 4749 

Test #74
729 1342 1439 2158 2274 2352 2396 2487 2586 2673 2714 2840 

Test #75


Test #76
26 40 59 62 97 110 121 122 126 145 158 165 179 210 214 216 236 237 278 286 314 344 352 366 414 421 500 525 555 585 600 686 715 740 748 785 794 801 805 838 882 939 949 979 983 1069 1135 1140 1141 1148 1176 1196 1205 1209 1239 1270 1278 1324 1332 1353 1435 1436 1457 1466 1467 1470 1475 1504 1519 1538 1549 1560 1563 1565 1573 1574 1591 1593 1609 1636 1657 1663 1664 1674 1701 1709 1728 1737 1760 1774 1789 1791 1820 1835 1859 1864 1868 1878 1893 1896 1897 1918 1954 2045 2048 2066 2071 2076 2079 2095 2108 2143 2144 2149 2153 2154 2159 2163 2211 2243 2264 2285 2299 2305 2359 2366 2385 2438 2535 

Test #77
143 284 605 684 760 774 862 887 1239 1277 1875 1958 2092 2525 2626 2717 2806 3046 3210 3218 3262 3416 3445 3539 3588 3659 3689 3729 3759 3776 3795 3814 3961 4081 4143 4161 4168 4186 4204 4213 4247 4264 4266 4281 4322 4336 4359 4391 4422 4423 4437 4440 4481 4488 4505 4576 4584 4611 4612 4633 4644 4662 4669 4705 4708 4730 4733 4742 4773 4790 4907 4909 4927 4949 

Test #78
3759 5292 5445 6712 6857 6865 6934 

Test #79
366 717 900 998 1092 1223 1250 1361 1427 1549 1591 1663 1767 2285 2386 2668 3044 3115 3200 3249 3283 3377 3394 3399 3415 3425 3438 3442 3445 3451 3454 3488 

Test #80
3398 3688 4206 

Test #81


Test #82


Test #83
239 1422 1866 2043 2322 2714 3289 3399 3512 3688 3794 4154 4166 

Test #84
1302 1503 1575 

Test #85


Test #86


Test #87


Test #88
181 2915 

Test #89


Test #90
1021 1308 1360 2190 2600 2717 3251 3443 3503 3550 3721 3949 3966 4172 4201 4257 4285 4401 4436 4472 4681 4890 4959 4969 4970 5447 5707 5746 5821 5839 5871 5891 5899 5923 5944 5971 5975 5981 5982 6007 6023 6140 6199 6215 6233 6258 6262 6286 6304 6328 6348 6371 6393 6433 6472 6475 6501 6504 6531 6546 6574 6599 6606 6625 6640 

Test #91
4 54 84 108 123 147 164 172 181 182 218 229 253 272 274 298 307 339 384 396 410 438 523 549 552 568 651 668 670 680 682 699 707 726 757 762 808 809 825 844 884 946 947 972 1008 1009 1044 1096 1116 1127 1139 1145 1172 1215 1237 1255 1259 1271 1284 1304 1313 1343 1347 1354 1368 1370 1440 1448 1452 1480 1491 1505 1506 1511 1542 1551 1599 1600 1605 1623 1656 1677 1692 1704 1724 1750 1764 1770 1772 1782 1787 1808 1819 1836 1911 1961 1968 1991 2004 2056 2098 2130 2141 2155 2175 2199 2205 2214 2220 2235 2239 2245 2266 2267 2348 2355 2374 2382 2402 2424 2433 2457 2463 2475 2476 2490 2495 2507 2510 2515 2527 2531 2546 2558 2569 2591 2598 2609 2612 2655 2661 2667 2681 2691 2693 2703 2731 2748 2788 2795 

Test #92
468 1311 1444 1732 1733 1866 2631 2706 2814 3025 3074 3148 3209 3212 3216 3290 3395 3399 3400 3463 3582 3605 3853 3936 3968 3969 3982 4023 4059 4070 4099 

Test #93
4581 

Test #94
3974 

Test #95
691 875 1008 1703 1830 1881 2521 2714 3170 3334 3398 3425 3761 4154 4166 4206 4502 4723 4755 4792 4952 5251 5273 5346 5374 5387 5400 5446 5468 5484 5508 5531 5540 5594 5598 5659 5719 5724 5738 5741 5765 5777 5780 5788 5837 5901 5902 5917 5957 5963 5967 5994 6030 

Test #96
489 1575 1718 

Test #97


Test #98


Test #99


Test #100


Test #101
767 

Test #102
293 462 1095 1239 1273 1308 1470 1854 1858 1897 1900 2123 2134 2262 2338 2593 2600 2756 2795 2806 2820 2892 2964 2973 2989 3107 3210 3251 3588 3592 3597 3659 3700 3752 3762 3765 3825 3901 3941 3969 3972 3975 4021 4044 4086 4107 4129 4138 4200 4214 4231 4236 4264 4265 4288 4291 4301 4303 4318 4323 4333 4363 4368 4375 4380 4383 4391 4400 4408 4412 4426 4436 4448 4449 4457 4488 4503 4505 4522 4541 4557 4573 4595 4596 4611 4621 4636 4647 4662 4665 4681 4701 4702 4707 4719 4728 4733 4740 

Test #103
1655 1943 

Test #104
406 555 585 882 1290 1470 1528 1694 1755 1787 1797 2123 2190 2214 2267 2338 2426 2475 2480 2558 2591 2659 2661 2691 2692 2703 2795 2809 2999 3051 3074 3111 3165 3207 3227 3232 3234 3246 3278 3325 3327 3389 3418 3455 3476 3514 3527 3553 3556 3577 3585 3592 3611 3622 3673 3684 3717 3734 3745 3812 3846 

Test #105


Test #106


Test #107
80 468 617 691 1139 1703 1732 1733 2171 3078 3170 3248 3296 3398 3423 3554 3641 3642 3665 3688 3711 3878 3930 4035 4068 4131 4135 4159 4167 4177 4376 4485 4494 4496 4542 4556 4602 

Test #108
172 219 249 674 774 1239 1290 1351 1470 1542 1642 1755 1897 1900 2099 2108 2134 2190 2338 2374 2432 2593 2659 2684 2708 2809 2820 2903 2929 2964 2989 2999 3026 3051 3053 3061 3070 3074 3179 3207 3234 3235 3278 3293 3325 3338 3389 3461 3478 3514 3527 3533 3569 3611 3646 3717 3733 3734 

Test #109


Test #110
166 405 427 468 732 733 883 971 1796 1801 1831 1951 2027 2126 2314 2341 2344 2765 3108 3109 3126 

Test #111
7 29 34 39 49 136 205 221 242 244 246 292 300 330 374 384 404 418 441 464 474 491 549 569 578 590 601 664 671 707 726 778 800 833 834 905 907 922 935 946 987 1005 1077 1087 1089 1127 1133 1143 1149 1167 1251 1259 1297 1331 1343 1376 1473 1493 1506 1527 1532 1551 1553 1599 1612 1691 1738 1761 1817 1841 1872 1883 1911 1913 1968 1984 1990 1998 2002 2017 2078 2107 2117 2129 2141 2175 2179 2194 2199 2205 2208 2219 2225 2241 2242 2245 2297 2307 2326 2333 2376 2392 2405 2443 2446 2455 2473 2475 2508 2528 2540 2548 

Test #112


Test #113
1405 1914 2001 3027 3104 

Test #114
1089 1392 1405 1433 1956 2435 2821 2917 3016 3027 3365 3607 3668 4049 4176 4539 4589 4610 4645 4654 4703 4784 4867 4944 4948 4976 4987 5006 5014 5065 5071 5074 5075 

Test #115


Test #116
65 729 1095 1273 2123 2172 2262 2338 2593 2628 3019 4026 4042 4375 4497 4704 4716 4834 4866 4937 5041 5053 5154 5160 5209 5407 5465 5568 5611 5637 5650 5654 5830 5836 5849 5899 5919 5934 5971 5979 5997 6058 6152 6233 6234 

Test #117
729 1144 1249 1342 1422 1439 2118 2135 2158 2172 2238 2274 2384 2396 2545 2549 2584 2585 2586 2630 2647 2701 2714 2718 

Test #118
127 144 248 263 268 625 751 919 1363 1481 1522 2157 2261 2416 2458 2505 2648 

Test #119
51 64 115 226 244 246 317 328 331 384 404 432 475 541 545 558 571 638 644 666 669 671 689 728 786 789 802 827 865 913 920 934 935 982 989 1005 1077 1082 1091 1104 1123 1127 1149 1203 1206 1230 1258 1259 1277 1343 1367 1489 1551 1617 1620 1628 1675 1799 1841 1945 1958 1983 1985 1998 2007 2082 2086 2092 2162 2193 2194 2205 2245 

Test #120
79 81 84 86 123 131 138 139 147 164 166 197 218 222 229 274 313 314 351 398 465 512 513 530 552 564 565 573 706 734 741 768 780 839 847 870 876 883 885 998 1009 1053 1059 1080 1110 1111 1124 1125 1152 1191 1194 1201 1238 1248 1255 1274 1284 1325 1335 1361 1385 1442 1445 1453 1464 1524 1529 1545 1580 1605 1606 1651 1692 1724 1806 1844 1882 1891 1912 1947 1951 1954 2056 2105 2133 2220 2228 2239 2309 2317 2335 2362 2370 2372 2378 2395 2400 2418 2430 

Test #121
80 239 722 755 894 1010 1422 2111 2217 2330 2502 2615 2695 2701 2737 3009 3030 

Test #122
2829 2952 4414 4529 4774 

Test #123


Test #124


Test #125


Test #126
6763 

Test #127
3087 

Test #128
80 239 401 722 724 755 894 1010 1301 1422 1650 1940 2111 2217 2330 2502 2562 2615 2737 

Test #129
3087 

Test #130
565 1914 3823 

Test #131


Test #132


Test #133
11 19 70 74 151 169 172 198 252 270 311 312 372 509 542 568 577 648 668 717 790 808 812 825 844 864 900 942 1045 1063 1172 1195 1223 1253 1264 1269 1271 1368 1392 1412 1448 1491 1505 1579 1594 1603 1623 1688 1704 1719 1764 1772 1782 1787 1790 1836 1867 1908 2064 2069 2100 2168 2210 2223 2224 2266 2304 2320 2342 2374 2382 2397 2402 2415 2424 2432 2433 2440 2451 2457 2459 2463 2469 2483 2495 2496 2503 2506 2507 2510 2512 2524 2527 2531 2538 

Test #134
1092 1347 2668 3200 3377 3394 

Test #135
6 567 1994 2517 3974 

Test #136


Test #137


Test #138
3491 5054 5885 

Test #139


Test #140
6 93 112 124 129 141 192 227 360 371 437 461 473 490 514 547 557 559 567 594 623 683 694 718 725 828 868 872 881 904 915 930 945 956 994 996 999 1006 1015 1025 1079 1114 1154 1155 1190 1193 1211 1222 1224 1245 1322 1326 1382 1415 1431 1476 1502 1577 1742 1747 1753 1758 1777 1797 1809 1815 1850 1851 1874 1977 2099 2251 

Test #141


Test #142
16 117 1428 1718 1852 2634 2637 2769 

Test #143
468 733 1008 1301 1480 1732 1881 2027 2246 2346 2508 2521 2888 3005 3017 3143 3173 3554 3610 3615 3653 3750 3912 3934 3962 4060 4068 4076 4131 4135 4177 4221 4230 4233 4293 4305 4388 4421 4442 4454 4482 4485 4515 4556 4561 4602 4711 4712 

Test #144
6 396 3087 

Test #145
78 463 945 2270 2924 3047 3188 3510 4594 

Test #146
18 786 920 931 1033 1104 1405 1449 1877 2026 2088 2147 2165 2178 2232 

Test #147
4453 

Test #148
1052 1405 1914 2001 2570 2742 2874 3027 3104 

Test #149
860 1697 1766 1943 2084 2197 

Test #150
406 875 1528 1642 2190 3112 3134 3150 3243 3577 3732 3871 3881 3969 4058 4172 4201 4234 4319 4396 4536 4580 4642 

Test #151


Test #152


Test #153
6 64 76 93 115 183 226 293 332 411 432 459 557 559 567 594 623 683 684 701 859 865 881 913 945 996 1042 1048 1061 1082 1091 1123 1224 1321 1326 1367 1620 1628 1670 1758 1815 1854 1886 2200 2237 2334 2407 

Test #154
755 767 883 1342 1985 2104 2158 2360 2737 3127 3137 3650 3688 3769 3794 3906 3914 3932 3958 4079 4120 

Test #155
2952 4774 5146 5301 

Test #156


Test #157


Test #158
767 6198 

Test #159
729 1095 2092 2262 3019 4026 4375 4497 4525 4691 4704 4834 4866 5053 5148 5202 5306 5445 5579 5637 5650 5654 5754 5776 5843 5861 5879 5962 6036 6053 6058 6060 6061 

Test #160


Test #161


Test #162
729 1095 1273 2135 2262 2593 2628 3019 3150 3220 3539 3803 4375 4489 4497 4704 4716 4751 4787 4834 4866 5041 5053 5154 5160 5202 5209 5306 5318 5385 5407 5465 5523 5568 5572 5611 5614 5637 5650 5776 5815 5828 5830 5843 5878 5899 5971 5982 5984 5997 6012 6053 6058 6061 6118 6233 6234 

Test #163
39 165 219 270 406 668 825 875 882 1021 1290 1304 1360 1370 1448 1528 1642 1755 1764 2190 2196 2266 2707 2814 2999 3080 3134 3150 3243 3305 3401 3550 3634 3704 3709 3732 3787 3846 3871 3890 3928 3938 3940 3949 3966 4037 4058 4083 4109 4125 4130 4137 4153 4172 4201 4219 4248 4294 4319 4334 4338 4346 4372 4394 4396 4406 4420 4472 4476 4496 4527 4555 4577 4580 4581 4597 4614 4628 4630 4641 4678 4696 4706 4713 4750 4756 4759 4768 4779 4781 4783 

Test #164
1156 

Test #165
605 887 1095 1273 1470 1858 1900 2092 2123 2262 2593 2717 2806 2973 2989 3107 3210 3270 3539 3795 3815 3916 4026 4186 4294 4375 4492 4525 4527 4536 4669 4762 4779 4798 4847 4860 4887 4932 4970 4996 5014 5025 5063 5067 5068 5085 5103 5154 5156 5183 5201 5226 5234 5255 5266 5316 5317 5385 5386 5437 5457 5500 5543 5554 5574 5587 

Test #166
3491 5885 

Test #167


Test #168
127 729 951 1249 1941 2172 2585 2673 2840 3048 3083 3137 3313 3318 3328 3362 3363 3395 3404 3424 3520 3541 3598 3613 

Test #169
6 9 1156 1663 1867 3114 3188 3204 3405 3535 3760 3888 

Test #170


Test #171


Test #172


Test #173


Test #174
3087 

Test #175


Test #176
1575 3424 3776 4087 4448 4924 5399 5461 5642 5656 5786 

Test #177


Test #178
244 1301 1733 3044 3074 3170 3173 3209 3290 3296 3308 3398 3554 3832 3887 4130 4206 

Test #179
6 567 3087 

Test #180
212 284 672 2338 2454 2820 3474 4146 4361 4661 4704 4810 4849 4865 4929 4967 5006 5041 5166 5249 5358 5361 5380 5399 5406 5407 5429 5465 5602 5609 5642 5645 5648 5761 5786 5866 5919 5934 5939 6139 6161 6188 6220 6278 6346 6356 6392 6429 6457 6466 6473 6536 6567 6573 6580 

Test #181
116 1414 1895 2196 2351 2381 2408 2412 

Test #182


Test #183
6 396 567 3087 

Test #184
514 1914 3823 

Test #185


Test #186
61 90 827 869 2952 3309 3416 3588 4168 4462 4774 4784 4922 5005 5323 5417 5431 5492 5802 6011 6088 6119 6189 6205 6228 6311 6344 6409 6415 6463 6499 6529 6563 6571 

Test #187
514 1914 4299 5146 

Test #188
1680 2585 4077 4535 5297 5303 5304 5567 5579 5591 5897 5907 5930 5946 6114 6121 

Test #189
244 722 1139 1271 1514 1881 2027 2147 2312 2589 2667 2701 2799 2888 2970 3005 3010 3044 3045 3103 3110 3159 3172 3200 3201 3253 3256 3269 3286 3376 3380 3391 3399 3413 3427 3497 3530 3547 3554 3692 3843 3992 

Test #190


Test #191


Test #192


Test #193
372 816 3188 3405 3835 4499 4679 4727 4839 5013 

Test #194
139 311 573 717 733 761 1301 1354 1511 1527 2027 2196 2575 2607 2623 2639 2888 2981 3159 3219 3231 3401 3491 3704 3836 4016 4195 4364 4393 4471 4479 4502 4509 4541 4595 4657 4723 4728 4734 4791 4814 4839 4845 4861 4877 4892 4912 4946 4960 4969 4979 5050 5051 5101 5116 5145 5149 5169 5181 5195 5208 5209 5227 5251 5273 5282 5288 5294 5311 5319 5321 5327 5329 5341 5347 5359 5369 5427 5468 5470 5479 5481 5489 5522 5549 5555 5556 5589 5596 

Test #195
329 1499 

Test #196


Test #197


Test #198
3087 

Test #199
2549 3053 3476 

Test #200


Test #201
6375 

Test #202
61 88 90 827 869 1218 1803 2007 2818 2952 3644 3659 4086 4411 4462 4531 4703 4784 4900 4922 5062 5074 5091 5184 5290 5309 5323 5369 5390 5417 5434 5456 5520 5525 5603 5692 5722 5758 5759 5766 5787 5796 5802 5927 5942 5943 5951 5990 6011 6033 6037 6087 6088 6096 6165 6190 6195 

Test #203
883 1422 2043 2158 2274 2322 2396 2475 2714 2737 3127 3354 3652 3657 3794 4012 4120 4154 4348 4354 4356 4387 4389 4463 4474 

Test #204


Test #205
3159 4321 4582 

Test #206


Test #207
373 

Test #208


Test #209
1347 3087 

Test #210


Test #211
80 99 401 487 850 858 1010 1256 1300 1662 1940 2113 2217 2341 2344 2384 2502 

Test #212
260 379 827 869 1213 1418 1747 2007 2025 2318 2952 2985 3106 3385 3475 3644 3740 3823 3921 4098 4103 4272 4325 4422 4462 4493 4495 4531 4572 4680 4690 4708 4818 4824 4827 4856 4900 4922 4927 4936 4991 4996 5121 5123 5144 5146 5152 5173 5211 

Test #213
210 614 963 1852 2005 2725 2736 2875 2942 3034 3130 3194 3373 3431 3562 3720 3833 4042 4189 

Test #214
4263 4828 6569 

Test #215


Test #216
88 234 260 827 869 1418 1803 1886 2025 2318 2633 2669 3349 3360 3474 3569 4046 4080 4082 4103 4313 4422 4521 4529 4531 4564 4568 4588 4652 4708 4859 4898 4900 4936 4991 4992 5061 5123 5152 

Test #217


Test #218


Test #219


Test #220
4280 4622 5099 5368 5422 5820 6091 6110 6244 

Test #221


Test #222
555 875 1470 1642 1900 2123 2134 2196 2593 2989 3112 3243 3251 3268 3299 3401 3521 3592 3638 3662 3704 3830 3855 3892 3929 4039 4087 4171 4192 4252 4310 4318 

Test #223
869 1131 1554 1747 2203 2318 2384 2465 2626 2715 2757 2821 2829 2963 3091 3152 3192 3195 3229 3230 3270 3307 3430 3495 3539 3566 3579 3627 3630 3668 3689 3700 3748 3759 3841 3876 

Test #224


Test #225
239 4987 6100 6363 

Test #226


Test #227


Test #228


Test #229
1153 3034 3562 3751 3851 4090 4361 4395 4447 4625 4687 4689 4694 

Test #230


Test #231
239 604 2310 2521 3170 3398 3425 4453 4502 4987 5416 5531 5630 5667 5724 5734 6100 6112 6215 6273 6331 

Test #232
1968 2245 4182 4279 

Test #233
2671 2769 

Test #234


Test #235
55 98 140 219 345 355 419 426 468 472 621 672 676 716 733 737 796 807 845 866 923 927 958 978 1016 1049 1050 1108 1188 1263 1291 1328 1335 1385 1539 1550 1630 1642 1732 1796 1830 1858 1888 1920 1988 2020 2027 2031 2047 2073 2109 2126 2161 2167 2177 2228 2289 2311 2368 2371 2409 2436 2441 2448 2453 2539 2559 2582 2588 2595 2684 2687 2689 2736 2772 2781 

Test #236
44 405 860 925 1427 1571 1641 1695 1697 1716 1943 2084 2111 

Test #237


Test #238


Test #239


Test #240


Test #241


Test #242


Test #243
129 292 701 718 846 907 999 1015 1149 1195 1206 1218 1300 1571 1649 1679 2392 2537 2625 2674 2801 2818 2877 2963 2985 3085 3098 3349 3350 3385 3474 3571 3579 3606 3712 3724 3729 3743 3774 3841 3858 3879 3898 3971 3985 3991 4001 4004 4009 4032 4038 4069 4088 4110 4132 4162 4179 4180 4193 4202 4207 4226 4239 4244 4320 4345 4378 

Test #244
33 43 44 53 69 79 81 138 139 165 166 264 302 329 333 351 358 427 465 530 546 556 573 588 616 732 780 783 854 867 883 885 898 980 985 998 1012 1059 1066 1099 1110 1111 1124 1175 1176 1191 1315 1323 1357 1360 1361 1416 1442 1451 1499 1524 1545 1563 1574 1636 1651 1752 1801 1827 1831 1844 1882 1891 1947 1951 1954 1973 1994 2061 2071 2104 2133 2233 2246 2264 2309 2335 2357 2372 2378 2386 2400 2411 2418 2422 2430 2449 2478 2501 2529 2554 2620 2662 

Test #245
1680 1958 2585 5148 5411 5454 5776 5826 5878 6071 6266 6300 6471 6487 6492 6527 

Test #246
717 761 900 1921 2312 2543 2575 2668 2981 3145 3207 3491 3703 3946 4124 4190 4321 4393 4454 4508 4602 4688 4717 4745 4791 4845 4877 4912 4914 4916 4960 4969 5013 5021 5036 5049 5101 5115 5124 5175 5195 

Test #247
19 129 139 311 573 718 733 900 907 999 1015 1149 1253 1301 1527 1679 1691 1732 1798 2027 2392 2457 2651 2674 2699 2999 3005 3231 3241 3316 3330 3383 3634 3715 3854 4001 4016 4162 4329 4364 4393 4394 4467 4509 4610 4791 4805 4914 4942 4960 5046 5051 5060 5097 5170 5192 5195 5205 5208 5238 5286 5319 5351 5355 5360 5376 5435 5455 5475 5478 5514 5526 5542 5551 5565 5582 5618 5623 5624 5633 5635 5647 5653 5685 5689 5728 5740 5745 5757 5771 5778 5779 5785 5821 5825 5827 5834 5848 5871 5887 5905 5915 5923 5938 5949 5954 5965 5972 5973 6039 6055 6089 

Test #248
1914 2001 2811 3104 

Test #249


Test #250
39 78 139 158 242 270 272 430 463 520 612 668 699 825 830 846 866 885 1008 1145 1149 1218 1280 1286 1300 1368 1430 1448 1458 1480 1527 1571 1603 1764 1782 1798 1836 1964 2004 2047 2147 2171 2240 2265 2266 2342 2346 2392 2428 2508 2570 2574 2610 2643 2697 2711 2722 2724 2730 2749 2756 2784 2803 2816 2823 2841 2958 3001 3002 3017 3032 3035 3044 3069 3078 3080 3124 3128 3143 3145 3151 3166 3200 3201 3247 3248 3268 3282 3286 3305 3308 3329 3346 3366 3381 3392 3409 3415 3438 3443 3444 3448 3452 3489 3491 3503 3511 3516 3518 3524 3538 3546 3567 3570 3583 3606 3618 3638 3641 3651 3653 3660 3662 3669 3671 3690 3691 3725 3758 3776 3787 3790 3797 3799 

Test #251
6 93 183 441 491 547 559 567 623 669 694 725 834 859 907 994 996 1087 1107 1133 1149 1151 1224 1251 1286 1326 1532 1617 1670 1698 1738 1767 1809 1815 1945 2171 2219 2225 2247 2263 2340 2392 2428 2462 2469 2496 2522 2526 2532 2589 2622 2627 2678 2719 2740 2744 2762 2792 2801 2802 2816 2854 2885 2949 

Test #252
2952 4495 4774 5301 

Test #253


Test #254
2829 4385 

Test #255
240 257 326 380 604 649 675 1134 1250 1255 1359 1383 1404 1495 1514 1579 1784 1826 1867 1921 2210 2218 2271 2276 2292 2310 2377 2450 2474 2483 2494 2682 2683 2690 2716 2724 2735 

Test #256
1398 2741 

Test #257
6540 

Test #258


Test #259


Test #260


Test #261
1301 1600 1925 1968 2111 2205 2217 2245 2701 3009 3148 3170 3216 3398 3484 3582 3616 

Test #262


Test #263
372 816 2344 2668 3188 3603 4858 4914 5013 

Test #264


Test #265


Test #266


Test #267
1712 5104 

Test #268


Test #269
717 2668 3207 3491 3746 4068 4438 4485 4517 4782 4839 4845 4914 4969 4980 5059 5208 5222 5235 5303 5326 5328 5329 5335 5341 5347 5353 5361 5370 5371 5378 5397 

Test #270


Test #271
8 74 133 151 162 181 272 343 451 668 717 788 837 864 900 1223 1271 1354 1372 1491 1511 1594 1597 1704 1707 1772 1779 1782 1819 1836 1995 2028 2064 2110 2169 2173 2198 2301 

Test #272


Test #273


Test #274
39 270 1021 1308 1360 2342 2600 3251 3550 3966 4150 4172 4201 4250 4672 4681 4847 4973 5050 5056 5175 5206 5262 5288 5317 5367 5554 5560 5668 5672 5708 5725 5753 5768 5772 5783 5841 5895 6000 6005 6032 6046 

Test #275
528 697 884 2293 2599 

Test #276


Test #277


Test #278
2207 

Test #279


Test #280
2614 2925 

Test #281
691 783 1008 1755 1881 2706 3257 3289 3334 3940 4206 4723 4755 4792 4861 4952 5181 5387 5484 5497 5540 5595 5628 5644 5792 5807 5893 5901 5909 5968 5977 6000 6047 6052 6059 6070 6080 6114 6151 6215 6249 6293 6312 6331 6343 6358 6360 6370 6411 6417 6424 6426 6443 6454 6474 6497 6507 6532 6534 

Test #282
1217 1392 1956 2435 3027 3581 3612 3919 4009 4049 4082 4127 4193 

Test #283


Test #284


Test #285
3918 3933 3937 

Test #286


Test #287


Test #288
2026 2147 

Test #289
13 90 153 160 185 215 284 291 353 387 413 417 429 505 574 760 815 826 840 875 909 936 952 954 1119 1231 1293 1456 1478 1486 1561 1592 1635 1638 1684 1710 1717 1812 1869 1871 1936 1974 2089 2122 2127 2148 2215 2230 2252 2325 

Test #290


Test #291
77 433 1648 2385 2496 2709 2789 3130 3303 3342 3431 3460 3920 3970 4042 4161 

Test #292
37 201 354 454 534 619 798 804 1125 2360 2363 2381 2387 2782 2852 2866 2875 2892 2908 2956 3003 3130 3186 3257 3303 3419 3500 3544 3555 3559 3590 3625 3634 3636 3683 3697 

Test #293
412 729 1745 2475 2548 3048 3059 3105 3125 3657 3765 3800 3900 3906 3910 3924 4085 4129 4221 4292 4309 

Test #294


Test #295
567 5210 

Test #296
120 400 1114 1555 1575 1777 2257 2454 3076 3194 3322 3431 3561 

Test #297
740 1005 1299 1867 2996 3319 3417 3535 3607 3642 

Test #298
347 410 412 553 723 729 1249 1723 1745 2135 2151 2334 2501 2585 2673 2802 3048 3081 3197 3312 3354 3358 3360 3367 3578 3615 3619 3681 3709 3755 3761 3768 3772 3775 3785 3800 3847 3871 3895 3907 3917 3945 3980 3988 3996 4005 4030 

Test #299
9 147 588 2497 2996 3226 3405 3417 3754 4033 4290 4439 4486 4519 4545 4587 

Test #300


Test #301
16 65 116 124 146 177 360 425 433 437 443 614 641 743 940 963 1178 1288 1382 1536 1828 1895 2082 2085 2086 2145 2279 2381 2461 2600 2654 2686 2764 2812 2835 2895 2942 2956 2978 3043 

Test #302
99 166 352 369 427 468 530 574 616 621 676 732 733 737 759 796 866 906 952 1049 1291 1465 1494 1509 1520 1550 1558 1630 1695 1801 1831 1925 1951 2027 2047 2089 2109 2123 2126 2161 2302 2335 2345 2350 2409 2436 2448 2501 2529 2574 2588 2765 2779 2781 2803 2809 2827 2843 2875 2880 2881 2887 2888 2923 2932 2939 2958 2977 3007 3038 3126 

Test #303
9 147 1438 2295 2386 2517 2554 2914 2996 3008 3204 3319 3361 3405 3417 3607 3754 3760 3845 3888 3922 3981 

Test #304
697 1347 2668 

Test #305


Test #306
2207 

Test #307


Test #308


Test #309


Test #310
1852 4326 

Test #311


Test #312


Test #313


Test #314
3 13 26 45 94 114 135 163 167 171 178 185 210 212 234 243 249 260 266 267 278 291 316 344 357 371 379 413 439 462 490 499 532 539 563 574 632 642 678 719 731 742 748 791 797 811 828 872 875 886 887 891 952 962 1006 1046 1071 1079 1084 1085 1097 1102 1113 1131 1154 1155 1189 1208 1211 1213 1217 1273 1275 1281 1290 1309 1311 1322 1332 1334 1375 1393 1411 1415 1431 1436 1462 1467 1472 1476 1497 1500 1516 1554 1558 1584 1604 1621 1626 1638 1666 1694 1729 1741 1745 1754 1759 1797 1822 1825 1847 1850 1864 1938 1955 1977 2033 2034 2035 2050 2060 2089 2099 2116 2151 2163 2176 2180 2193 2203 2206 2209 2231 2262 2286 2288 2308 2345 2347 2350 2359 2363 2369 2373 2399 2447 2460 2485 2500 2530 2551 2594 2610 2616 2619 2624 2688 2715 2732 2757 2763 

Test #315
670 1249 2043 2322 2714 3289 3298 3512 3779 3874 4154 4166 4197 

Test #316


Test #317
942 1089 1433 1691 1956 2223 2249 2319 2435 2651 2917 3027 3275 3656 3854 4016 4135 4329 4467 4486 4539 4586 4594 4598 4735 4778 4784 4867 4928 4956 5028 5031 5051 5071 5074 5075 5078 5096 5099 5116 5176 5207 5245 5273 5276 5294 5296 5321 5325 

Test #318


Test #319


Test #320
1092 1347 

Test #321


Test #322


Test #323


Test #324
3529 3599 3770 4326 

Test #325
2232 2742 

Test #326


Test #327


Test #328
305 913 1474 1493 1880 2176 2478 3220 3589 3609 

Test #329
668 825 875 1304 1308 1448 1755 1764 2079 2266 2684 2809 2814 3224 3546 3762 3972 4037 4136 4200 4201 4222 4231 4285 4415 4436 4503 4525 4555 4647 4648 4681 4716 4767 4822 4841 5032 5046 5056 5095 5108 5111 5133 5140 5166 5180 5219 5229 5257 5261 5267 5295 5304 5315 5340 5351 5360 5364 5365 5367 5439 

Test #330


Test #331
65 400 729 1273 2123 2172 2262 2593 2628 3019 3150 3803 3920 4042 4097 4149 4182 4375 4834 4866 4925 4937 5175 5568 5611 5634 5650 5658 5836 5849 5862 5894 5897 5918 5935 5979 6012 6016 6026 6030 6056 6090 6116 6131 6174 6242 6289 6318 6382 6526 6552 6562 6575 6587 

Test #332


Test #333


Test #334


Test #335


Test #336


Test #337


Test #338
1575 1852 

Test #339
33 81 86 128 131 166 351 352 422 430 521 546 573 575 596 597 608 615 616 685 708 758 764 783 785 824 847 860 883 985 1012 1064 1067 1090 1124 1137 1141 1142 1179 1315 1357 1406 1416 1442 1454 1485 1494 1545 1573 1651 1681 1733 1739 1752 1844 1866 1891 1937 1951 1976 1994 2061 2123 2149 2159 2197 2302 2315 2335 2372 2386 2411 2419 2422 2493 2504 2517 2544 2553 2554 2578 2603 2620 2662 2679 2706 

Test #340


Test #341


Test #342


Test #343


Test #344
80 239 755 852 894 1010 1282 1342 1422 2314 2695 2737 3009 3081 3136 3173 3212 3296 3298 3375 

Test #345
604 761 1223 1368 1480 1830 2246 2310 2575 3653 3836 4792 4912 5466 5807 5825 5880 5963 6065 6070 6181 6204 6225 6287 6358 6362 6388 6407 6421 6550 6649 6730 6770 6796 

Test #346


Test #347


Test #348
104 334 347 410 413 451 468 553 739 806 883 959 1154 1164 1200 1303 1732 1743 1866 1920 1941 2101 2250 2312 2510 2887 2903 2923 3010 3014 3021 3029 3045 3055 3101 3196 3209 3226 3256 3351 3358 3372 3380 3447 3471 3494 

Test #349


Test #350


Test #351


Test #352
1575 1852 3046 4924 5030 5453 5461 5697 5978 6321 

Test #353
171 210 400 913 1084 1575 1852 2454 3685 3720 3970 3989 

Test #354


Test #355
1871 

Test #356
311 717 733 1301 1354 1511 2027 2623 3159 3330 3383 3634 3854 4016 4329 4845 4914 4960 5038 5060 5097 5170 5192 5208 5221 5238 5319 5360 5370 5384 5435 5455 5478 5513 5526 5533 5585 5607 5623 5635 5647 5667 5728 5757 5763 5771 5778 5825 5851 5915 5965 6019 6023 6039 6074 6089 6092 

Test #357


Test #358
3087 5210 

Test #359
15 65 116 163 201 210 232 248 305 798 804 868 910 913 979 1082 1332 1393 1436 1467 1648 1737 1832 1875 1880 1893 2013 2163 2176 2179 2277 2317 2381 2385 2438 2467 2478 2550 2600 2628 2750 2835 2908 2956 2966 3084 3177 3186 3214 3262 3285 3326 3339 3371 3411 3419 

Test #360


Test #361


Test #362


Test #363


Test #364
54 79 138 147 164 181 222 253 272 347 396 465 553 564 668 670 739 741 757 818 825 844 884 959 998 1008 1044 1059 1066 1116 1127 1139 1164 1248 1259 1274 1313 1361 1440 1480 1524 1677 1704 1706 1750 1770 1808 1881 1961 2004 2043 2105 2130 2133 2155 2175 2267 2301 2355 2370 2382 2405 2463 2475 2490 2510 2527 2531 2558 2591 2609 2631 2655 2661 2691 2692 2693 2703 2748 2795 2830 2904 

Test #365


Test #366


Test #367


Test #368
77 82 109 124 192 227 233 244 245 246 293 325 331 360 365 371 382 411 437 456 459 461 473 475 490 499 541 599 640 669 671 684 701 728 746 789 818 868 872 934 956 989 1004 1005 1006 1077 1114 1127 1203 1206 1259 1262 1268 1286 1322 1343 1382 1415 1476 1489 1502 1506 1551 1617 1660 1665 1670 1675 1679 1757 1777 1841 1850 1851 1854 1884 1886 1890 1945 1958 1977 1998 2010 2017 2046 2099 2139 

Test #369
24 120 485 2174 3306 

Test #370


Test #371
61 88 90 827 869 1218 1649 2007 2818 2952 3309 3416 3442 3588 3644 4086 4168 4411 4462 4531 4703 4784 4869 4900 4922 5062 5074 5131 5185 5290 5309 5323 5390 5417 5442 5452 5456 5520 5525 5603 5684 5722 5759 5766 5782 5802 5829 5873 5921 5922 5932 5951 6011 6033 6037 6045 6066 6082 6087 6088 6165 6177 6195 6205 6246 6280 6306 6313 6344 

Test #372


Test #373


Test #374


Test #375
244 755 1342 3044 3127 3308 3438 4012 4352 4554 4718 4821 4917 

Test #376
76 171 210 913 1864 2107 2176 2467 2468 2656 3034 3220 3345 3562 3589 3609 

Test #377


Test #378


Test #379
2342 3270 5056 5467 5664 5804 5850 6053 6234 6262 6338 6341 6386 6401 6485 6486 6579 6616 6665 

Test #380


Test #381


Test #382


Test #383
866 945 1921 2319 3607 3760 4022 4124 4127 4329 4419 

Test #384


Test #385
406 555 1290 1528 2190 2196 3112 3243 3299 3401 3577 3704 3749 3799 3830 3855 3892 3912 4058 4172 4192 4201 4448 

Test #386
244 767 1342 2158 3127 4303 4323 4352 4451 4518 4609 4821 4933 5105 5203 5204 5300 5426 5428 

Test #387


Test #388


Test #389


Test #390


Test #391


Test #392


Test #393
755 1342 3127 3750 3919 4809 4821 5203 5711 5726 

Test #394
4280 4622 5338 5422 5820 5950 

Test #395
30 55 157 178 375 378 416 419 535 560 575 615 642 724 731 742 796 807 813 848 858 866 927 960 975 1049 1144 1157 1229 1249 1263 1362 1379 1481 1559 1614 1630 1633 1650 1714 1771 1833 1839 2008 2011 2036 

Test #396


Test #397
465 980 1490 1882 

Test #398


Test #399
201 798 1680 2585 3144 3652 3700 3759 4077 4297 4387 4535 4671 5105 5165 5226 5297 5303 5304 5411 5450 5485 5534 5567 5591 5636 5886 5889 5897 5920 5924 5930 5977 5999 6006 6025 6052 6070 6086 6121 6142 

Test #400
90 135 642 742 2652 2671 2978 3090 

Test #401


Test #402


Test #403


Test #404
1139 1866 2322 3148 3257 3289 3889 4388 5021 5065 5083 5084 5134 5165 5229 5241 5297 5343 5474 5497 5531 5586 5598 5636 5698 5741 5743 5765 5830 

Test #405


Test #406
103 121 211 263 283 284 345 395 423 429 434 478 497 551 602 635 690 694 725 794 801 804 838 845 880 955 1034 1050 1072 1108 1122 1168 1182 1204 1224 1279 1290 1369 1457 1461 1504 1521 1530 1562 1566 1611 1657 1663 1685 1690 1717 1729 1742 1768 1809 1820 1822 1865 1876 1944 1989 2009 

Test #407
18 292 404 612 669 807 830 907 1089 1149 1195 1206 1392 1617 1649 1945 1956 2278 2378 2392 2477 2625 2670 2698 2699 2742 2801 2818 2905 2917 2951 2985 3001 3047 3145 3166 3190 3273 3275 3316 3333 3370 3385 3474 3503 3531 3537 3546 3587 3675 3705 3721 3726 3743 3750 3767 3776 3796 3798 

Test #408
345 729 978 1024 1249 1282 2135 2158 2216 2261 2274 2396 2585 2630 2647 2714 2718 2840 2918 2936 2937 3010 

Test #409


Test #410


Test #411


Test #412


Test #413
19 292 846 885 907 1149 1218 1253 1392 1679 1772 1956 2392 2599 2674 2699 2722 2801 2917 3016 3054 3098 3219 3256 3316 3442 3448 3670 3679 3735 3743 3790 3813 3828 3843 3854 3921 3991 4001 4061 4071 4106 4158 4179 4216 4239 4245 4272 4307 4313 4345 4364 4365 4404 4424 4467 4479 4493 4499 4502 4521 4535 4539 4540 4553 4567 4568 4579 4586 4588 4590 4593 4604 4610 4629 4651 4692 4715 4722 4723 

Test #414


Test #415


Test #416


Test #417


Test #418


Test #419
697 

Test #420


Test #421


Test #422


Test #423


Test #424
139 573 604 665 733 1145 1223 1354 1368 1430 1480 1511 1782 1798 2027 2246 2346 2888 3005 3051 3061 3143 3159 3185 3207 3334 3362 3389 3409 3419 3425 3443 3487 3624 3653 3703 3738 3750 3836 3865 3869 3889 3903 3926 3988 4003 4018 4088 4097 4101 4118 4149 4177 4185 4192 4218 4226 4232 4252 4253 4257 4270 4362 4370 4374 4384 4388 4390 4402 4415 4425 4435 4454 4460 4470 4482 4483 4525 4528 4537 4546 4547 4560 4569 4571 4582 4585 4602 4603 4634 4648 4675 4676 4692 4709 4712 4729 4794 

Test #425
239 1422 1444 1866 2043 2714 3148 3289 3512 3688 3794 4166 4350 

Test #426
177 360 1382 1536 1718 1852 2568 2634 2656 2664 3034 3084 3171 3174 3183 

Test #427


Test #428
61 226 282 605 868 954 1279 1423 1486 1510 1635 1974 1975 2077 2082 2174 2184 2188 2234 2325 2461 2488 2497 2557 2573 2604 2652 2702 2733 

Test #429
1249 2274 2396 2585 2676 3078 3652 3961 4297 4387 4428 4671 4741 4901 5047 5083 5105 5244 5247 5292 5444 5454 5501 5539 5597 5600 5628 5643 5673 

Test #430
80 468 604 761 1145 1223 1368 1480 1511 2246 2310 2480 2575 2602 2607 2639 3135 3185 3243 3425 3653 3836 3941 4195 4200 4370 4384 4502 4524 4723 4729 4734 4771 4839 4861 4883 4912 4969 4987 5009 5035 5060 5095 5181 5251 5273 5274 5279 5360 5382 5384 5413 5416 5436 5446 5455 5466 5468 5478 5505 5508 5533 5552 5561 5607 5612 5625 5630 5639 5659 5663 5693 5706 5749 5777 5780 5788 5854 5900 5965 5975 

Test #431


Test #432
1299 

Test #433
70 74 133 151 272 629 668 705 717 864 900 1172 1223 1227 1271 1354 1372 1491 1505 1511 1594 1639 1704 1770 1782 1826 1836 1887 1978 2064 2201 2223 2293 2301 2397 2402 2424 2433 2440 

Test #434
103 366 431 478 588 685 717 801 838 859 998 1067 1090 1223 1250 1271 1315 1324 1354 1357 1361 1368 1416 1427 1435 1504 1511 1514 1663 1681 1767 1782 1836 1976 1994 2045 2066 2121 2253 2285 2342 2386 2431 2433 2517 2554 2589 2599 2710 2721 2756 2791 2799 2914 2944 2968 2970 2991 2998 3008 3105 3185 3232 3241 3248 3249 3269 3302 3305 3310 3315 3413 3442 

Test #435


Test #436
617 1830 2079 2148 2564 2667 2809 2814 3103 3200 3201 3224 3362 3600 3602 3626 3703 3779 3780 3788 3865 3871 3926 3936 3940 3969 4073 4128 4185 4196 4211 4220 4312 4341 4346 

Test #437


Test #438
144 201 267 674 798 804 1351 1431 1680 2054 2172 2316 2381 2399 2413 2490 2840 2892 2908 2926 2940 3048 3257 3339 3414 3418 3585 3825 3849 3900 3964 4051 4053 4077 4083 4086 4095 4197 4210 4275 4291 4383 4391 4426 

Test #439


Test #440
267 1139 1422 1866 2322 3148 3257 3289 4154 4494 4855 4871 4988 4998 5024 5060 5083 5094 5137 5178 5421 5477 5497 5509 

Test #441
18 689 1078 1767 2029 2088 

Test #442
761 900 935 942 1691 2223 2249 2312 2319 2457 2575 2651 2699 2981 3111 3145 3231 3241 3275 3330 3343 3379 3383 3419 3574 3656 3703 3738 3854 3946 4016 4101 4185 4195 4273 4329 4344 4393 4467 4470 4486 4508 4509 4567 4586 4603 4623 4639 4688 4714 4734 4745 4775 4778 4804 4810 4842 4861 4865 4877 4884 4886 4912 4916 4956 4972 4977 4986 5008 5012 5026 5028 5034 5049 

Test #443


Test #444
3087 4581 4881 5210 5676 

Test #445
3127 3700 3759 4021 4077 4518 4609 5204 5244 5292 5445 5654 6017 6175 6198 6310 6329 6354 6483 6586 6658 6712 

Test #446


Test #447
61 88 90 234 827 869 1803 1886 2318 2985 3659 4080 4086 4204 4272 4462 4531 4664 4810 4865 4898 4900 4922 4999 5117 5143 5167 5173 5207 5255 5256 5285 5310 5318 5323 5358 5390 5404 5406 5418 5456 5488 5498 5581 5599 5603 5616 5705 5761 5766 

Test #448


Test #449
1422 2322 2714 3127 3289 3488 3794 4012 4120 4154 4166 4182 4474 4815 

Test #450


Test #451
1655 

Test #452


Test #453


Test #454
129 139 311 573 717 718 733 900 907 999 1015 1149 1301 1527 1679 1691 1732 2027 2392 2457 2602 2623 2651 2674 2699 2999 3159 3231 3241 3316 3330 3383 3634 3715 3854 4001 4016 4162 4329 4364 4467 4509 4771 4791 4914 4942 4960 5009 5046 5060 5170 5195 5208 5231 5238 5260 5286 5298 5319 5351 5360 5370 5384 5435 5436 5455 5475 5478 5533 5565 5582 5618 5623 5624 5635 5653 5685 5728 5740 5745 5763 5767 5771 5773 5779 5803 5819 5821 5825 5827 5871 5887 5904 5915 5923 5938 5956 5958 5965 5972 5973 5993 6019 6023 6028 6039 6055 6065 6074 6089 6095 6101 6103 6120 6122 6146 6162 6172 6178 6181 

Test #455


Test #456


Test #457


Test #458


Test #459


Test #460


Test #461
176 231 354 380 627 905 1087 1172 1219 1520 1629 1707 1719 1779 1790 1921 1962 1978 1995 

Test #462
412 2274 2396 2676 3078 3652 4214 4352 4518 4609 4901 5047 5083 5105 5203 5204 5244 5247 5292 5454 5524 5673 

Test #463
129 718 733 1015 1691 2027 2249 2651 2668 2674 2888 3383 3634 3715 4124 4329 5046 5208 5231 5260 5279 5298 5360 5370 5384 5476 5478 5495 5526 5533 5556 5563 5615 5623 5635 5638 5640 5653 5747 5775 5811 5885 5936 5938 5953 5993 6019 6092 6101 6103 6128 6150 6155 6193 6204 6241 6248 6252 6260 6277 6283 6292 6314 6319 6322 6342 

Test #464


Test #465
11 900 935 942 1691 1921 1940 1945 2223 2249 2312 2319 2543 2651 3111 3330 3343 3366 3379 3383 3563 3579 3757 3854 4016 4061 4101 4185 4195 4273 4329 4344 4386 4393 4467 4486 4499 4509 4545 4567 4589 4623 4639 4659 4688 4717 4734 4775 4791 4804 4810 4852 4861 4863 4865 4877 4884 4886 4928 4956 4962 4963 4965 4972 4986 

Test #466


Test #467
396 1156 1625 3188 

Test #468
80 239 722 755 894 971 1010 1301 2111 2217 2314 2330 2341 2615 2695 2701 

Test #469
104 219 315 334 347 410 553 707 716 739 806 1164 1200 1551 1732 1830 1920 2501 2881 2923 3010 3021 3029 3055 3072 3089 3101 3172 3206 3207 3209 3253 3256 3325 3351 3358 3367 3372 3376 3380 3441 3447 3471 3494 3591 3614 3645 

Test #470


Test #471
1323 

Test #472
61 90 827 869 1886 2829 2952 2985 3309 3416 4774 4860 4869 5006 5085 5091 5131 5290 5323 5344 5434 5442 5456 5525 5684 5692 5722 5758 5942 5943 5955 5990 6076 6087 6096 6099 6195 

Test #473
44 122 150 401 405 860 1451 1641 2084 

Test #474
684 2454 4664 4828 4948 5027 5156 5613 5642 5656 5786 5864 6020 6139 6356 6380 

Test #475
441 491 547 612 689 725 808 827 834 859 945 994 1026 1087 1107 1133 1149 1206 1222 1247 1251 1286 1293 1521 1532 1553 1670 1679 1738 1809 1817 1967 1984 1990 1991 2007 2025 2219 2225 2380 2444 2469 2532 2611 2622 2625 2627 2629 2678 2713 2719 2740 2789 2801 2854 2878 2949 2970 2971 2986 2990 

Test #476
61 90 827 1886 2973 3309 3416 3588 4168 4462 4784 4922 5005 5062 5074 5431 5456 5691 5766 5802 5834 5869 5921 5929 6011 6055 6081 6088 6109 6166 6195 6205 6271 6311 6344 6409 6442 6547 

Test #477
1048 1635 2893 

Test #478


Test #479


Test #480


Test #481
144 347 412 553 723 919 1200 1723 2172 2334 2501 2560 2802 2840 3013 3048 3186 3312 3354 3358 3360 3509 3578 3659 3761 3768 3782 3785 3800 3865 3895 3896 3907 3910 3917 3945 3980 

Test #482
98 219 315 355 419 468 472 621 672 676 716 733 745 796 845 852 866 923 927 958 1050 1121 1173 1188 1291 1328 1335 1385 1550 1630 1642 1723 1732 1789 1796 1830 1858 1888 1920 1988 2020 2027 2047 2073 2109 2126 2149 2161 2177 2181 2228 2289 2311 2312 2368 2371 2409 2436 2441 2448 2453 2470 2539 2556 2559 2565 2582 2588 2595 2684 2689 2736 2772 2781 2794 2797 2834 2849 

Test #483


Test #484
1299 2996 3417 4203 4430 4667 4679 4862 

Test #485


Test #486


Test #487


Test #488


Test #489
6 649 1156 1625 1663 3188 3888 3911 

Test #490
61 90 234 260 379 684 1102 1213 1277 1418 1958 2092 2188 2200 2368 2626 2717 2895 3250 3270 3309 3348 3410 3412 3481 3529 3539 3555 3627 3630 3689 3700 3715 3746 3759 3777 3795 3831 3965 4061 4071 4103 4126 4145 4186 4214 4231 4236 

Test #491
219 315 1440 1470 1642 1787 2123 2400 2548 2630 2684 2809 2900 2989 3022 3061 3264 3285 3341 3353 3364 3428 3455 3484 3528 3563 3573 3591 3592 3636 3654 3672 3684 3737 3745 3779 3812 3849 3901 3948 3955 3990 

Test #492


Test #493
144 444 716 825 1854 1958 2079 2809 3436 3546 3779 3889 3957 4063 4275 4491 4501 4953 5111 5128 5138 5172 5177 5398 5550 5570 5577 5662 5731 5743 5776 5826 5875 5878 5930 5977 5982 5996 6025 6052 6054 6068 6070 6075 6107 6123 6203 6221 6256 6272 

Test #494
723 1139 1249 1854 2274 3144 3224 3652 3779 4021 4297 4387 4491 5172 5244 5550 5826 5854 5916 5952 5968 6003 6049 6059 6080 6156 6173 6197 6216 6264 6288 6300 6329 6377 6416 6471 6479 6492 6495 6568 6593 6646 6664 6720 6749 

Test #495


Test #496


Test #497


Test #498


Test #499
614 802 963 977 1153 1648 2040 2875 2942 2950 3034 3220 3431 3525 3541 3562 3833 3866 3909 4042 4052 4104 4212 4222 4224 4258 4259 4269 4274 4283 4296 4306 4311 4332 4343 

Test #500


