Test #1


Test #2
309 369 980 1624 1826 2105 2592 2776 2790 2890 2907 2929 2948 3238 3583 3639 3749 3808 3883 3905 3955 4001 4052 4063 4067 4094 4142 4198 

Test #3


Test #4


Test #5
258 391 619 802 949 1661 1974 2072 2073 2189 2233 2612 2665 2676 2719 2742 2773 2781 2818 2833 2858 2906 2907 2908 2909 2913 2929 2957 2992 3021 3085 3128 

Test #6
204 712 730 1056 1330 1499 1567 1576 1797 1912 2055 2115 2160 2384 2689 2698 2804 2853 2938 2977 3039 3041 3156 3186 3205 3221 3333 3341 3377 3401 3405 3457 3563 3606 3611 3628 

Test #7
447 1647 1944 2588 3228 3399 3836 3900 4227 4351 4391 4560 4586 4638 4741 4803 4908 5008 5016 5062 5098 5119 5132 5146 5149 5159 5168 5280 5460 5495 5498 

Test #8


Test #9
41 90 115 143 213 241 245 246 250 261 267 291 297 307 347 351 385 392 396 400 411 424 528 540 548 577 593 614 616 623 645 674 711 717 725 769 774 793 848 856 870 879 901 946 947 995 1011 1025 1036 1066 1185 1189 1194 1270 1290 1304 1359 1363 1378 1383 1403 1503 1510 1537 1540 1616 1631 1656 1664 1744 1757 1766 1780 1789 1792 1860 1866 1873 1878 1881 1883 1884 1902 1907 1913 1916 1928 1945 1950 1956 1963 1978 1985 2010 2015 2020 2028 2040 2063 2067 2068 2072 2077 2081 2082 2100 2104 2110 2112 2116 2127 2131 2144 2148 2156 2160 2194 2196 2205 2215 2230 2238 2244 2254 2256 2258 2268 2270 2277 2279 2282 2293 2294 2302 2313 2331 2334 2347 2348 2365 2375 2376 2377 2379 2382 2385 2416 2424 2430 2432 2435 2444 2447 2453 2470 2487 2499 2507 2513 2540 2546 2558 2577 2580 2586 2587 2607 2628 2633 2637 2638 

Test #10
371 1106 1191 1195 1940 1989 1998 2192 2390 2419 2473 2541 2777 2824 2945 2961 2968 2981 2982 2995 3020 3030 3040 3058 3084 3098 3128 3147 3210 3235 3249 3298 3299 3319 3327 3359 3360 3369 3375 3387 3429 3439 3446 3447 3458 3465 3492 3502 3507 3510 3518 3526 3539 3567 3573 3578 3579 3593 3603 3609 3610 3619 3626 3634 3637 3641 3648 3683 3707 3710 3729 3742 3745 3759 3779 3782 3816 3863 3884 3890 3897 3944 

Test #11


Test #12
3416 4590 4596 4914 4976 5006 5016 5112 5187 5214 5338 5342 5366 5412 5420 

Test #13
6 14 45 220 251 272 300 328 353 379 485 514 550 628 665 686 729 762 771 797 816 850 884 904 923 982 1002 1008 1072 1098 1161 1188 1240 1264 1386 1417 1499 1518 1605 1609 1663 1695 1706 1782 1829 1838 1852 1853 1893 1922 2041 2043 2045 2053 2055 2106 2147 2154 2204 2286 2307 2320 2373 2386 2390 2395 2412 2440 2482 2493 2536 2545 2585 2618 2620 2652 2658 2675 2680 2682 2713 2724 2737 2740 2788 2857 

Test #14


Test #15
11 38 45 55 112 122 159 181 210 222 251 260 264 287 327 329 336 355 386 394 416 417 425 447 451 458 467 483 488 497 513 541 596 618 619 638 665 685 713 718 719 734 751 768 783 786 811 816 839 872 895 953 982 998 1043 1048 1076 1136 1159 1161 1167 1253 1263 1269 1291 1297 1307 1326 1330 1338 1358 1369 1379 1381 1389 1391 1414 1417 1419 1484 1486 1531 1558 1566 1600 1651 1661 1680 1687 1695 1717 1735 1756 1761 1763 1775 1784 1810 1820 1827 1839 1845 1849 1852 1863 1941 1943 1954 1965 1970 1975 1976 2005 2060 2087 2088 2098 2115 2120 2123 2132 2139 2145 2147 2161 2172 2175 2176 2199 2213 2218 2224 2231 2252 2258 2270 2329 2351 2377 2389 2394 2396 2469 2491 2492 2505 2514 2556 2589 2630 

Test #16
177 1903 2078 2686 

Test #17
222 536 730 1016 1567 1912 2115 2160 2384 2692 2872 2938 2977 3136 3156 3221 3236 3288 3333 3401 3445 3457 3515 3606 3611 3628 3810 3885 3898 

Test #18
5106 

Test #19


Test #20


Test #21
1056 1912 2181 2259 2396 2664 2699 3082 3173 3269 3330 3522 3547 3656 3666 3702 3750 3754 3899 3912 3920 4018 4080 4087 4237 4281 4292 4300 4326 4355 4369 4395 4396 4429 4443 4462 4504 4530 4594 4651 4665 4678 4788 

Test #22


Test #23
4581 4633 

Test #24
371 432 508 609 1014 1126 1217 1321 1496 1588 1626 1707 1817 1869 2095 2096 2134 2276 2292 2369 2415 2551 2729 2762 2839 3031 3216 3410 3462 3471 3511 3595 3658 3717 3736 3801 3864 3948 4018 4065 4092 4106 4164 4166 4200 4237 4266 4273 4315 4316 4329 4332 4343 4347 4369 4372 4377 4379 4385 4392 4416 4451 4464 4492 4493 4500 4509 4542 4543 4549 4553 4556 4562 4577 4595 4601 4604 4641 4647 4654 4677 4678 4687 4692 4703 4709 4710 4720 4726 4751 4756 4759 4764 4765 4766 4774 4781 4782 4784 4786 4788 4798 4804 4806 4807 4808 4823 4825 4827 4831 4841 4844 4847 4848 4850 4854 4855 4861 4863 4864 4866 4872 4877 4887 4893 4898 4901 4905 4911 4920 4921 4933 4936 4938 4951 4971 4990 4997 5004 5005 5010 5013 5015 5017 5025 5026 5031 5032 5033 5034 5041 5044 5045 5048 5058 5059 5060 5064 5065 5066 5071 5073 5075 5079 5089 5096 5103 5108 5157 5169 5174 5179 5181 5190 5211 5217 5224 5248 5261 5273 5282 5286 5296 5311 5314 5337 5355 5384 5395 

Test #25
3187 3619 3788 3808 3827 3883 4001 4067 4071 4094 4198 

Test #26


Test #27


Test #28
616 3765 3775 3991 4097 4127 4166 4315 4419 4478 4493 4539 4577 4717 4719 4740 4770 4779 4830 4845 4966 5111 5188 5275 5279 5324 5370 5428 5433 5457 5464 5473 

Test #29
1286 2019 2308 2784 2925 3272 3387 3549 3573 3586 3603 3645 3656 3721 3742 3786 3802 3814 3847 3876 3887 3920 3938 3982 3994 4054 4080 4148 4182 4200 4210 4231 4234 4247 4266 4272 4281 4286 4289 4293 4303 4305 4312 4328 4334 4345 4346 4357 4375 4378 4396 4410 4432 4438 4448 4476 4485 4496 4504 4522 4543 4547 4550 4562 4564 4569 4576 4578 4592 4594 4595 4606 4646 4665 

Test #30
133 241 745 802 870 949 1290 1378 1430 1661 1883 1968 1974 2042 2125 2257 2369 2379 2485 2534 2560 2588 2611 2640 2665 2676 

Test #31
298 363 1274 1286 2078 2198 2220 2398 2410 2428 2599 2669 2679 2687 2688 2871 2960 3048 3059 3060 3061 3071 3075 3082 3088 3097 3102 3124 3177 3205 3218 3262 3275 3286 3306 3358 3454 3457 3474 

Test #32
1148 1257 1353 1578 1647 2051 2159 

Test #33


Test #34


Test #35


Test #36


Test #37
1475 1617 1880 1908 2059 

Test #38
356 369 627 960 980 1624 2860 2919 2948 3209 3334 3447 3568 3613 3650 3664 3674 3712 3745 3785 3809 3880 3897 3998 4001 4026 4039 4052 4064 4071 4116 4132 4156 4203 4393 4431 4475 4495 4521 4600 4642 4686 4725 4752 4776 4777 4820 4824 4836 4838 4885 4889 4900 4909 4910 4948 4974 4999 5011 

Test #39
2808 5106 

Test #40


Test #41
173 245 338 371 1089 1106 1191 1385 1989 1998 2047 2141 2168 2397 2421 2433 2490 2570 2577 2656 2680 2684 2700 2756 2796 2806 2826 2827 2835 2850 2851 2866 2879 2881 2930 2932 2958 2964 2981 2999 3005 3016 3052 3057 3068 3096 3100 3108 3109 3110 3115 3157 3160 3164 3168 3170 3175 3227 3236 3281 3368 3381 3387 3419 3427 3439 3465 3490 

Test #42
724 1762 1949 4373 4851 4925 5165 

Test #43


Test #44
582 994 1077 1106 1164 1273 1425 1635 1910 1940 1989 2093 2109 2381 2390 2520 2532 2533 2724 3010 3095 3146 3183 3235 3250 3280 3289 3299 3361 3383 3417 3470 3471 3486 3503 3511 3519 3528 3540 3550 3560 3592 3598 3613 3629 3632 3642 3646 3649 3659 3688 3698 3699 3727 3751 3753 3781 3792 3795 3796 3800 3801 3813 3816 3818 3825 3849 3851 3855 3858 3863 3870 3875 3877 3880 3886 3904 3910 3927 3928 3932 3957 3958 3959 3967 3974 3978 3979 3980 3981 3990 4002 4014 4023 4033 4035 4039 4046 4068 4076 4083 4085 4098 4101 4102 4103 4116 4121 4129 4130 4131 4132 4151 4156 4159 4178 4184 4195 4197 4205 4207 4217 4223 4230 4242 4252 4255 4256 4260 4265 4273 4275 4277 4283 4295 4296 4304 4308 4310 4314 4323 4327 4331 4341 4347 4353 4376 4400 4419 4457 4459 4508 4511 4546 

Test #45
1863 2447 2761 2769 2808 3009 3151 3228 3231 3339 

Test #46


Test #47


Test #48
309 1826 3187 3209 3619 3712 3954 4063 4245 4349 4631 

Test #49
1286 2019 2308 2437 2784 2925 3272 3387 3549 3573 3586 3603 3640 3645 3656 3721 3742 3786 3802 3814 3847 3876 3887 3912 3920 3938 3982 4054 4080 4123 4146 4148 4180 4182 4200 4204 4210 4231 4234 4247 4266 4272 4281 4286 4289 4292 4293 4303 4305 4312 4328 4334 4345 4346 4357 4375 4378 4387 4396 4410 4432 4438 4448 4476 4485 4496 4504 4543 4547 4550 4562 4576 4578 4595 

Test #50
111 116 274 278 309 448 521 544 590 602 621 843 897 903 931 1064 1089 1097 1247 1248 1303 1331 1451 1461 1577 1639 1652 1727 1745 1847 1910 1938 1953 1981 2002 2012 2065 2090 2103 2105 2131 2142 2169 2170 2179 2200 2201 2248 2263 2267 2279 2285 2350 2362 2376 2378 2391 2408 2414 2423 2478 2498 2508 2512 2515 2517 2522 2530 2548 2565 2572 2587 2617 2627 2631 2634 2639 2642 2643 2644 2654 2663 2698 2703 2704 2708 2716 2731 2735 2753 2768 2774 2776 2780 2787 2790 2797 2805 2820 2826 2851 2853 2863 2866 2871 2894 2910 2950 2961 2968 2981 2985 2989 3007 3018 3078 3083 

Test #51
59 68 85 131 137 278 318 367 439 448 603 821 868 951 963 1029 1091 1110 1140 1148 1236 1251 1272 1431 1439 1465 1495 1508 1517 1527 1563 1571 1670 1703 1705 1708 1834 1847 1859 1890 1894 1972 1977 2027 2062 2084 2107 2179 

Test #52


Test #53
109 280 860 917 1019 1030 1311 1584 1937 2245 3014 3187 

Test #54


Test #55
3827 5328 

Test #56
2392 4340 

Test #57


Test #58
284 590 831 1461 1953 2014 2493 2522 2934 3075 3256 3324 3466 3715 3768 3903 3921 3931 3993 3996 4007 4032 4037 4051 4066 4088 4121 4125 4130 4137 4172 4191 4213 4223 4226 4228 4233 4239 4244 4254 4272 4284 4321 4330 4358 4360 4364 4365 4366 4367 4368 4378 4386 4389 4428 4429 4449 4454 4484 4488 4497 4512 4514 4526 4529 4560 4577 4578 4658 4663 4672 4723 

Test #59


Test #60
590 831 931 1461 2014 2229 2517 2522 2773 2800 2934 3118 3122 3256 3352 3466 3713 3715 3719 3903 3911 3921 3950 3993 3996 4007 4032 4037 4051 4066 4072 4088 4098 4121 4125 4137 4146 4172 4184 4213 4214 4226 4228 4233 4239 4243 4244 4249 4254 4284 4288 4299 4302 4330 4350 4360 4364 4365 4366 4367 4368 4378 4386 4389 4428 4474 4480 4484 4497 4498 4512 4514 4524 4526 4529 4577 4610 4618 4620 4621 4688 4802 

Test #61
309 980 1624 1826 2592 3543 3619 3639 3749 3788 3808 3827 3883 3897 3905 3954 3955 4001 4063 4067 4071 4094 4143 4198 4491 

Test #62
745 2665 

Test #63


Test #64
1647 3200 3283 3417 3496 3592 3898 3902 3998 4016 4019 4027 4030 4034 4038 4049 4102 4151 4154 4194 4202 4232 4282 4313 4329 4332 4344 4383 4390 4401 4402 4415 4478 4518 4536 4542 4563 4585 4587 

Test #65
724 1002 1663 1949 3039 

Test #66


Test #67
16 66 478 494 938 1164 1189 1616 1902 1978 2028 2109 2192 2397 2497 2527 2602 2724 2966 3133 3146 3178 3383 3471 3487 3491 3511 3534 3540 3629 3632 3690 3699 3727 3801 3813 3816 3870 3877 3886 3904 3957 3967 3981 3985 4023 4078 4085 4103 4118 4178 4197 4205 4208 4217 4219 4220 4225 4252 4255 4256 4273 4277 4283 4295 4297 4314 4327 4336 4339 4341 4347 4352 4353 4391 4392 4398 4413 4416 4417 4419 4433 4440 4455 4459 4471 4473 4481 4482 4490 4503 4508 4516 4525 4546 4556 4561 4573 4589 4591 4603 4617 4642 4648 4677 4694 4702 4720 4728 4734 4765 4798 

Test #68


Test #69


Test #70


Test #71
6 11 12 14 27 34 37 38 45 55 73 83 87 96 112 113 122 129 138 151 162 169 174 181 183 188 200 201 205 206 210 222 225 230 238 243 251 260 264 272 279 285 298 303 306 327 328 334 336 343 347 353 355 378 379 386 389 398 403 416 417 421 423 425 433 437 441 447 451 458 460 466 467 482 483 486 488 497 513 514 517 525 539 541 546 550 570 572 583 593 596 607 614 618 619 628 638 646 658 665 670 672 682 685 704 712 713 717 718 719 727 734 737 746 748 751 756 765 767 768 773 783 785 786 791 795 806 808 811 814 816 818 827 839 842 847 855 867 878 919 920 946 953 954 961 978 982 998 1002 1006 1048 1061 1072 1076 1092 1106 1107 1125 1126 1136 1143 1149 1160 1161 1167 1191 1227 1237 1240 1245 1246 1249 1253 1263 1264 1269 1277 1291 1295 1297 1301 1302 1307 1323 1330 1334 1337 1338 1358 1361 1374 1379 1381 1383 1386 1388 1389 1391 1417 1419 1428 1442 1448 1466 1471 1484 1486 1506 1512 1526 1528 1531 1539 1541 1558 1566 1567 1590 1597 1600 1604 1609 1628 1635 1651 1661 1675 1680 1687 1688 1689 1690 1692 1695 1713 1717 1718 1726 1735 1736 1746 1756 1761 1763 1775 1777 1784 1796 1797 1798 1802 1804 1810 1816 1820 1827 1841 1845 1849 1852 1863 1878 1879 1888 1889 1893 1898 1909 1915 1941 1943 1954 1971 1976 1989 1990 2005 2024 2037 2043 2059 2060 2075 2087 2088 2098 2112 2115 2120 2121 2123 2132 2136 2137 2138 2139 2145 2147 2161 2163 2172 2175 2185 2199 2221 2222 2224 2231 2235 2252 2253 2274 2284 2302 2306 2316 2372 2376 2396 2420 2427 2431 2469 2489 2491 2510 2514 

Test #72
730 2115 2160 2384 2692 2714 3155 3515 3666 3951 4018 4196 4237 4292 

Test #73
2808 3204 3228 3475 3592 4005 4038 4134 4192 4202 4219 4351 4391 4637 4670 4701 4733 4741 4753 4816 4845 4950 4959 4991 5047 5091 5146 5149 5159 5168 5193 5252 

Test #74
0 609 790 895 908 920 971 972 1020 1154 1281 1337 1362 1454 1559 1596 1698 1793 1799 1839 1887 1895 2014 2019 2032 2058 2098 2162 2177 2198 2215 2229 2276 2287 2308 2312 2333 2437 2441 2448 2493 2498 2508 2520 2544 2559 2562 2565 2576 2632 2635 2640 2642 2724 2729 2735 2779 2792 2803 2806 2826 2839 2848 2851 2853 2861 2863 2871 2872 2899 2903 2915 2925 2950 2951 2975 2979 2993 3004 3007 3013 3017 3026 3028 3033 3034 3035 3056 3057 3072 3075 3076 3077 3081 3084 3098 3123 3124 3137 3141 3147 3149 3158 3163 3168 3178 3182 3188 3195 3208 3209 3211 3212 3216 3218 3219 3221 3222 3229 3240 3242 3247 3250 3255 3256 3261 3263 3267 3275 3277 3288 3292 3296 3298 3301 3305 3321 3331 3333 3334 3335 3340 3344 3373 3382 3388 3401 3422 3423 3428 3433 3437 3440 3441 3452 3472 3473 3482 3488 3499 3506 3509 3514 3521 3523 3529 3530 3534 3550 3559 3560 3585 3594 3607 3622 

Test #75
3 14 18 25 41 58 65 77 87 90 102 103 104 107 109 113 115 116 128 143 149 150 153 175 191 195 196 197 208 218 224 232 244 245 248 250 256 261 267 270 274 276 277 291 295 298 299 304 305 307 308 310 334 338 346 351 368 374 384 385 392 396 400 413 420 427 441 443 463 465 468 473 480 484 489 493 503 510 521 528 532 536 538 555 560 561 569 600 605 611 616 646 661 669 671 673 674 678 707 710 711 738 757 769 779 782 793 799 804 806 832 838 848 866 873 887 901 912 918 927 928 940 941 994 995 999 1001 1014 1025 1030 1036 1045 1052 1057 1067 1073 1090 1093 1097 1107 1133 1149 1182 1185 1216 1228 1232 1238 1239 1256 1287 1288 1301 1304 1305 1332 1336 1359 1363 1367 1368 1378 1385 1406 1434 1437 1448 1479 1480 1489 1491 1492 1513 1519 1522 1537 1545 1548 1572 1577 1582 1598 1601 1623 1628 1632 1636 1646 1656 1668 1669 1689 1699 1711 1712 1714 1715 1723 1747 1749 1751 1757 1760 1765 1766 1768 1780 1789 1790 1807 1809 1811 1825 1828 1840 1846 1851 1852 1878 1881 1883 1886 1898 1907 1923 1945 1950 1960 1963 1964 1968 1985 1991 1993 2002 2003 2020 2027 2030 2031 2039 2040 2063 2068 2072 2090 2104 2130 2136 2165 2168 2169 2170 2192 2194 2196 2197 2201 2205 2220 2230 2237 2239 2250 2278 2294 2298 2335 2347 

Test #76


Test #77


Test #78


Test #79
0 12 14 37 73 113 138 151 162 169 174 183 205 218 243 276 279 298 303 334 378 389 398 413 421 427 437 441 460 466 482 486 525 536 539 583 612 614 646 700 722 746 748 808 818 847 855 867 878 920 938 954 961 1106 1107 1125 1126 1149 1160 1191 1234 1237 1245 1246 1253 1260 1277 1301 1323 1337 1361 1374 1388 1428 1434 1448 1471 1506 1512 1528 1541 1567 1580 1590 1596 1628 1635 1675 1688 1689 1690 1692 1711 1718 1746 1777 1797 1799 1852 1878 1888 1889 1898 1909 1915 1964 1989 1990 2020 2037 2043 2059 2075 2102 2118 2121 2136 2137 2138 2139 2141 2148 2163 2185 2220 2221 2222 2230 2235 2253 2273 2277 2302 2306 2308 2313 2316 2325 2334 2335 2345 2372 2374 2376 2413 2420 2427 2431 2455 2483 2489 2497 2510 2514 2527 2552 2553 2575 2581 2601 2602 2677 

Test #80
1549 2515 2716 3788 4001 4071 

Test #81
204 353 550 797 1002 1056 1115 1161 1576 1605 1663 1782 1897 2678 2695 2701 2714 2803 2938 3029 

Test #82


Test #83
66 494 938 1164 1616 1902 2109 2397 2497 2527 2602 2724 2762 3133 3146 3178 3299 3383 3471 3491 3511 3519 3528 3534 3540 3632 3690 3727 3800 3801 3816 3839 3855 3872 3877 3886 3904 3928 3957 3967 3970 3985 4021 4078 4085 4100 4101 4103 4118 4181 4197 4205 4207 4210 4217 4225 4227 4230 4255 4256 4265 4273 4275 4277 4283 4295 4296 4297 4301 4310 4314 4323 4327 4336 4341 4347 4351 4352 4353 4356 4376 4381 4391 4392 4398 4413 4416 4417 4418 4419 4421 4422 4426 4453 4455 4459 4466 4481 4490 4508 4510 4516 4520 4525 4546 4553 4554 4556 4561 4573 4589 4591 4603 4608 4630 4642 4648 4660 4667 4677 4693 4699 4702 4704 4720 4728 4734 4757 4765 4792 4800 4810 4814 4822 4825 4835 4841 4864 4866 4868 

Test #84


Test #85
285 487 685 801 1185 1729 1780 1817 1959 2042 2074 2181 2226 2249 2259 2382 2456 2495 2510 2551 2692 2733 2798 2907 2913 2929 2980 3025 

Test #86
3347 4228 

Test #87
316 1181 1187 1402 1481 2368 2550 2736 2919 2934 2935 2964 3118 3139 3294 3329 3360 3392 3407 3431 3485 3597 3601 3633 3646 3650 3676 3678 3685 3691 3695 3708 3713 3732 3772 3782 3809 3819 3840 3866 3867 3870 3872 3882 3886 3906 3971 4011 4022 4029 4037 4051 4053 4061 4093 4101 4102 4133 

Test #88


Test #89
474 616 1262 2551 2770 3242 3482 3615 3631 3679 3725 3727 3776 3836 3870 3963 3976 3999 4000 4015 4023 4091 4149 4162 4178 4208 4216 4240 4263 4278 4307 4316 4329 4331 4332 4374 4383 4391 4409 4419 4437 4440 4442 4447 4471 4478 4482 4492 4519 4534 4539 4542 4549 4566 4568 4573 4585 4604 4611 4626 4629 4632 4638 4639 4644 4654 4664 4687 4710 4715 4717 4719 4728 4746 4750 4767 4769 4774 4782 4786 4797 4805 4818 4819 4842 4844 4858 4859 4875 4895 4898 4915 4923 4951 4968 5002 5039 5052 5062 5073 5078 

Test #90


Test #91


Test #92
356 980 1624 2592 2860 2948 3209 3334 3650 3664 3674 3712 3745 3880 3998 4001 4013 4026 4039 4064 4071 4116 4132 4245 4475 4495 4521 4631 4777 4836 4885 4909 4974 4999 5125 

Test #93


Test #94
164 1650 

Test #95
21 139 211 217 219 370 469 632 636 643 662 698 745 860 955 1156 1261 1296 1340 1351 1372 1377 1396 1494 1643 1858 1939 

Test #96


Test #97
3347 4228 

Test #98


Test #99


Test #100


Test #101
724 797 1002 1240 1663 1949 2041 3039 

Test #102
5 51 59 68 85 152 216 258 262 283 315 407 409 516 535 540 574 625 641 654 666 699 705 741 821 824 859 926 952 956 960 1086 1181 1215 1257 1267 1273 1275 1299 1300 1327 1353 1382 1465 1472 1493 1508 1575 1578 1641 1662 1670 1674 1766 1779 1789 1834 1859 1882 1894 1906 1929 1956 1972 1974 1998 2015 2026 2034 2042 2069 2079 2107 2216 2233 

Test #103


Test #104
17 951 1148 1257 1578 2033 2159 2592 2693 2762 

Test #105
2045 

Test #106


Test #107
802 1602 1647 1658 1725 1732 1959 2074 2350 2429 2595 2855 2955 3015 3045 3093 3200 3234 3239 3283 3331 3345 3416 3417 3475 3496 3500 3592 3607 3616 3618 3692 3817 3822 3862 3898 3902 3907 3999 4016 4030 4034 4035 4036 4038 4057 4089 4102 4132 4135 4147 4150 4151 4154 4158 4181 4183 4194 4202 4207 4215 4217 4219 4220 4230 4232 4242 4258 4262 4275 4282 4291 4296 4310 4313 4329 4331 4332 4344 4361 4363 4382 4383 4388 4390 4401 4402 4403 4409 4413 4415 4418 4422 4426 4434 4437 4444 4467 4468 4478 4492 4505 4510 4518 4536 4542 4544 4549 4551 4554 4563 4565 4582 4585 4587 4602 4607 4636 4637 4649 4657 4666 4671 4683 4689 4700 4701 4718 4719 

Test #108


Test #109
1001 1136 1970 1987 2218 2357 2373 2399 2653 2659 2786 3279 

Test #110
616 2456 2551 3242 3482 3615 3870 4000 4005 4015 4023 4106 4134 4178 4248 4263 4315 4419 4447 4460 4464 4482 4493 4519 4534 4573 4626 4644 4674 4687 4721 4797 4895 

Test #111
2448 2599 2640 2687 2871 2872 2967 3358 3453 3454 3474 3503 3562 3574 3590 3655 3751 

Test #112


Test #113
144 169 246 267 294 317 371 411 577 582 627 722 777 878 879 994 1055 1075 1077 1195 1210 1216 1273 1425 1459 1528 1635 1783 1826 1850 1873 1909 1916 1928 1940 1948 1998 2047 2052 2065 2109 2141 2187 2208 2234 2350 2418 2421 2438 2473 2478 2484 2486 2487 2500 2530 2533 2541 2561 2577 2624 2634 2643 2654 2656 2657 2658 2706 2708 2728 2734 2744 2746 2749 2754 2771 2773 2777 2791 2810 2814 2819 2832 2834 2836 2841 2842 2850 2866 2876 2879 2881 2885 2889 2890 2894 2895 2904 2906 2907 2908 2909 2911 2921 2929 2930 2932 2936 2937 2949 2952 2953 2958 2961 2962 2964 2968 2981 2982 2987 2990 2995 2996 2997 2999 3010 3012 3016 3020 3037 3052 3053 3062 3064 3068 3078 3093 3100 3110 3111 3115 3119 3120 3127 3128 3129 3135 3144 3154 3160 3166 3170 3174 3180 3189 3197 3202 3210 3214 3217 3226 3227 3232 3233 3238 3245 3246 3248 3249 3266 3276 3281 3284 3294 3300 3302 3307 3310 3313 3314 3315 3316 3319 3349 3359 3362 3363 3365 3369 3375 3379 3387 3400 3413 3432 3467 3484 3492 3493 3494 

Test #114
474 1122 1243 1681 1734 1869 1970 2360 2915 3007 3159 3206 3224 3260 3292 3308 3339 3495 3505 3517 3582 3587 3636 3675 3697 3730 3817 3932 3938 3956 3972 3985 4042 4065 4081 4091 

Test #115
487 801 969 971 1034 1285 1551 1698 1729 1817 1865 2019 2181 2211 2226 2259 2330 2495 

Test #116


Test #117
71 1358 1839 2319 2743 3122 3207 3329 3346 3417 3425 3481 3483 3588 3630 3669 3803 3826 3832 3853 3865 3887 3901 3906 3920 3924 3948 4003 4072 

Test #118
1100 2192 2291 2544 2571 2652 2762 2966 2975 3816 3953 4004 4012 4018 4028 4091 4103 4111 4149 4200 4205 4237 4266 4329 4361 4377 4404 4413 4500 4571 4588 4622 4627 4630 4703 4709 4742 4778 4796 4797 4805 4807 4808 4821 4822 4855 4866 4894 4933 4969 4970 5003 5010 5012 5014 5024 5034 5039 5040 5041 5044 5049 5053 5059 5063 5064 5065 5070 5071 5102 5103 5111 5128 5147 5150 5169 5176 5183 5185 5198 5201 5209 5217 5226 5230 5236 5240 5255 5259 5271 5284 5295 5305 5306 5314 5371 5378 5415 5434 

Test #119


Test #120


Test #121
112 159 222 234 287 329 336 394 425 451 467 488 786 839 872 895 969 971 1043 1136 1159 1285 1338 1414 1558 1698 1725 1734 1810 1839 1845 1970 1975 1987 2019 2060 2087 2160 2161 2176 2191 2195 2198 2199 2213 2215 2218 2224 2225 2254 2258 2270 2277 2296 2313 2318 2329 2351 2357 2363 2373 2377 2399 2474 2491 2492 2505 2506 2521 2535 2547 2556 2560 2573 2589 2622 2630 2641 2647 2653 2659 2720 2754 2760 2786 2792 2828 2844 2847 2899 2971 3011 3048 3065 3081 3133 3141 3143 

Test #122


Test #123
0 12 27 37 38 66 73 115 130 151 162 169 174 175 183 201 218 264 276 279 285 298 303 334 347 362 378 384 389 398 413 421 437 460 465 466 482 486 525 536 539 546 548 583 593 614 619 658 685 711 717 722 727 748 751 773 774 807 827 847 855 867 873 878 912 946 947 961 999 1001 1106 1149 1191 1213 1234 1239 1245 1260 1263 1269 1321 1323 1361 1368 1383 1388 1389 1410 1428 1434 1459 1471 1496 1503 1506 1528 1531 1539 1541 1596 1598 1604 1635 1646 1661 1675 1680 1689 1690 1692 1718 1735 1746 1799 1810 1826 1839 1845 1867 1878 1884 1888 1900 1907 1915 1940 1950 1962 1964 1985 1989 1990 2000 2003 2020 2027 2059 2075 2077 2081 2082 2086 2096 2100 2104 2110 2112 2121 2130 2136 2144 2148 2156 2163 2165 2185 2195 2197 2198 2220 2221 2225 2230 2237 2239 2247 2254 2256 2258 2268 2270 2274 2277 2284 2291 2302 2308 2313 2316 2318 2325 2334 2335 2345 2366 2376 2377 2380 2382 2413 2427 2429 2431 2435 2444 2447 2453 2455 2467 2474 2484 2489 2504 2510 2562 2575 2590 2593 2615 2661 2677 

Test #124
329 362 474 668 1043 1122 1159 1243 1372 1410 1496 1681 1725 1734 1869 1970 2181 2195 2259 2312 2360 2443 2495 2547 2556 2610 2621 2623 2629 2649 2659 2665 2673 2692 2697 2770 2779 2784 2798 2868 2870 2920 2921 2986 2993 3026 3027 3054 3058 3067 3070 3072 3077 3080 3091 3130 3138 3141 3143 3152 3159 3167 3173 3177 3191 3194 3199 3201 3206 3252 3257 3278 3279 3290 3303 3317 3320 3348 3355 3361 3374 3386 3391 3412 3418 3424 3456 3459 3460 3477 3479 3535 3546 3547 3587 3596 3613 3636 3637 3654 3670 3693 3730 

Test #125


Test #126


Test #127


Test #128


Test #129
3844 4740 

Test #130


Test #131


Test #132
42 44 115 133 199 376 383 410 440 444 487 493 526 553 565 584 755 801 810 849 877 945 949 1034 1066 1139 1163 1199 1304 1310 1335 1343 1403 1511 1621 1625 1634 1660 1682 1698 1720 1764 1817 1818 1831 1844 1865 1959 1994 2019 2023 2050 2066 2074 2160 2181 2183 2211 2215 2259 2282 2293 2348 2353 

Test #133
3991 4127 4539 4670 4779 4845 4996 5091 5111 5507 

Test #134


Test #135
14 18 27 41 58 87 115 174 175 191 197 208 218 224 256 261 267 276 298 305 334 384 396 413 441 443 465 468 489 503 536 538 555 557 560 561 569 600 616 627 635 646 669 671 678 707 711 757 777 793 804 827 838 873 912 927 928 940 994 995 999 1001 1014 1052 1073 1090 1093 1133 1149 1182 1228 1239 1256 1301 1321 1322 1336 1359 1363 1368 1434 1448 1459 1479 1480 1503 1513 1522 1540 1545 1582 1596 1598 1646 1689 1699 1711 1712 1721 1747 1751 1757 1765 1807 1811 1878 1881 1886 1888 1907 1960 1963 1964 1990 1991 2003 2027 2072 2082 2130 2136 2165 2168 2169 2194 2197 2205 2220 2230 2237 2239 2244 2277 2278 2298 2335 2347 2365 2379 2397 2430 2432 2435 2444 

Test #136
1826 3187 3619 3954 4063 4349 4631 

Test #137


Test #138


Test #139
2351 3200 3204 3417 3842 3902 3998 4019 4027 4030 4034 4154 4194 4318 4332 4338 4359 

Test #140
298 363 618 2220 2428 2679 2802 2871 3029 3051 3059 3061 3071 3218 3306 3358 3453 3454 3474 

Test #141


Test #142


Test #143


Test #144


Test #145


Test #146
256 362 843 897 1182 1286 1410 1596 1639 2195 2298 2333 2973 3338 3353 3715 3739 3876 3918 3960 3982 4033 4054 4095 4125 4142 4148 4152 4164 4182 4213 4255 4267 4290 4314 4322 4332 4341 4365 4428 4443 4449 4472 4494 4513 4547 4556 4557 4611 4633 4650 4651 4662 4711 4720 4727 4768 4794 4802 4823 4832 4850 4863 4867 4928 4935 4944 4952 4955 4972 4981 4983 4997 5001 5043 5046 5084 5085 5087 5090 5092 5095 5097 5107 5109 5117 5130 5137 5140 5145 5148 5154 5156 5172 5173 5178 5200 5208 5210 5223 5224 5225 5232 5234 5237 5254 5265 5268 5269 5273 5287 5292 5303 5315 5317 5322 5329 5330 5345 5347 5351 5359 5360 5362 5365 5374 5398 5400 5401 5408 5416 5417 5425 5426 5430 5432 5445 5451 5459 5472 5475 5484 5487 5511 

Test #147
181 221 713 1151 1419 1816 1863 1944 2360 2400 2555 2649 2673 2697 2808 2855 

Test #148


Test #149


Test #150


Test #151
6 11 12 14 45 62 73 112 113 129 134 138 159 162 188 205 230 238 243 251 260 272 276 279 298 303 311 327 328 329 334 336 353 355 363 378 379 386 389 390 394 398 403 416 417 421 423 425 433 437 441 451 458 466 467 478 482 483 488 494 497 500 513 514 525 550 572 583 596 612 618 628 630 638 646 665 682 685 703 712 718 719 734 746 748 751 756 765 767 768 783 786 806 808 811 816 818 839 855 867 919 920 953 954 961 978 982 998 1002 1003 1043 1048 1061 1072 1100 1107 1125 1126 1136 1141 1149 1159 1160 1161 1162 1164 1167 1227 1234 1237 1240 1246 1253 1263 1264 1266 1277 1291 1292 1295 1297 1301 1330 1334 1337 1338 1358 1365 1381 1389 1391 1414 1417 1419 1448 1466 1471 1484 1486 1506 1512 1541 1554 1558 1559 1566 1567 1580 1590 1600 1609 1628 1651 1675 1687 1688 1692 1695 1713 1717 1718 1726 1736 1746 1753 1756 1761 1763 1775 1777 1784 1797 1802 1820 1827 1849 1852 1863 1889 1893 1898 1909 1915 1924 1941 1943 1951 1954 1965 1971 1975 1976 2005 2018 2022 2037 2043 2059 2060 2075 2087 2088 2091 2098 2102 2115 2118 2120 2123 2132 2136 2137 2138 2139 2141 2145 2147 2155 2158 2163 2175 2176 2185 2203 2213 2218 2220 2221 2222 2224 2231 2235 2252 2253 2272 2273 2296 2301 2303 2305 2306 2316 2329 2335 2345 2351 2363 2372 2374 2389 2396 2399 2420 2427 2431 2438 2450 2455 2469 2483 2486 2489 2497 2514 2535 2542 2553 2575 2579 2581 2601 2602 

Test #152


Test #153
6 14 45 230 251 298 300 328 334 353 355 363 433 596 618 665 712 803 816 850 862 884 904 923 982 1016 1032 1161 1168 1179 1188 1227 1240 1274 1286 1295 1330 1381 1417 1536 1638 1695 1750 1756 1763 1797 1802 1845 1852 1893 1898 1922 1941 1954 1965 2043 2049 2055 2088 2106 2126 2136 2147 2158 2174 2222 2231 2235 2246 2253 2262 2277 2314 2316 2342 2395 2401 2405 2415 2426 2469 2493 2509 2520 2553 2571 2589 2596 2601 2614 2618 2620 2641 2652 2656 2664 2668 2675 2690 2695 2701 2707 2713 2724 2740 2751 2756 2759 2788 2802 2803 2811 2817 2830 2846 2877 2884 2888 2920 2923 2927 2931 2941 3035 3049 3051 3059 3061 3076 3084 3088 3102 3103 

Test #154
181 487 713 952 1151 1378 1531 1680 1816 1857 1944 2360 2400 2447 2485 2649 2673 2697 2711 2808 2855 2859 2876 2914 3036 3070 3086 3090 

Test #155


Test #156
2764 4581 

Test #157
309 2592 3209 3619 3650 3674 3712 3954 4063 4071 4245 4491 

Test #158


Test #159


Test #160
129 164 298 363 500 1650 1864 1954 2231 2316 2553 2656 2740 2802 

Test #161
10 18 94 105 124 132 153 177 189 190 209 214 229 277 291 318 320 340 341 346 364 400 434 435 462 463 464 471 473 519 528 532 571 603 631 674 686 709 745 766 779 790 833 843 848 866 876 884 897 901 907 912 917 923 976 999 1007 1029 1031 1071 1077 1079 1121 1168 1170 1175 1177 1197 1207 1284 1311 1354 1378 1394 1395 1408 1452 1476 1477 1535 1537 1549 1552 1560 1565 1629 1638 1639 1654 1656 1659 1667 1694 1702 1750 1759 1770 1778 1791 1838 1874 1883 1891 1901 1903 1914 1917 1957 1985 1987 2054 2063 2104 

Test #162
204 712 1499 1576 2055 2384 2453 2689 2698 2804 2853 3039 3041 3156 3186 3341 3405 3457 3563 

Test #163


Test #164
218 1554 2559 3028 3455 3654 4037 4228 4330 4339 4352 4368 4437 4517 4530 4542 4549 4550 4561 4572 4616 4654 4684 4745 4782 4851 4872 4893 4946 4951 4960 4977 5025 5181 5184 5251 5325 5381 

Test #165


Test #166
4042 

Test #167
3347 

Test #168


Test #169


Test #170


Test #171
109 280 369 453 664 860 951 1019 1030 1311 1332 1522 1584 1624 1758 1765 1913 1937 1973 2035 2071 2245 2592 2762 2948 3030 3079 3190 3328 

Test #172
376 474 1043 1602 1658 1725 1732 1959 2429 2955 3015 3093 3183 3239 3345 3354 3404 3616 3679 3836 3963 4021 4074 4173 4175 4220 4227 4329 4351 4361 4374 4381 4382 4383 4391 4415 4434 4444 4466 4478 4492 4534 4537 4542 4555 4560 4566 4582 4585 4586 4587 4615 4632 4638 4657 4666 4671 4682 4683 4692 4696 4700 4710 4715 4717 4718 4719 4734 4739 4760 4771 4774 4786 4789 4803 4805 4810 4815 4816 4817 4818 4819 4828 4841 4860 4875 4880 4881 4883 4891 4895 4897 4898 4903 4914 4915 4916 4929 4940 4947 4950 4961 4968 4998 5003 5004 5019 5027 5029 5053 5062 5069 5080 5096 5114 5121 5131 5134 5136 5143 5153 5163 5186 5191 5195 

Test #173
164 500 1381 1756 1954 2231 2316 2614 2802 2846 3051 3061 3071 

Test #174
2442 2810 2995 

Test #175


Test #176


Test #177


Test #178
204 730 969 1016 1285 1949 2692 3157 3267 3330 3444 3450 3515 3567 3656 3920 4196 4237 4281 4292 4326 4355 4369 4412 4429 4616 

Test #179
376 801 1043 1602 1725 1732 1959 2429 2955 3015 3093 3183 3239 3345 3354 3399 3404 3616 3679 3836 3963 4021 4074 4175 4208 4219 4220 4227 4230 4310 4329 4351 4361 4374 4381 4382 4383 4391 4415 4434 4444 4466 4467 4478 4492 4534 4537 4542 4544 4555 4560 4566 4582 4585 4587 4615 4632 4638 4649 4657 4666 4671 4682 4683 4696 4700 4710 4715 4717 4718 4719 4734 4739 4760 4771 4774 4786 4789 4803 4805 4815 4816 4817 4818 4819 4828 4841 4860 4875 4880 4881 4883 4891 4895 4898 4903 4914 4915 4916 4929 4940 4947 4961 4968 4998 5003 5004 5027 5029 5053 5062 5069 5080 5096 5121 5131 5134 5136 5143 5163 5186 5195 

Test #180
8 115 130 133 235 260 266 383 386 410 414 440 545 553 645 664 734 755 768 781 820 896 987 1034 1060 1069 1104 1163 1199 1202 1235 1263 1289 1297 1329 1333 1335 1352 1375 1403 1423 1444 1600 1615 1625 1636 1677 1720 1742 1810 1824 1844 1845 1937 2023 2025 2066 

Test #181
55 221 447 998 1484 1817 2218 2351 2366 2456 2551 2649 2650 2722 2733 2855 2984 3036 3090 3159 3260 3338 3470 3505 3615 

Test #182
55 112 447 977 1725 1817 2134 2191 2351 2369 2456 2551 2650 2733 2742 2815 2940 2973 3031 3036 3067 3070 3080 3091 3112 3130 3165 3167 3173 3177 3185 3234 3257 3264 3303 3316 3326 3338 3354 3356 3364 3400 3404 3421 3444 3455 3456 3460 3479 3497 3544 3586 3596 3627 3662 3753 3822 

Test #183


Test #184
2698 2853 3515 

Test #185
221 668 1817 2351 2456 2547 2649 2733 3036 3159 3224 3234 3260 3290 3338 3339 3456 3479 3505 3517 3637 3787 3817 3881 

Test #186
291 376 487 493 526 755 848 877 945 952 1151 1378 1625 1634 1729 1857 1944 2070 2125 2211 2226 2330 2353 2360 2411 2457 2555 2623 2649 2673 2697 2711 2719 2733 

Test #187
40 111 231 284 309 316 317 544 582 602 621 725 903 1044 1077 1181 1187 1402 1803 1882 1910 1981 2065 2105 2248 2282 2350 2368 2404 2414 2422 2484 2530 2533 2550 2558 2577 2600 2609 2628 2634 2643 2644 2657 2716 2728 2734 2743 2756 2768 2774 2776 2790 2796 2797 2806 2814 2819 2820 2835 2838 2840 2841 2866 2867 2891 2894 2895 2898 2901 2908 2909 2911 2928 2935 2936 2947 2949 2952 2953 2961 2968 2981 2982 2983 2987 2989 2995 2996 3002 3005 3018 3022 3037 3052 3055 3078 3089 3092 3093 3095 3096 3100 3106 3107 3108 3109 3118 3129 3139 3144 3154 3157 3168 3169 3180 3189 3197 3198 3204 3210 3243 3274 3353 3362 3396 3402 3415 3434 3449 3451 3471 

Test #188
820 1511 2066 

Test #189


Test #190
2734 2780 2838 3150 3366 3392 

Test #191


Test #192


Test #193
309 369 980 1624 1826 2592 2948 3132 3543 3610 3619 3639 3743 3749 3788 3796 3808 3827 3883 3897 3905 3927 3947 3954 3955 4001 4052 4067 4071 4094 4142 4143 4198 4491 4495 

Test #194


Test #195
186 231 1054 1140 1404 1481 1534 1989 2550 3014 3289 3323 3528 3575 3664 3688 3732 3770 3833 3921 3950 3958 3975 4007 4013 4045 4050 4073 4085 4109 4142 4172 4173 4181 4193 4244 4284 4322 4378 4393 4398 4425 4427 4450 4481 4488 4510 4524 4535 4560 4578 4586 4588 4608 4622 4623 4624 4625 4640 4660 4700 4716 4738 4743 4747 4748 4757 4758 4768 4773 4785 4791 4792 4800 4812 4824 4826 4833 4834 4835 4837 4852 4874 4876 4884 4889 4890 4896 4899 4910 4922 4943 4967 4995 5007 5035 5082 5110 5115 5133 5139 

Test #196
111 186 309 369 544 602 960 980 1267 1300 1327 1826 1928 2105 2339 2358 2570 2762 2776 2827 2890 2897 2932 3012 3014 3024 3050 3079 3110 3132 3160 3203 3238 3258 3297 3300 3314 3323 3343 3389 3394 3419 3435 3438 3485 3486 3502 3519 3541 3543 3558 3566 3568 3575 3600 3605 3619 3629 3642 3652 3695 3710 3716 3722 3740 3760 3764 3770 3780 3784 3821 3823 3828 3831 3833 3835 3839 3858 3862 3923 3926 3969 3970 3993 4032 4067 4100 

Test #197
3620 4651 4865 4981 

Test #198


Test #199


Test #200
2092 2261 2398 2445 2494 2646 3097 

Test #201
2099 3766 4072 4581 4610 4633 

Test #202
186 216 309 315 544 602 859 949 1128 1267 1273 1300 1647 1826 1855 1928 2105 2159 2200 2274 2339 2358 2487 2541 2644 2706 2715 2747 2754 2774 2776 2777 2790 2797 2801 2832 2834 2842 2845 2889 2890 2892 2897 2907 2926 2929 2932 2942 2976 2983 2989 2990 2997 3010 3012 3019 3020 3024 3030 3037 3045 3050 3053 3069 3110 3119 3134 3160 3166 3217 3238 3273 3284 3307 3311 3312 3314 3327 3329 3343 3345 3372 3375 3379 3393 3397 3431 3435 3448 3450 3463 3485 3486 3504 3507 3511 3566 3600 3605 3629 3652 

Test #203
3352 

Test #204
1151 1677 2823 3242 3337 3475 3482 3615 3937 4005 4015 4134 4315 4493 4551 4673 4721 4779 

Test #205


Test #206


Test #207


Test #208


Test #209


Test #210
590 1461 1953 2446 2522 2813 2840 2899 2949 2951 2959 3047 3180 3246 3305 3321 3334 3353 3417 3428 3450 3463 3466 3473 3488 3520 3550 3569 3605 3608 3628 3645 3664 3674 3696 3711 3712 3740 3768 3771 3774 3785 3791 3799 3811 3834 3850 3861 3904 3928 3929 3943 3971 4011 4021 4022 4040 4064 4166 4167 4222 

Test #211
572 656 790 831 1171 1266 1590 1784 1894 2005 2008 2069 2078 2092 2145 2151 2193 2229 2246 2262 2266 2280 2333 2370 2378 2388 2398 2410 2426 2437 2445 2454 2455 2472 2491 2494 2511 2530 2532 2572 2584 2596 2598 2618 2644 2646 2686 2690 2700 2710 2736 2750 2756 2766 2774 2779 2782 2790 2813 2827 2867 2868 2873 2878 2883 2884 2900 2919 2922 2959 2970 2974 2991 3001 3003 3028 3077 3147 

Test #212


Test #213


Test #214


Test #215


Test #216
169 216 246 267 294 315 627 859 949 950 1128 1273 1411 1528 1647 1783 1826 1843 1909 1928 2001 2159 2187 2234 2418 2487 2541 2624 2643 2656 2658 2706 2754 2771 2777 2801 2810 2832 2834 2850 2879 2885 2889 2890 2907 2929 2932 2942 2958 2990 2997 3010 3012 3019 3020 3030 3045 3050 3053 3064 3069 3110 3111 3119 3128 3146 3160 3166 3174 3217 3238 3248 3249 3253 3259 3268 3273 3284 3300 3307 3312 3314 3319 3327 3336 3345 3349 3363 3369 3375 3379 3397 3400 3409 3432 3467 3494 3496 3507 3539 3545 3601 3604 3609 3620 3651 3652 3678 3688 

Test #217
3 9 40 41 63 65 77 102 103 104 107 109 116 117 121 124 144 149 150 153 190 196 209 211 231 248 270 274 278 280 284 299 308 310 316 317 320 365 420 435 448 468 489 506 512 521 532 582 608 611 620 636 673 678 695 707 745 799 821 825 832 838 860 876 887 907 917 931 967 1009 1030 1059 1067 1071 1075 1077 1097 1110 1170 1187 1195 1207 1210 1216 1236 1272 1276 1311 1331 1354 1367 1394 1402 1489 1498 1549 1565 1572 1584 1623 1632 1686 1703 1723 1739 1749 1769 1771 1790 1791 1803 1812 1834 1837 1847 1850 1858 1859 1883 1890 1894 1901 1918 1936 1957 1961 1972 1977 1985 2002 2020 2021 2027 2029 2030 2031 2039 2048 2058 2063 2069 2071 2084 2085 2090 2104 2119 2122 2128 2129 2135 2142 2165 2170 2179 2180 2184 2193 2196 2201 2208 2210 2236 2246 2255 2260 2262 2265 2279 2297 2324 2344 2346 2355 2359 2361 2368 2387 2388 2392 2393 2403 2436 2443 2449 2460 2490 2502 2512 2524 2533 2549 2550 2557 

Test #218


Test #219


Test #220
222 536 850 969 1285 1922 1964 2095 2160 2384 2396 2546 2560 2565 2642 2648 2661 2692 2804 2853 2870 2977 3033 3034 3039 3054 3057 3130 3168 3194 3221 3256 3261 3272 3279 3288 3308 3333 3342 3355 3367 3391 3401 3403 3412 3420 3428 3437 3440 3442 3453 3459 3472 3488 3491 3500 3509 3513 3514 3524 3529 3538 3553 3559 3606 3644 3667 3675 3690 3699 3709 3739 3754 3767 3785 3786 

Test #221
2698 2853 3355 

Test #222
49 53 221 287 553 758 872 895 1096 1173 1352 1543 1701 1868 1869 1876 1935 1944 1988 2070 2125 2173 2330 

Test #223
3588 3766 4424 

Test #224


Test #225
42 199 291 351 376 487 493 526 565 717 755 810 848 877 945 952 1304 1378 1553 1625 1634 1660 1817 1883 1959 1994 2070 2074 2125 2160 2181 2211 2215 2259 2282 2293 2348 2353 2379 2425 2457 2534 2551 2564 2623 2674 2719 2733 

Test #226
16 474 850 1189 1262 1902 1978 2028 2397 2635 2955 2966 3216 3487 3616 3725 3727 3855 3948 4091 4136 4216 4266 4307 4327 4361 4369 4413 4478 4490 4493 4519 4571 4577 4588 4612 4622 4630 4639 4647 4666 4692 4717 4728 4759 4769 4774 4781 4784 4805 4841 4847 4859 4860 4894 4905 4932 4936 4940 4950 4966 4969 4970 4971 4998 5002 5003 5004 5005 5024 5052 5053 5060 5069 5073 5078 5094 5096 5102 5111 5119 5128 5132 5134 5143 5150 5153 5163 5177 5187 5188 5191 5198 5201 5221 5226 5236 5247 5259 5276 5295 5307 5331 5344 5380 5393 5396 5403 5415 5428 5429 5437 5440 5450 5455 5479 5501 5518 5529 5534 5548 

Test #227


Test #228
210 786 1001 1369 1970 1987 

Test #229


Test #230
524 742 958 1339 1404 1801 1853 1952 

Test #231


Test #232


Test #233


Test #234
3 14 43 46 52 58 65 74 77 78 95 102 103 104 107 109 113 143 149 175 178 191 194 195 196 197 207 208 213 218 224 232 241 244 248 249 250 254 267 274 295 297 298 299 304 305 308 310 319 327 334 344 348 351 353 383 397 409 413 420 424 427 440 441 461 463 465 468 480 484 489 493 503 505 514 522 531 536 538 553 560 561 574 584 600 605 611 622 623 646 647 650 653 654 669 671 673 707 708 710 719 725 737 738 739 744 746 755 757 765 769 789 792 799 806 838 856 873 874 877 879 880 887 915 918 926 928 935 939 941 957 966 988 1001 1012 1014 1030 1040 1044 1045 1057 1060 1063 1067 1073 1086 1090 1093 1107 1111 1119 1123 1135 1149 1155 1158 1163 1182 1194 1211 1213 1219 1228 1232 1233 1234 1239 1241 1242 1246 1264 1270 1287 1288 1301 1304 1305 1321 1322 1332 1336 1367 1390 1412 1422 1434 1437 1448 1450 1462 1466 1479 1480 1482 1489 1491 1492 1510 1513 1514 1532 1533 1545 1548 1567 1568 1570 1572 1575 1577 1587 1590 1612 1616 1619 1623 1625 1628 1632 1636 1646 1651 1664 1666 1668 1669 1673 1682 1689 1695 1699 1700 1710 1711 1714 1715 1721 1723 1726 1741 1755 1758 1765 1776 1780 1790 1796 1799 1807 1809 1811 1818 1821 1825 1828 1840 1846 1851 1852 1866 1878 1884 1898 1902 1913 1923 1941 1950 1964 1969 1978 1984 1991 1993 1999 2003 2006 2028 2039 2067 2090 

Test #235
4927 

Test #236
4586 4716 4722 

Test #237
1475 1617 

Test #238
100 220 272 485 628 686 762 771 797 850 916 986 997 1002 1008 1072 1098 1115 1198 1252 1386 1499 1518 1605 1609 1663 1706 1782 1897 1966 2041 2045 2053 2204 2213 2286 2373 2390 2620 

Test #239
1687 

Test #240
1826 3187 3209 3619 3650 3712 3954 4063 4198 4631 5038 

Test #241
1687 3060 

Test #242
199 376 487 493 526 553 755 801 877 945 969 971 1034 1069 1151 1169 1199 1285 1335 1352 1551 1625 1634 1644 1698 1729 1817 1844 1857 1865 1935 1994 2019 2050 2113 2160 2181 2183 2211 2215 2226 2259 2264 2330 2348 2360 2425 2457 

Test #243


Test #244
59 61 132 189 316 318 340 346 364 462 471 472 475 512 519 603 631 825 843 897 907 912 931 967 1007 1029 1079 1177 1195 1284 1331 1384 1408 1565 1654 1659 1702 1716 1750 1759 1770 1838 1883 1891 1914 1953 2085 2104 

Test #245
100 166 259 698 812 904 916 959 986 1037 1056 1115 1309 1585 1640 1663 1833 1897 1912 1922 2053 2133 2143 2204 2212 2286 2292 2320 2395 

Test #246
6 14 596 665 816 884 982 1008 1188 1240 1330 1417 1499 1763 1852 1893 1898 1912 2055 2088 2136 2147 2222 2246 2277 2401 2453 2506 2589 2596 2675 2681 2695 2701 2751 2803 2888 2938 2978 3017 3029 3060 3114 3282 

Test #247
0 14 45 113 159 222 230 251 260 276 298 328 329 334 353 355 386 394 416 423 428 441 478 494 536 572 596 618 665 682 703 712 718 719 734 746 752 765 768 783 811 816 872 908 920 932 953 982 1003 1043 1100 1107 1122 1126 1149 1159 1161 1164 1217 1227 1234 1243 1246 1253 1263 1264 1266 1277 1295 1297 1301 1330 1334 1337 1358 1372 1381 1414 1417 1466 1554 1559 1566 1567 1580 1590 1600 1611 1628 1651 1679 1681 1687 1695 1717 1753 1756 1761 1763 1784 1797 1799 1810 1845 1849 1852 1898 1924 1941 1951 1954 1964 1965 1971 1975 1987 2005 2018 2022 2043 2088 2098 2115 2118 2120 2136 2138 2139 2141 2145 2147 2148 2155 2167 2175 2176 2184 2191 2203 2213 2218 2220 2222 2231 2235 2252 2253 2258 2270 2273 2275 2277 2281 2296 2299 2301 2303 2305 2306 2312 2313 2316 2329 2334 2335 2345 2351 2357 2363 2372 2373 2374 2389 2390 2394 2396 2399 2419 2420 2433 2438 2441 2444 2450 2453 2455 2465 2469 2483 2486 2489 2491 2497 2500 2514 2516 2518 2521 2528 2529 2535 2542 2547 2553 2573 2579 2581 2589 2601 2603 2606 2641 2651 2653 2656 2658 2661 2680 2684 2688 2725 2727 2738 2744 2749 2751 2772 2775 2789 2815 2844 2846 2849 2889 2890 2924 2932 2940 

Test #248
843 3586 3620 3786 3982 4033 4311 4410 4597 4619 4727 4794 4902 4919 4935 4937 4945 4972 5109 

Test #249
1122 4385 

Test #250
216 294 582 777 798 950 994 1054 1077 1106 1164 1425 1621 1783 1843 1940 2001 2533 2724 3000 3024 3047 3095 3133 3142 3178 3299 3383 3467 3534 3618 3632 3651 3690 3760 3805 3822 3985 4016 4036 4071 4089 4145 4163 4253 4287 4317 4324 4481 4523 4558 4566 4586 4600 4605 4607 4656 4658 4697 4703 4704 4713 4724 4742 4749 4750 4762 4787 4811 4813 4818 4838 4852 4873 4875 4880 4888 4894 4897 4903 4909 4913 4914 4915 4916 4931 4933 4962 4973 4976 4980 4985 4993 4999 5006 5011 5023 5027 5029 5035 5039 5063 5088 5093 5102 5112 5116 5118 5121 5123 5129 5147 5158 5162 5166 5171 5185 5187 5194 5207 5209 5214 5216 5218 5220 5228 5231 5238 5242 5243 5246 5249 5271 5278 5295 5304 5309 5313 5318 5321 5346 5348 5375 5382 5390 5407 5414 5420 5424 5485 5488 

Test #251


Test #252


Test #253
474 1043 1732 2429 2955 3345 3354 3404 3487 3616 3679 3963 4136 4162 4216 4278 4329 4374 4383 4391 4478 4490 4492 4542 4555 4566 4632 4638 4671 4692 4710 4715 4717 4719 4739 4759 4774 4786 4789 4805 4815 4817 4818 4819 4841 4859 4860 4875 4895 4898 4915 4932 4940 4950 4968 4998 5002 5003 5004 5029 5052 5053 5062 5069 5073 5080 5094 5096 5114 5121 5134 5136 5143 5163 5191 5221 5276 

Test #254
162 356 369 960 980 1267 1323 1327 1413 1498 1549 1886 1888 1913 1947 1990 2066 2077 2159 2263 2467 2515 2615 2644 2732 2754 2762 2763 2790 2797 2834 2842 2845 2892 2907 2926 2976 2997 3023 3024 3030 3069 3134 3161 3203 3265 3311 3312 3323 3327 3343 3345 3372 3393 3448 3485 3486 3504 3566 3568 

Test #255
3187 3209 3650 3664 3712 3998 4013 4026 4039 4064 4116 4132 4869 4986 5038 5352 

Test #256


Test #257
0 10 12 14 73 113 138 162 205 243 276 279 298 303 327 334 350 353 378 389 398 421 427 437 441 466 482 525 536 583 594 611 612 621 730 746 748 767 808 818 847 855 867 884 920 923 954 961 976 1058 1089 1100 1106 1107 1125 1126 1149 1160 1168 1191 1234 1237 1246 1253 1260 1277 1301 1337 1361 1428 1434 1448 1451 1466 1471 1506 1541 1552 1554 1567 1580 1590 1628 1638 1675 1688 1689 1692 1718 1746 1750 1777 1797 1799 1852 1878 1889 1898 1909 1915 1964 1989 2037 2043 2059 2075 2102 2118 2136 2137 2138 2139 2141 2163 2184 2185 2200 2206 2220 2221 2222 2230 2253 2263 2273 2277 2301 2306 2308 2316 2322 2334 2335 2336 2345 2357 2362 2372 2374 2401 2406 2408 2420 2423 2427 2428 2431 2455 2462 2476 2483 2489 2497 2503 2510 2514 2515 2552 2553 2575 2581 2601 2602 2663 2685 

Test #258


Test #259
6 11 38 45 112 122 159 181 188 210 222 230 251 260 264 328 329 336 355 379 386 394 416 417 425 451 458 467 474 488 497 500 513 541 550 596 618 619 628 638 665 685 712 713 718 719 734 751 768 783 786 811 816 839 872 953 982 998 1002 1048 1076 1136 1161 1167 1227 1240 1253 1263 1269 1291 1297 1326 1330 1338 1379 1381 1389 1391 1414 1417 1419 1484 1486 1531 1558 1566 1600 1609 1651 1661 1680 1687 1695 1713 1717 1735 1736 1756 1761 1763 1775 1784 1802 1810 1820 1827 1845 1849 1852 1863 1893 1898 1924 1941 1943 1954 1965 1970 1971 1975 1976 2005 2018 2043 2059 2060 2087 2088 2091 2098 2115 2120 2123 2132 2138 2139 2145 2147 2155 2163 2172 2175 2176 2213 2218 2222 2224 2231 2235 2252 2253 2270 2273 2296 2305 2329 2351 2389 2394 2399 2438 2469 2483 2491 2505 2514 2535 2589 

Test #260
284 590 931 1044 1142 1247 1303 1404 1461 1481 1652 1745 1803 1910 1938 1953 2045 2368 2391 2522 2532 2577 2598 2609 2657 2684 2700 2736 2743 2814 2827 2840 2875 2891 2908 2919 2949 2985 3047 3052 3083 3100 3101 3118 3142 3180 3183 3198 3200 3209 3218 3219 3223 3232 3245 3246 3258 3329 3353 3366 3368 3371 3389 3394 3396 3406 3407 3417 3419 3428 3430 3437 3438 3449 3450 3451 3466 3480 3483 3484 3525 3527 3543 3549 3550 3551 3561 3569 3571 3572 3592 3597 3601 3608 3633 3645 3646 3676 3691 3713 3768 3772 3795 3805 3819 3855 

Test #261
545 917 2600 

Test #262
173 263 338 371 722 1191 1270 1909 1989 2047 2141 2421 2433 2438 2486 2500 2656 2739 2850 2872 2889 2890 2895 2906 2930 2932 2964 2967 2977 2997 2999 3016 3033 3037 3052 3057 3068 3110 3115 3160 3170 3227 3236 3439 

Test #263


Test #264
4523 4914 4976 4987 5006 5016 5112 5187 5214 5278 5309 5318 5342 5394 5412 5420 

Test #265


Test #266
16 90 95 143 172 213 246 250 285 291 297 307 319 347 351 362 411 424 444 484 493 528 546 548 565 577 593 619 645 653 674 717 727 769 774 810 846 848 849 870 946 947 1011 1025 1036 1066 1094 1139 1189 1194 1263 1290 1294 1304 1378 1403 1410 1444 1470 1539 1553 1573 1602 1604 1612 1621 1631 1656 1658 1660 1661 1685 1707 1720 1744 1766 1780 1789 1792 1810 1818 1839 1845 1860 1865 1866 1873 1881 1883 1902 1916 1928 1945 1950 1962 1984 2000 2010 2023 2067 2081 2093 2100 2116 2127 2131 2134 2148 2152 2160 2194 2207 2215 2225 2238 2249 2254 2257 2258 2270 2282 2293 2313 2317 2318 2331 2348 2375 2377 2379 2380 2382 2385 2456 2459 2470 2474 2495 2499 2507 2513 2558 2577 2586 

Test #267


Test #268
2800 3346 3352 3650 3977 4066 

Test #269
1185 4340 

Test #270


Test #271
218 256 338 362 862 897 1098 1213 1239 1410 1536 1554 1639 1707 1869 2080 2126 2134 2161 2162 2177 2195 2298 2333 2559 2973 3028 3152 3229 3255 3338 3410 3455 3468 3654 3739 3752 3847 3876 3893 3901 3918 3960 3977 3981 4032 4037 4054 4092 4095 4114 4125 4148 4152 4160 4164 4167 4182 4213 4226 4228 4255 4290 4295 4314 4330 4332 4336 4339 4341 4352 4365 4368 4369 4385 4405 4406 4428 4437 4443 4472 4479 4483 4484 4492 4494 4501 4513 4517 4530 4531 4533 4542 4543 4547 4549 4550 4556 4557 4561 4562 4568 4570 4572 4577 4579 4611 4616 4650 4654 4662 4669 4678 4684 4706 4708 4720 4745 4751 4756 4764 4780 4782 4783 4788 4791 4799 4801 4806 4808 4823 4827 4847 4850 4854 4861 4863 4867 4870 4872 4877 4892 4893 4901 4905 4911 4920 4921 4930 4936 4944 4946 4951 4952 4954 4956 4960 4971 4977 4978 4997 5005 5010 5013 5015 5025 5031 5032 5033 5043 5045 5046 5048 5051 5055 5060 5075 5079 5084 5085 5090 5095 5097 5100 5103 5130 5140 5151 5172 5173 5174 5181 5184 5190 5224 5225 5237 5245 5251 5253 5254 5261 5273 5281 5287 5298 5315 5317 5319 

Test #272
1198 1252 2045 

Test #273


Test #274


Test #275
296 504 519 524 643 690 978 1296 1341 1404 1552 1859 1894 2054 2056 2078 2103 2105 2106 2135 2151 2174 2193 2228 2251 2261 2266 2280 2285 2337 2370 2398 2402 2458 2472 2494 2511 2530 2532 2563 2636 2710 

Test #276
2092 2099 2669 2764 3425 3481 

Test #277


Test #278
3827 4869 

Test #279


Test #280


Test #281
474 485 631 2045 2412 2658 2682 2737 

Test #282
6 100 168 220 272 300 311 322 353 379 402 428 514 550 628 686 698 752 762 771 797 803 850 862 916 923 986 1002 1008 1032 1072 1098 1115 1162 1188 1274 1286 1292 1380 1386 1457 1477 1499 1518 1536 1605 1608 1609 1638 1657 1663 1706 1726 1731 1782 1829 1832 1838 1853 1897 1911 1922 1946 1966 2041 2053 2055 2092 2111 2126 2140 2154 2202 2204 2213 2232 2286 2300 2307 2314 2352 2370 2373 2386 2390 2405 2415 2426 2434 2438 2440 2450 2451 2482 2486 2493 2520 2536 2545 2570 2576 2585 2597 2603 2614 2620 2652 2664 

Test #283


Test #284


Test #285
164 1880 1908 1932 2004 2046 2059 2111 2117 2157 2227 2251 2290 

Test #286
3352 

Test #287
181 221 493 713 1151 1625 1816 1857 1869 1944 1988 2304 2330 2360 2400 2555 2649 2673 2697 2808 2859 2914 

Test #288
3586 3620 4619 4865 4972 4981 

Test #289
712 1056 1567 1797 1912 2055 2115 2384 2689 2804 2853 2977 3156 3186 3221 3333 3341 3377 3401 3457 3606 3611 3628 

Test #290


Test #291
204 1576 2259 2396 3654 3834 3884 3944 3981 4037 4081 4330 4339 4352 4368 4484 4501 4517 4533 4542 4561 4570 4654 4684 4782 4851 4872 4893 4925 4951 4960 5043 5155 5223 5267 5272 5302 5335 5369 5442 

Test #292


Test #293
972 1274 2319 2441 2472 2477 2609 2986 3159 3175 3224 3353 3390 3569 3571 3630 3645 3711 3719 3733 3761 3828 3834 3846 3869 3887 3888 3895 3901 3948 3971 3977 3983 3993 4032 4037 4043 4127 4152 4166 4172 4177 4189 4190 4191 4199 4214 4221 4222 4228 4233 4234 4246 4267 4271 4272 4284 4290 4299 4311 4312 4321 4325 4343 4358 4366 4372 4373 4378 4396 4407 4411 4424 4430 4435 4474 4484 4496 4497 4500 4512 4515 4529 4532 4564 4578 4597 4606 4614 4643 4658 4663 4684 4690 4703 4705 4729 4745 4754 4781 

Test #294
41 49 193 212 225 242 549 668 1543 1900 2070 

Test #295
181 458 467 487 713 946 1151 1185 1419 1680 1857 1863 1944 2218 2249 2366 2400 2432 2447 2573 2631 2761 2769 2808 2855 3009 3036 3086 3090 3117 3151 3159 3167 3224 3228 3231 3254 3260 3325 3339 3443 3470 3505 3517 3522 

Test #296
1002 3155 

Test #297


Test #298


Test #299
31 2532 2855 3024 3095 3639 3959 3967 4016 4122 4187 4211 4400 4402 4452 4499 4505 4523 4537 4545 4563 4605 4607 4636 4732 4747 4787 4849 4973 4987 4993 5006 5016 5116 5123 

Test #300
1411 3343 3496 3959 4016 4122 4187 4202 4232 4282 4313 4383 4401 4402 4415 4452 4478 4505 4518 4563 4596 4605 4636 4682 4717 4747 4787 4871 

Test #301


Test #302


Test #303


Test #304
31 216 777 798 1106 1191 1940 2532 2724 2855 3000 3024 3095 3178 3383 3492 3534 3632 3639 3651 3760 3822 4016 4071 4083 4089 4122 4187 4188 4211 4253 4317 4363 4417 4434 4499 4505 4523 4525 4537 4589 4600 4605 4607 4636 4642 4645 4697 4702 4704 4713 4724 4749 4750 4752 4787 4813 4818 4838 4849 4852 4888 4914 4973 4976 4987 4993 5006 5011 5016 5112 5116 5118 5123 5158 5185 5187 5214 5278 5309 5318 

Test #305


Test #306
2092 2764 3346 3352 

Test #307
1198 

Test #308


Test #309
3118 4716 4722 4792 4896 4918 4984 5072 5326 

Test #310
9 29 63 65 102 103 116 121 149 163 270 274 278 280 299 308 317 418 430 448 512 521 544 590 602 611 636 680 707 754 825 843 845 860 887 897 907 931 975 1067 1075 1080 1097 1110 1210 1331 1498 1606 1632 1639 1643 1652 1653 1723 1739 1740 1749 1769 1790 1812 1822 1834 1837 1847 1858 1859 1894 1953 1977 2002 2021 2029 2031 2048 2058 2065 2069 2084 2090 2119 2131 2142 2170 2179 2180 2184 2193 2200 2201 2208 2246 2255 2262 2263 2267 2279 2285 2288 2295 2322 2341 2346 2350 2355 2359 2368 2378 2388 2392 2401 2403 2410 2414 2478 2480 2481 2498 2512 2517 2539 2565 2572 2610 2617 2627 2642 2662 2706 2716 2735 2753 

Test #311
3435 3716 

Test #312
67 230 298 334 363 433 508 618 656 677 730 760 972 1016 1274 1286 1295 1381 1590 1651 1859 1864 1954 1965 2008 2045 2049 2053 2069 2078 2080 2092 2162 2174 2220 2229 2231 2235 2246 2252 2253 2261 2262 2280 2316 2334 2337 2342 2378 2401 2410 2426 2428 2455 2503 2520 2553 2571 2572 2576 2585 2598 2601 2618 2636 2641 2668 2669 2690 2699 2700 2701 2707 2712 2737 2740 2750 2756 2759 2774 2790 2802 2811 2815 2817 2822 2827 2830 2835 2839 2846 2865 2873 2877 2878 2884 2922 2960 2965 2970 2974 2975 2991 2993 3001 3004 3006 3035 3049 3059 3071 3075 3082 3097 3098 3124 3131 3147 3153 

Test #313
71 831 843 897 1142 1166 1362 1404 1461 1639 1847 1953 2008 2014 2229 2241 2319 2446 2522 2576 2577 2598 2604 2609 2736 2743 2813 2891 2899 2919 2951 2959 2985 3047 3100 3109 3113 3116 3141 3157 3180 3188 3198 3209 3218 3219 3232 3246 3283 3305 3321 3324 3334 3389 3394 3396 3417 3428 3430 3437 3438 3449 3450 3466 3473 3483 3484 3488 3489 3506 3509 3514 3520 3525 3529 3543 3549 3550 3552 3554 3561 3570 3571 3572 3577 3646 3647 3656 3657 3674 3680 3694 3712 3741 3768 3771 3795 3799 3803 3811 3850 3861 3901 3906 3920 

Test #314


Test #315


Test #316
917 951 1019 1257 1578 1937 2693 3014 3187 

Test #317
284 371 2192 2390 2419 2520 2949 3020 3084 3098 3180 3209 3246 3250 3298 3327 3334 3417 3428 3437 3446 3447 3450 3503 3507 3526 3528 3539 3543 3550 3560 3579 3603 3605 3609 3610 3620 3623 3641 3645 3674 3676 3683 3696 3707 3711 3712 3729 3771 3774 3792 3795 3796 3811 3834 3851 3863 3884 3897 3943 3971 3984 4002 4011 4022 4040 

Test #318
3347 3666 

Test #319


Test #320
4716 4722 4896 4918 5072 5088 5213 

Test #321
1002 2661 4009 

Test #322
9 58 109 117 124 152 186 196 208 209 214 244 253 258 295 305 315 318 320 435 453 475 538 545 561 664 721 757 833 838 859 876 917 933 941 951 956 980 1009 1019 1029 1030 1054 1057 1071 1073 1110 1119 1121 1135 1140 1170 1181 1207 1236 1272 1273 1276 1287 1289 1311 1329 1332 1333 1354 1390 1439 1492 1517 1522 1534 1563 1674 1699 1765 1770 1882 1936 1937 1948 1956 1973 1974 1998 2007 2025 2035 2062 2064 2069 2071 2079 2107 2122 2153 2179 2189 2214 2216 2223 2233 2242 2245 2265 2328 2344 2354 2404 2473 2508 2537 

Test #323


Test #324
1647 2942 3496 3874 3989 3998 4019 4027 4034 4038 4049 4122 4161 4185 4202 4232 4255 4313 4383 4390 4401 4415 

Test #325
2661 3347 3909 

Test #326


Test #327


Test #328
1323 1327 1498 1888 1990 2467 2515 2763 2892 2997 3134 3161 3311 3312 3327 3343 3372 3486 3504 

Test #329
73 162 169 190 246 263 267 279 365 371 385 389 392 400 411 437 444 460 540 577 583 627 879 1055 1066 1075 1195 1210 1270 1425 1528 1541 1616 1746 1826 1858 1865 1873 1902 1916 1928 1978 1998 2028 2052 2059 2072 2075 2085 2093 2112 2116 2187 2189 2221 2242 2268 2274 2282 2328 2355 2361 2375 2392 2418 2427 2431 2443 2447 2449 2460 2467 2470 2479 2481 2484 2487 2490 2499 2507 2513 2524 2534 2537 2539 2557 2558 2561 2564 2577 2578 2581 2591 2594 2608 2610 2612 2615 2616 2621 2624 2626 2628 2631 2633 2637 2640 2648 2666 2676 2677 2689 2696 2709 2717 2721 2728 2730 2731 2734 2742 2743 2752 2753 2754 2767 2769 2773 2785 2799 2809 2812 2818 2819 2825 2832 2834 2838 2841 2842 2862 2864 2872 2887 2892 2902 2906 2912 2930 2937 2949 2977 2996 3008 3016 3054 3068 3087 3100 3111 3115 

Test #330
3187 3209 3650 3664 3712 4013 4026 4039 4064 4116 4132 4495 4869 5038 5352 

Test #331
656 1296 1859 1894 2069 2092 2135 2151 2174 2246 2261 2262 2337 2398 2426 2445 2455 2458 2494 2530 2532 2618 2646 2690 2750 2790 2873 

Test #332
2661 

Test #333


Test #334
9 107 109 162 253 280 356 369 453 535 538 569 678 860 960 1019 1030 1311 1332 1522 1549 1584 1758 1765 1886 1913 1937 1947 1960 1973 2035 2071 2077 2144 2156 2159 2245 2322 2615 2732 2762 2860 2948 3020 3023 3030 3069 3079 3203 

Test #335


Test #336


Test #337


Test #338
369 544 980 1327 1826 2948 3132 3328 3437 3543 3610 3639 3641 3743 3749 3762 3796 3811 3827 3883 3897 3905 3906 3927 3947 3955 4052 4067 4107 4108 4113 4137 4138 4141 4142 4143 4203 4279 4337 4371 4399 

Test #339


Test #340
246 627 878 960 1128 1191 1300 1327 2358 2487 2624 2919 3024 3098 3139 3166 3235 3323 3361 3402 3492 3568 3610 3613 3639 3641 3745 3749 3760 3771 3785 3796 3800 3809 3811 3883 3906 3927 3932 3955 3979 3998 4010 4039 4052 4083 4108 4113 4116 4132 4141 4142 4156 4187 4203 4279 4308 4322 4371 4393 4394 4399 4431 4445 4452 4475 4495 4537 4553 4600 4609 4645 4659 4686 4697 4724 4743 4752 4776 4820 4824 4843 4862 

Test #341


Test #342


Test #343


Test #344


Test #345
216 777 798 1077 1106 1940 2724 3000 3024 3095 3178 3383 3534 3632 3651 3690 3822 3985 4016 4071 4089 4122 4253 4317 4434 4523 4590 4600 4607 4632 4697 4703 4713 4724 4749 4750 4762 4813 4818 4838 4888 4909 4914 4976 4987 4993 4999 5006 5011 5016 5039 5063 5112 5116 5118 5121 5123 5158 5162 5185 5187 5214 5220 5228 5231 5260 5278 5285 5304 5309 5318 5321 5338 5342 5346 5348 5382 5388 5390 5412 5414 5420 5485 5488 5533 

Test #346
0 850 1554 1922 2095 2126 2181 2259 2292 2623 2629 2665 2692 2784 2798 2870 2925 2938 3059 3157 3167 3173 3191 3215 3267 3269 3272 3293 3303 3330 3355 3375 3427 3439 3444 3450 3462 3484 3489 3506 3512 3515 3546 3547 3562 3567 3587 3628 3640 3662 3671 3675 3690 3699 3725 3730 3731 3738 3739 3746 3754 3767 3785 3789 3810 3813 3836 3843 3844 3848 3869 3879 3888 3898 3907 3911 3912 3915 3918 3931 3941 3946 3949 3966 3967 3976 3992 3995 4005 4008 4013 4060 4077 4079 4112 4123 4140 4150 4191 

Test #347
41 73 87 153 161 162 173 190 211 245 258 263 267 277 307 338 346 365 371 385 389 392 396 400 410 411 489 506 510 528 532 538 540 569 577 614 616 623 671 674 678 705 725 745 757 793 804 827 847 866 879 927 940 1011 1036 1044 1052 1055 1070 1128 1185 1195 1216 1256 1270 1323 1378 1385 1390 1425 1491 1503 1510 1522 1540 1541 1545 1548 1577 1601 1656 1664 1666 1669 1712 1746 1747 1751 1758 1769 1771 1783 1789 1811 1850 1858 1873 1883 1886 1888 1901 1904 1913 1918 1928 1945 1947 1956 1960 1963 1968 1974 1985 1990 2015 2020 2027 2030 2035 2040 2052 2063 2066 2068 2072 2075 2077 2082 2085 2104 2110 2112 2116 2127 2131 2144 2156 2165 2168 2169 2170 2187 2190 2192 2194 2196 2198 2201 2214 2215 2221 2233 2242 2250 2256 2267 2268 2277 2278 2279 2282 2293 2294 2297 2302 2313 2328 2334 2340 2347 2355 2361 2365 2375 2376 2378 2379 2383 2384 2385 2393 2413 2416 2418 2424 2430 2432 2436 2442 2443 2447 2448 2449 2453 2460 2470 2485 2487 2490 2496 2501 2507 2513 2516 2524 2526 2531 2534 2537 2538 2546 2554 2557 2558 2561 2578 2587 2591 2594 2607 2612 2615 2616 2624 2628 2633 2637 2638 2645 2648 2655 2666 2671 2689 2696 2702 2730 2731 2752 2755 2785 

Test #348


Test #349
6 11 14 38 45 112 113 122 129 134 159 179 181 188 210 230 238 251 272 311 327 328 329 336 353 355 363 379 390 394 402 403 416 417 423 425 433 441 451 458 467 474 478 483 488 494 497 500 513 514 541 550 572 596 618 626 628 630 638 657 665 682 685 703 712 713 718 719 734 751 753 756 762 765 767 768 778 783 786 811 816 839 908 919 932 953 954 961 978 982 998 1002 1003 1043 1048 1061 1072 1107 1136 1141 1159 1161 1162 1164 1167 1176 1196 1217 1227 1240 1246 1253 1264 1266 1291 1292 1295 1301 1326 1330 1334 1338 1358 1365 1381 1386 1389 1391 1414 1417 1419 1466 1484 1486 1531 1558 1559 1562 1566 1580 1590 1609 1628 1651 1680 1687 1695 1713 1726 1736 1761 1763 1775 1784 1797 1802 1804 1820 1827 1832 1849 1852 1863 1893 1898 1924 1941 1943 1951 1954 1965 1971 1975 1976 1987 2018 2022 2037 2043 2059 2060 2087 2091 2098 2102 2115 2118 2120 2123 2132 2137 2138 2141 2145 2147 2155 2158 2163 2175 2176 2185 2203 2213 2218 2224 2231 2235 2252 2253 2272 2273 2296 2299 2301 2303 2305 2307 2329 2332 2345 2351 2363 2374 2389 2399 2423 2438 2469 2483 2505 2535 2542 2547 

Test #350


Test #351
329 1043 1159 1677 1725 2551 2779 3283 3331 3337 3354 3404 3523 3607 3615 3622 3631 3663 3689 3726 3817 3836 3894 3898 3907 3999 4015 4058 4084 4089 4090 4095 4105 4132 4135 4150 4158 4208 4216 4219 4220 4235 4276 4307 4316 4331 4426 4437 4467 4487 4505 4513 4555 4565 4566 4568 4604 4615 4626 4632 

Test #352


Test #353
31 2595 3416 3496 3836 3963 4021 4187 4227 4351 4354 4374 4391 4434 4523 4534 4536 4537 4560 4586 4590 4596 4607 4638 4682 4689 4715 4734 4775 4810 4815 4849 4871 4880 4881 4883 4897 4903 4914 4917 4950 5003 5006 5008 5016 5019 5050 5053 5062 5096 5112 5119 5129 5132 5153 5167 5191 5197 5247 

Test #354
1964 2661 3308 3391 3412 3454 3462 3500 3555 

Test #355
66 173 245 256 338 371 478 494 616 703 938 1003 1014 1066 1106 1164 1182 1194 1321 1385 1865 1901 1998 2086 2096 2168 2275 2291 2298 2383 2390 2397 2419 2421 2465 2478 2490 2497 2520 2527 2540 2602 2656 2658 2674 2680 2697 2718 2744 2749 2755 2824 2828 2865 2866 2879 2881 2918 2921 2930 2940 2945 2958 2970 2981 2982 2995 2999 3016 3057 3058 3068 3076 3084 3087 3098 3104 3112 3115 3123 3128 3133 3147 3160 3170 3175 3176 3185 3196 3212 3214 3227 3235 3236 3238 3241 3244 3252 3263 3266 3270 3276 3281 3298 3309 3319 3320 3330 3332 3348 3356 3359 3360 3369 3375 3381 3387 3427 3439 3446 3447 3458 3461 3465 3490 3508 3510 3515 3518 3526 3535 3536 3573 3578 3579 3599 3625 3626 3640 3641 3648 3671 3677 

Test #356


Test #357


Test #358
25 407 414 545 563 664 820 1019 1060 1101 1104 1235 1289 1329 1333 1375 1597 1634 1742 1824 1899 1937 

Test #359
55 447 998 1484 1817 2176 2191 2351 2456 2495 2505 2551 2650 2722 2733 2855 2859 2984 3036 3090 3287 3338 3364 3470 3495 3522 

Test #360
949 1411 2850 2885 2907 2929 2942 2983 3119 3128 3146 3249 3253 3259 3268 3336 3397 3409 

Test #361


Test #362
458 668 2165 2855 3199 

Test #363


Test #364


Test #365
1151 3204 4005 4042 4134 4493 4575 4753 4779 4845 4996 

Test #366


Test #367
73 133 144 162 169 263 294 315 317 365 371 411 577 582 627 725 859 879 927 1044 1055 1075 1128 1195 1210 1216 1273 1323 1425 1459 1528 1746 1769 1771 1783 1826 1843 1850 1873 1888 1918 1928 1948 1990 1998 2052 2059 2065 2066 2075 2077 2109 2112 2187 2208 2234 2242 2274 2282 2350 2354 2355 2359 2375 2376 2385 2392 2413 2418 2421 2431 2438 2467 2470 2473 2478 2479 2481 2484 2486 2487 2490 2513 2534 2537 2539 2541 2557 2558 2577 2591 2594 2608 2610 2612 2615 2616 2621 2624 2628 2631 2654 2657 2677 2683 2706 2708 2709 2717 2721 2728 2731 2734 2742 2743 2746 2752 2753 2754 2758 2767 2771 2777 2791 2796 2801 2807 2809 2810 2814 2818 2819 2825 2832 2834 2836 2838 2841 2842 2862 2866 2872 2885 2887 2892 2902 2906 2908 2909 2911 2912 2921 2926 2930 2936 2937 2949 2952 2953 2962 2977 2981 2982 2987 2990 2995 2996 2997 2999 3008 3016 3037 3053 3062 3068 3093 3100 3111 3115 3119 3129 3135 3144 3166 3174 3180 3202 3217 3227 

Test #368


Test #369


Test #370


Test #371
6 12 14 45 62 73 113 129 134 159 188 205 230 238 251 260 272 276 298 303 327 328 329 334 336 353 355 363 379 386 394 403 416 423 425 433 437 441 451 458 478 483 488 494 497 500 514 536 550 572 596 612 618 628 630 665 682 703 712 718 719 734 746 748 765 767 768 783 786 808 811 816 839 855 867 908 919 920 932 953 954 961 978 982 1002 1003 1043 1061 1100 1107 1125 1126 1136 1141 1149 1159 1161 1162 1164 1217 1227 1234 1237 1240 1243 1246 1253 1263 1264 1266 1277 1291 1295 1297 1301 1330 1334 1337 1338 1358 1365 1372 1381 1414 1417 1466 1484 1506 1554 1558 1559 1566 1567 1580 1590 1600 1609 1611 1628 1651 1675 1679 1681 1687 1688 1695 1713 1717 1726 1736 1746 1753 1756 1761 1763 1784 1797 1802 1810 1845 1849 1852 1863 1889 1893 1898 1909 1915 1924 1941 1943 1951 1954 1965 1971 1975 1987 2005 2018 2022 2037 2043 2059 2060 2087 2088 2091 2098 2102 2115 2118 2120 2123 2132 2136 2137 2138 2139 2141 2145 2147 2155 2158 2163 2167 2175 2176 2185 2191 2203 2213 2218 2220 2222 2224 2231 2235 2252 2253 2272 2273 2296 2299 2301 2303 2305 2306 2307 2316 2329 2332 2334 2335 2345 2351 2357 2363 2372 2373 2374 2389 2394 2396 2399 2419 2420 2423 2431 2433 2438 2450 2455 2465 2469 2483 2486 2489 2491 2497 2500 2514 2518 2521 2528 2529 2535 2542 2547 2553 2573 2579 2581 2601 2603 2606 2684 2725 

Test #372


Test #373
216 246 798 878 1106 1191 1411 2390 2532 2624 2715 2855 3024 3235 3250 3343 3361 3492 3550 3613 3639 3651 3660 3745 3751 3760 3800 3813 3849 3932 3959 3967 3980 3989 3998 4010 4083 4100 4122 4132 4156 4187 4188 4211 4232 4277 4279 4282 4308 4313 4317 4354 4363 4394 4399 4400 4402 4423 4452 4478 4488 4499 4520 4537 4545 4553 4563 4599 4609 4612 4645 4699 4709 4717 4732 4747 4749 4752 4787 

Test #374
1559 1681 2915 3765 3775 3844 3871 4065 4079 4104 4298 4370 4385 4464 4482 4509 4685 4797 4804 

Test #375
8 22 42 43 44 45 46 74 104 107 109 115 130 133 154 161 167 175 199 207 222 228 235 248 254 260 266 293 304 308 362 375 383 386 397 410 411 414 416 440 444 450 487 545 553 577 584 596 601 605 611 618 623 655 664 665 708 719 725 734 737 743 755 768 781 783 789 792 799 816 820 836 837 846 849 865 874 875 877 879 891 896 929 935 943 945 949 969 971 979 982 983 987 1011 1034 1040 1066 1067 1069 1070 1094 1104 1109 1116 1130 1158 1161 1163 1165 1194 1199 1201 1202 1228 1235 1244 1253 1260 1263 1270 1285 1289 1297 1310 1317 1324 1329 1330 1332 1333 1335 1343 1346 1352 1375 1381 1390 1403 1405 1407 1410 1417 1423 1428 1430 1444 1450 1467 1470 1489 1510 1511 1553 1555 1566 1569 1570 1573 1587 1592 1597 1600 1610 1615 1618 1621 1625 1627 1631 1636 1642 1645 1651 1664 1666 1668 1672 1673 1677 1682 1687 1698 1700 1707 1709 1711 1720 1732 1738 1742 1756 1758 1763 1764 1767 1810 1821 1824 1831 1839 1844 1845 1846 1873 1878 1913 1941 1947 1959 1969 1994 2006 2019 2023 2025 2035 2066 2074 2100 

Test #376
831 843 897 1362 1639 1847 2008 2014 2229 2241 2446 2576 2577 2598 2609 2806 2813 2891 2899 2951 2959 3017 3047 3100 3109 3113 3116 3141 3157 3168 3180 3188 3209 3218 3219 3222 3232 3267 3283 3305 3321 3324 3334 3382 3388 3389 3394 3396 3417 3428 3437 3438 3449 3450 3472 3473 3480 3483 3484 3488 3489 3506 3509 3514 3520 3525 3529 3543 3549 3550 3552 3554 3561 3570 3571 3572 3577 3608 3646 3647 3656 3657 3674 3676 3680 3694 3712 3741 3746 3771 3795 3799 3811 3861 

Test #377


Test #378
2181 2259 2396 3082 3656 3944 4081 4369 4443 4530 4665 4981 

Test #379


Test #380
2547 3009 3224 3398 3817 

Test #381
1430 

Test #382
40 111 284 309 317 544 602 725 903 927 931 1044 1077 1248 1548 1577 1803 1981 2065 2105 2169 2190 2200 2248 2282 2285 2324 2350 2362 2376 2413 2423 2468 2478 2480 2501 2508 2515 2530 2533 2558 2577 2587 2600 2609 2627 2628 2631 2634 2643 2644 2654 2704 2706 2708 2716 2721 2731 2734 2735 2743 2745 2753 2756 2763 2768 2771 2774 2776 2790 2796 2797 2806 2810 2814 2820 2826 2835 2838 2840 2851 2852 2853 2863 2866 2871 2891 2894 2901 2911 2921 2928 2935 2936 2943 2953 2961 2981 2982 2983 2987 2989 2995 3002 3018 3055 3078 3095 3096 3106 3108 3118 3139 3144 3154 3157 3164 3168 3189 3243 

Test #383
2808 3617 4270 4340 4575 

Test #384
643 1358 2045 2319 2743 2792 2800 3283 3346 3350 3411 3417 3426 3577 3646 3650 3669 

Test #385
1725 2045 2047 

Test #386
44 49 53 115 167 221 287 395 410 452 758 813 872 895 953 1096 1173 1202 1352 1403 1511 1543 1551 1637 1644 1701 1717 1729 1857 1868 1869 1876 1919 1944 

Test #387


Test #388
173 245 263 338 371 616 722 777 878 994 1106 1191 1195 1270 1385 1635 1901 1909 1940 1989 1998 2047 2141 2168 2192 2242 2383 2397 2421 2433 2438 2478 2486 2490 2500 2528 2606 2610 2621 2626 2654 2656 2658 2680 2717 2721 2739 2744 2752 2753 2754 2834 2841 2850 2866 2872 2879 2881 2889 2890 2895 2906 2921 2930 2932 2933 2937 2953 2964 2967 2977 2990 2997 2999 3008 3012 3016 3033 3037 3052 3057 3063 3068 3087 3110 3115 3127 3154 3160 3170 3175 3197 3226 3227 3230 3232 3233 3236 3266 3276 3281 3299 3315 3330 3381 3387 3427 3432 3436 3439 

Test #389
1122 3844 4385 4509 

Test #390
355 596 665 712 884 904 1016 1098 1188 1330 1499 1567 1763 1797 1898 1912 1922 2043 2055 2088 2115 2136 2147 2180 2222 2246 2277 2292 2401 2453 2503 2506 2589 2596 2648 2681 2689 2695 2698 2751 2803 2804 2811 2888 2938 2941 3017 3029 3041 3060 3102 3114 3130 3131 3136 3140 3172 3186 3205 3237 3282 3341 3376 3377 

Test #391
256 338 362 371 432 508 609 850 1126 1217 1496 1559 1588 1626 1707 1817 1869 2134 2161 2276 2292 2369 2415 2635 2729 2938 2973 3031 3152 3216 3338 3410 3425 3455 3462 3595 3658 3680 3717 3725 3775 3776 3864 3871 3948 3960 3961 3963 3966 3974 3981 3991 4018 4033 4059 4065 4084 4095 4097 4106 4111 4127 4136 4160 4162 4164 4166 4167 4200 4210 4222 4224 4237 4240 4255 4266 4278 4295 4298 4305 4314 4316 4328 4332 4335 4336 4339 4341 4343 4345 4352 4357 4362 4370 4372 4374 4377 4379 4385 4406 4411 4420 4433 4437 4439 4442 4447 4454 4464 4472 4479 4500 4501 4507 4509 4513 4531 4533 4539 4549 4556 4561 4568 4570 4572 4579 4595 4601 4604 4611 4627 4628 4638 4641 4647 4652 4654 4662 4669 4675 4677 4687 4692 4703 4706 4708 4715 4726 4730 4742 4746 4759 4766 4781 4782 4783 4784 4804 4807 4823 4827 4831 4848 4850 4855 4856 4861 4872 4892 4933 4938 

Test #392


Test #393
222 355 536 712 730 904 1016 1098 1330 1567 1763 1797 1922 2055 2115 2160 2180 2258 2292 2384 2453 2506 2516 2565 2648 2664 2681 2689 2698 2804 2811 2853 2938 3029 3033 3039 3041 3060 3114 3130 3131 3136 3172 3186 3205 3220 3221 3237 3256 3261 3282 3308 3341 3376 3401 3428 3442 3445 3454 3457 3459 3462 3478 3488 3512 3513 3516 3537 3538 3555 

Test #394


Test #395


Test #396
66 494 938 1164 1616 1902 2109 2192 2397 2497 2527 2602 2652 2762 2975 3133 3474 3487 3491 3511 3534 3690 3801 3816 3855 3872 3953 3985 4012 4028 4059 4078 4100 4101 4103 4111 4205 4210 4283 4327 4329 4356 4357 4361 4392 4404 4411 4413 4416 4420 4421 4481 4490 4507 4553 4565 4571 4573 4587 4588 4589 4599 4603 4622 4627 4630 4640 4648 4677 4693 4699 4702 4703 4704 4709 4713 4718 4720 4728 4732 4742 4750 4752 4765 4778 4797 4800 4806 4810 4811 4813 4821 4822 4825 4835 4842 4863 4864 4866 4868 4886 4887 4906 4907 4923 4924 4933 4957 4958 4969 4970 4985 4988 5012 5014 5024 5034 5039 5040 5049 5057 5059 5063 5064 5070 5105 5122 5127 5128 5144 5147 5169 5170 5175 5176 5180 5183 

Test #397
2808 4959 5106 

Test #398
474 850 932 1374 1385 1496 1559 1707 1817 1869 2086 2134 2369 2473 2635 2659 2770 2915 2973 3031 3152 3224 3242 3260 3283 3338 3339 3364 3410 3455 3482 3505 3522 3586 3607 3622 3627 3636 3654 3658 3679 3700 3702 3726 3746 3750 3765 3775 3776 3787 3830 3836 3843 3844 3881 3894 3898 3899 3907 3915 3938 3956 3961 3962 3963 3974 3976 3981 3994 4004 4005 4017 4044 4065 4079 4081 4082 4084 4087 4090 4095 4099 4105 4117 4149 4150 4162 4176 4179 4195 4204 4209 4238 4248 4251 4259 4298 4306 4370 4397 4406 4451 4479 4501 4506 4531 4533 

Test #399
49 553 1096 1173 1543 2070 2125 2173 2304 2555 

Test #400


Test #401


Test #402


Test #403


Test #404
100 272 698 797 1002 1037 1663 1897 2292 2320 

Test #405
2761 3009 

Test #406
2125 

Test #407
609 760 790 895 908 920 971 972 1020 1154 1277 1281 1362 1454 1698 1793 1799 1839 1849 1887 1895 2008 2014 2032 2058 2080 2098 2148 2162 2177 2198 2215 2229 2266 2276 2287 2333 2437 2441 2444 2448 2472 2493 2498 2508 2544 2559 2565 2576 2599 2632 2635 2639 2640 2642 2647 2698 2729 2735 2779 2792 2806 2826 2839 2851 2853 2861 2863 2871 2883 2886 2888 2899 2903 2922 2925 2950 2951 2960 2993 2998 3001 3004 3007 3013 3017 3026 3034 3048 3072 3075 3077 3081 3097 3102 3103 3116 3124 3141 3147 3149 3153 3158 3162 3163 3168 3177 3178 3184 3188 3195 3208 3209 3211 3216 3218 3219 3220 3221 3222 3229 3240 3242 3247 3255 3256 3263 3267 3275 3277 3288 3292 3293 3296 3298 3301 3305 3306 3321 3331 3334 3340 3358 3373 3382 3388 3390 3408 3422 3423 3428 3437 3440 3441 3445 3457 3468 3472 3473 3482 3488 3499 3509 3514 3521 3523 3530 3533 3548 3550 3559 3560 

Test #408
2698 2853 

Test #409
204 222 536 730 969 1016 1056 1285 1567 1576 1912 2115 2160 2665 2692 2699 3082 3136 3156 3157 3267 3330 3444 3450 3515 3567 3666 3885 3935 3951 4018 4062 4124 4136 4196 4300 

Test #410
1122 

Test #411


Test #412


Test #413


Test #414
724 1002 1240 1949 3155 

Test #415
411 577 879 1142 1187 1247 1303 1362 1404 1481 1652 1803 1873 1938 2008 2014 2229 2241 2368 2391 2446 2550 2800 2813 2935 2959 3047 3083 3116 3203 3233 3256 3608 3688 3708 3805 3850 3903 3921 3924 3950 3958 3975 3990 4007 4013 4098 4130 4142 4163 4165 4172 4173 4181 4223 4226 4243 4244 4257 4284 4285 4287 4302 4321 4322 4342 4365 4376 4378 4384 4398 4427 4429 4449 4450 4463 4474 4488 4510 4512 4514 4524 4526 4529 4535 4552 4558 4560 4567 4578 4586 4618 4622 4623 4656 4660 4679 4695 4711 4738 4768 4780 4791 4792 4835 4853 4878 4884 4896 4962 4964 4965 4995 5018 5021 5035 5036 5042 

Test #416
4845 4996 

Test #417
31 144 216 294 315 777 798 950 1077 1106 1191 1216 1621 1631 1783 1843 1940 2001 2187 2381 2390 2418 2532 2762 2855 3000 3093 3095 3111 3183 3234 3235 3250 3345 3361 3467 3492 3519 3540 3541 3550 3613 3618 3632 3651 3660 3698 3751 3800 3813 3822 3839 3849 3862 3928 3932 3959 3967 3980 3989 3998 4019 4021 4036 4083 4089 4100 4122 4132 4145 4156 4181 4187 4188 4211 4230 4232 4242 4253 4265 4275 4277 4279 4282 4296 4308 4310 4317 4323 4324 4331 4354 4363 4376 4382 4390 4392 4394 4399 4400 4402 4416 4418 4422 4423 4426 4436 4452 4453 4457 4461 4466 4468 4488 4499 4510 4511 4520 4537 4545 4553 4554 4563 4565 4591 4599 4612 4667 4699 4709 4720 4732 4747 4762 4786 4792 4821 

Test #418


Test #419
221 3292 3308 3758 3871 4000 4042 4106 4251 4460 4464 4519 

Test #420


Test #421


Test #422


Test #423
2698 2853 3355 3515 

Test #424
664 951 1121 1517 1770 

Test #425


Test #426
8 25 43 45 46 104 130 161 175 254 260 266 293 304 308 362 375 383 386 407 411 414 416 440 545 553 563 577 587 605 611 618 623 645 655 664 665 719 725 734 755 768 781 783 799 816 820 846 874 891 896 939 982 983 987 1011 1019 1034 1060 1070 1101 1104 1116 1130 1163 1165 1189 1194 1199 1201 1228 1235 1253 1263 1289 1297 1324 1329 1330 1332 1333 1335 1346 1352 1375 1381 1405 1407 1417 1423 1430 1444 1467 1470 1569 1573 1597 1600 1615 1625 1636 1642 1645 1677 1687 1711 1742 1744 1756 1763 1764 1767 1810 1824 1873 1937 2006 

Test #427


Test #428


Test #429


Test #430
1002 3155 

Test #431


Test #432
49 758 813 1096 1357 1543 1644 1868 2125 

Test #433


Test #434


Test #435
71 116 572 643 1142 1404 1790 2078 2166 2170 2266 2267 2319 2370 2494 2511 2530 2532 2703 2741 2797 2831 2861 2894 2910 2916 3003 3101 

Test #436


Test #437
590 1097 1142 1303 1404 1461 1481 1953 2045 2517 2522 2532 2577 2598 2600 2609 2684 2736 2743 2806 2817 2827 2875 2884 2891 2916 2919 2985 3007 3089 3096 3100 3101 3109 3125 3142 3157 3164 3168 3183 3198 3200 3218 3219 3222 3223 3232 3258 3318 3368 3371 3378 3382 3385 3388 3389 3394 3396 3419 3426 3430 3438 3449 3466 3480 3525 3549 3551 3561 3571 3577 3646 3656 3676 

Test #438
2392 2573 2588 2631 2749 2885 2936 2987 3015 3119 3151 3167 3231 3239 3264 3325 3399 3416 3443 3461 3469 3470 3522 3532 3565 3581 3589 3591 3602 3653 3663 3687 3728 3747 3748 

Test #439


Test #440
246 369 627 878 1327 2487 2919 3139 3235 3361 3402 3568 3613 3745 3749 3785 3800 3809 3883 3998 4010 4071 4083 4141 4156 4244 4284 4308 4363 4393 4431 4525 4589 4600 4642 4686 4697 4724 4725 4743 4752 4776 4777 4820 4824 4836 4838 4843 4862 4888 4889 4890 4900 4909 4910 4948 4976 4999 5011 5028 5068 5074 

Test #441
602 3389 3780 

Test #442
109 280 453 860 917 1030 1311 1332 1413 1522 1584 1624 1758 1913 1937 1947 1973 2035 2066 2071 2156 2245 2762 2948 3014 3030 3079 3190 3203 3328 

Test #443


Test #444
0 478 494 512 536 594 609 682 703 730 734 783 790 825 831 908 1003 1020 1110 1126 1164 1166 1171 1266 1277 1281 1334 1358 1362 1611 1784 1799 1904 1980 2005 2008 2014 2045 2058 2078 2098 2145 2148 2177 2180 2201 2252 2266 2275 2276 2287 2288 2306 2308 2312 2333 2378 2384 2388 2390 2410 2419 2428 2433 2444 2446 2448 2453 2454 2455 2465 2477 2491 2498 2500 2503 2508 2516 2544 2546 2559 2562 2565 2570 2572 2576 2579 2584 2596 2598 2599 2603 2606 2618 2632 2635 2639 2640 2642 2644 2648 2656 2658 2661 2679 2680 2681 2684 2688 2689 2691 2698 2700 2718 2729 2735 2736 2738 2744 2749 2750 2756 2766 2772 2774 2775 2779 2782 2790 2792 2795 2804 2813 2816 2817 2827 2835 2853 2857 2861 2863 2865 2867 2868 2871 2875 2878 2879 2881 2882 2883 2884 2893 2896 2900 2903 2919 2925 2932 2945 2950 2951 2958 2959 2970 2971 2979 2988 2998 3001 3013 3026 3034 3041 3072 3077 3116 3125 3147 3242 3255 

Test #445


Test #446
724 730 1762 1949 3267 3444 3515 4237 

Test #447


Test #448
0 218 536 621 700 748 938 961 1089 1106 1110 1125 1234 1239 1368 1451 1580 1596 1688 1799 1904 1909 1964 2020 2059 2104 2118 2141 2148 2163 2180 2185 2198 2215 2220 2230 2273 2277 2288 2301 2303 2305 2308 2313 2334 2335 2345 2362 2374 2378 2384 2388 2393 2401 2403 2408 2410 2423 2428 2438 2444 2452 2453 2455 2486 2489 2500 2510 2514 2515 2516 2527 2528 2531 2546 2548 2552 2562 2567 2572 2575 2581 2596 2599 2602 2631 2634 2643 2644 2661 2663 2679 2681 2685 2688 2689 2691 2698 2722 2730 2751 2765 2774 2783 2790 2804 2834 2874 2889 2890 2895 2903 2918 2972 

Test #449
474 616 850 1262 2551 2635 2770 3242 3482 3615 3631 3679 3725 3727 3776 3870 3963 3999 4000 4015 4091 4136 4149 4162 4216 4240 4263 4278 4307 4329 4331 4332 4374 4383 4391 4409 4419 4440 4442 4447 4478 4492 4493 4519 4539 4542 4549 4566 4573 4585 4601 4604 4626 4638 4639 4654 4664 4673 4687 4692 4710 4715 4717 4719 4728 4746 4750 4767 4769 4774 4782 4786 4797 4805 4818 4819 4841 4842 4844 4858 4859 4872 4875 4895 4898 4915 4923 4951 4968 4970 5002 5004 5039 5052 5062 5069 5073 5078 5094 5113 5150 

Test #450


Test #451
109 280 453 545 664 860 917 951 1019 1030 1311 1332 1584 1624 1758 1937 1973 2035 2071 2245 2592 2762 3014 3079 3187 3190 3251 3328 

Test #452
218 862 1032 1098 1285 1536 1554 1596 2126 2181 2199 2259 2308 2333 2396 2437 2664 2665 2699 2798 2925 2938 3016 3082 3115 3128 3156 3157 3167 3173 3260 3269 3272 3330 3359 3375 3387 3444 3450 3462 3484 3512 3522 3547 3549 3555 3567 3573 3586 3603 3627 3640 3656 3666 3671 3693 3702 3706 3721 3739 3742 3752 3754 3756 3786 3802 3810 3812 3814 3876 3885 3888 3889 3893 3907 3909 3912 3918 3920 3935 3936 3938 3949 3966 4005 4006 4008 4013 4018 4043 4054 4055 4059 4077 4080 4087 4096 4112 4114 4115 4123 4124 4136 4144 4146 4148 4150 4157 4171 4172 4180 4182 4186 4191 4200 4204 4206 4210 4221 4224 4225 4234 4247 4266 4280 4281 4286 4292 4293 4305 4312 4319 4321 4325 4328 4334 4335 4345 4346 4357 4374 4375 4377 4378 4387 4395 4408 4420 4430 4432 4438 4439 4446 4447 4456 4462 4476 4477 4485 4496 4504 

Test #453


Test #454
8 22 43 45 46 104 115 130 133 154 161 175 228 254 260 266 293 304 308 362 375 383 386 410 411 414 416 440 545 553 563 577 584 596 601 605 611 618 623 645 655 664 708 719 725 734 755 768 781 792 799 816 820 846 874 877 879 891 896 939 982 983 987 1011 1034 1060 1066 1070 1104 1116 1130 1161 1163 1165 1189 1194 1199 1201 1202 1228 1235 1253 1260 1263 1270 1289 1297 1317 1324 1329 1330 1332 1333 1335 1346 1375 1403 1405 1407 1410 1417 1423 1430 1444 1450 1467 1470 1489 1510 1553 1566 1569 1573 1597 1600 1615 1625 1634 1636 1642 1645 1677 1682 1687 1700 1707 1709 1711 1720 1738 1742 1744 1756 1763 1764 1767 1776 1810 1824 1831 1839 1844 1845 1846 1873 1878 1937 1947 1994 1999 2006 2025 2035 2100 

Test #455
616 2770 3242 3482 3615 3727 3765 3991 4015 4127 4134 4136 4162 4263 4315 4419 4442 4447 4478 4493 4519 4539 4601 4626 4664 4673 4717 4719 4721 4728 4770 4779 4797 4830 4858 4895 4966 5039 5052 5078 5150 5188 5276 5279 

Test #456
2392 3009 3119 

Test #457
3 9 10 18 40 77 94 102 103 105 116 117 124 132 149 150 153 177 189 190 209 211 214 229 231 270 277 284 291 310 316 317 318 320 341 346 358 364 365 400 419 434 435 448 462 463 464 471 473 506 510 512 519 521 528 532 590 603 608 611 620 636 639 674 695 745 754 779 790 821 825 833 843 866 876 884 887 897 901 907 912 917 923 931 967 976 999 1009 1029 1031 1059 1071 1075 1077 1080 1097 1121 1168 1170 1175 1177 1187 1193 1195 1197 1207 1210 1251 1265 1276 1288 1311 1331 1354 1367 1378 1393 1394 1406 1431 1452 1476 1502 1537 1549 1552 1560 1565 1584 1623 1638 1639 1653 1654 1656 1659 1667 1686 1694 1703 1749 1750 1769 1770 1771 1778 1790 1791 1803 1834 1838 1850 1859 1883 1891 1894 1901 1903 1907 1914 1917 1945 1953 1957 1977 1985 1987 2048 2054 2058 2063 2071 2085 2104 2109 2128 2129 2135 2171 2178 2180 2184 2193 2196 2210 2260 2265 2288 2297 

Test #458
3586 3620 3645 3982 3994 4168 4504 4619 4865 4902 4972 

Test #459


Test #460
221 616 1559 2729 2915 3765 3775 3870 3991 4097 4106 4127 4166 4315 4385 4419 4460 4478 4493 4519 4539 4626 4664 4685 4717 4719 4740 4770 4797 4804 4830 4894 4966 5188 5244 5275 5279 

Test #461


Test #462
2047 

Test #463
9 63 107 109 121 196 208 280 418 489 678 721 838 860 1009 1030 1054 1071 1140 1181 1276 1311 1402 1498 1534 1549 1584 1606 1739 1822 1882 1937 1960 1961 2021 2029 2071 2079 2144 2156 2216 2263 2295 2322 2344 2404 2413 2468 2473 2508 2537 2554 2600 2609 2613 2639 2721 2746 2851 2942 2953 2995 

Test #464


Test #465
376 998 1185 2392 2573 2631 2749 2987 3119 3151 3231 3325 3399 3443 3469 3470 3522 3532 3565 3581 3589 3591 3602 3653 3663 3687 3728 3825 

Test #466
31 144 317 798 1055 1189 1216 1602 1616 1621 1631 1658 1732 1902 2074 2187 2208 2350 2365 2381 2418 2429 2561 2634 2791 2869 2955 2966 3000 3019 3053 3066 3093 3200 3204 3254 3287 3289 3307 3312 3356 3412 3443 3456 3458 3470 3475 3498 3522 3532 3544 3565 3592 3598 3600 3616 3617 3618 3626 3631 3635 3648 3660 3661 3663 3681 3692 3697 3702 3718 3719 3726 3728 3735 3737 3744 3750 3753 3773 3778 3794 3818 3825 3827 3830 3852 3856 3857 3868 3873 3875 3894 3896 3899 3947 3987 4014 4020 4023 4030 4033 4035 4036 4049 4068 4084 4095 4098 4105 4131 4151 4188 4223 

Test #467
411 577 879 1142 1187 1247 1303 1362 1404 1652 1803 1873 1938 2008 2014 2229 2368 2391 2446 2550 2800 2813 2935 2959 3014 3047 3083 3116 3203 3233 3256 3280 3608 3688 3708 3763 3805 3903 3921 3924 3950 3958 3975 3990 4007 4142 4163 4165 4172 4181 4193 4201 4243 4244 4284 4285 4302 4321 4322 4376 4378 4384 4398 4425 4427 4429 4449 4450 4463 4474 4488 4510 4512 4514 4524 4529 4535 4552 4558 4560 4578 4586 4618 4623 4656 4660 4679 4695 4711 4716 4738 4743 4768 4780 4791 4792 4800 4812 4835 4853 4874 4876 4878 4884 4896 4962 4964 4965 4967 4980 4995 5020 5021 5035 5036 5042 5083 

Test #468
31 144 317 798 802 1216 1602 1621 1631 1647 1658 1732 2074 2350 2418 2561 2595 2801 2855 2942 2955 3000 3045 3093 3200 3204 3234 3254 3283 3331 3345 3356 3412 3416 3417 3470 3475 3500 3592 3616 3618 3626 3649 3687 3692 3698 3726 3794 3817 3822 3825 3852 3857 3862 3868 3874 3894 3902 3986 3987 3998 3999 4019 4020 4025 4027 4030 4034 4035 4036 4038 4049 4057 4068 4084 4095 4098 4102 4105 4132 4135 4147 4151 4154 4156 4181 4188 4207 4215 4217 4232 4253 4258 4262 4291 4313 4344 4361 4363 4388 4390 4403 4413 4422 4437 

Test #469
222 536 730 969 1016 1056 1285 1567 1576 2115 2160 2665 2692 3136 3267 3444 3515 3567 3666 3885 3935 4018 4062 4124 4136 4196 4300 

Test #470
3334 3664 4013 4026 4071 4132 4834 

Test #471


Test #472
329 1043 1159 1725 1817 2369 2551 2779 2968 2973 3031 3036 3053 3130 3194 3234 3264 3331 3338 3354 3356 3404 3410 3412 3455 3459 3460 3495 3497 3500 3522 3523 3532 3538 3596 3607 3627 3631 3663 3681 3689 3697 3702 3726 3728 3750 3778 3817 3822 3830 3857 3894 3899 3930 3940 3987 4020 4024 4057 4058 4069 4084 4089 4090 4095 4105 4132 4156 4158 4216 4235 4276 4316 

Test #473
17 258 283 369 535 545 574 723 761 833 926 951 960 1019 1135 1148 1215 1257 1333 1353 1413 1517 1575 1578 1647 1779 2033 2034 2051 2234 2421 2422 2468 2479 2541 

Test #474
21 217 336 469 515 524 632 676 690 698 742 1146 1296 1340 1341 1351 1377 1404 1494 1702 1801 1853 1858 1939 1952 2046 2174 2203 2261 2337 

Test #475


Test #476
31 144 216 315 777 798 950 1106 1216 1843 1940 2001 2074 2187 2418 2532 2724 2855 3000 3095 3183 3234 3343 3383 3496 3541 3618 3632 3639 3651 3660 3760 3800 3822 3849 3959 3967 3980 4016 4021 4083 4089 4122 4145 4187 4188 4211 4227 4230 4253 4275 4277 4279 4282 4296 4310 4313 4317 4351 4354 4363 4381 4400 4402 4417 4418 4426 4452 4457 4466 4468 4478 4499 4505 4510 4511 4523 4525 4537 4544 4545 4553 4554 4563 4565 4587 4589 4596 4599 4602 4605 4607 4612 4636 4642 4682 4699 4700 4702 4709 4717 4718 4732 4734 4747 4752 4762 4786 4787 4818 4821 4849 4857 4917 4973 4987 4993 5016 

Test #477


Test #478


Test #479
100 148 166 180 259 381 388 428 436 491 518 573 642 698 752 812 839 850 885 904 916 959 989 1037 1083 1115 1147 1252 1309 1342 1585 1586 1614 1640 1649 1650 1728 1731 1787 1794 1805 1833 1861 1911 1922 1926 1946 1966 2053 2124 2133 2143 2213 2286 2292 

Test #480


Test #481


Test #482
0 55 66 112 159 218 336 362 394 425 451 465 497 651 711 839 969 971 977 998 1076 1262 1285 1338 1368 1374 1410 1414 1484 1486 1496 1558 1580 1596 1675 1698 1799 1839 1876 1904 1943 1951 1956 1975 2019 2022 2047 2060 2087 2100 2118 2123 2141 2148 2160 2161 2165 2176 2191 2195 2198 2199 2213 2215 2225 2254 2256 2258 2270 2273 2277 2296 2301 2303 2305 2308 2313 2318 2329 2351 2363 2366 2374 2377 2384 2393 2425 2433 2438 2444 2449 2453 2474 2486 2488 2500 2505 2506 2510 2516 2521 2524 2527 2528 2535 2540 2546 2560 2562 2573 2581 2589 2599 2602 2606 2622 2630 2647 2648 2655 2658 2661 2672 2674 2679 2685 2688 2689 2691 2694 2720 2722 2734 2748 2751 2754 2760 2761 2765 2770 2778 2783 2792 2793 2804 2828 2841 2844 2847 2850 2869 2874 2889 2890 2899 2903 2918 2932 2940 2964 2971 2984 3048 3081 

Test #483
222 536 969 1016 1056 1285 1912 2665 2692 2699 3136 3267 3444 3515 3567 3666 3885 3935 4124 4136 

Test #484
447 1151 1857 1944 2208 2650 3204 3228 3283 3292 3475 3615 3617 3900 3942 3965 4015 4016 4027 4030 4106 4175 4192 4315 4318 4329 4332 4340 4458 4465 4486 4493 4523 4528 4540 4575 4605 4668 4670 4680 4696 

Test #485
1185 2808 4340 

Test #486
724 1002 1240 1762 1949 2041 2453 3039 3156 

Test #487
204 712 1056 1499 1567 1576 1949 2055 2115 2160 2384 2689 2698 2804 2853 3155 3156 3186 3333 3341 3457 3563 3606 3611 3628 3666 3885 

Test #488


Test #489
3 102 150 278 316 448 620 907 931 1067 1080 1187 1331 1549 1632 1686 1703 1723 1739 1740 1749 1791 1812 1834 1837 1847 1859 1894 1957 1977 1985 2021 2029 2031 2069 2071 2084 2090 2142 2179 2184 2193 2246 2255 2262 2295 2341 2355 2361 2368 2387 2388 2449 2498 2502 2512 2539 2549 2557 2591 

Test #490


Test #491
204 712 2384 2689 2698 2714 2804 2853 3156 3186 3333 3341 3457 3563 

Test #492
980 1624 2592 3209 3650 3674 3712 3788 3796 3808 3827 3897 3906 3954 3998 4001 4067 4094 4198 4245 4491 4495 4631 4869 4986 

Test #493
309 1624 1826 2592 3209 3619 3650 3674 3712 3954 4001 4063 4071 4245 4349 4491 

Test #494


Test #495
2517 2800 3430 3650 3777 3957 3973 4026 

Test #496


Test #497
31 53 221 287 306 798 872 895 969 971 1169 1285 1551 1698 1701 1816 1869 1876 1935 1988 2019 2226 2400 

Test #498


Test #499


Test #500


