Test #1
3134 3878 3905 4056 4058 4062 4115 4116 

Test #2
15 42 55 86 87 108 219 224 244 275 303 317 321 362 389 459 472 488 498 505 508 549 562 592 633 638 639 666 731 733 770 796 845 857 890 898 903 919 934 946 1002 1014 1056 1060 1079 1086 1103 1105 1206 1207 1210 1231 1286 1289 

Test #3
86 187 197 203 745 1007 1205 1489 1580 1610 1686 1865 2040 2216 2236 2241 2283 2325 2337 

Test #4
53 71 86 187 197 203 228 745 753 1466 1497 1580 1610 1669 1686 1755 1865 2040 2093 2119 2120 2128 2152 2174 2213 2216 2221 2236 2241 

Test #5
14 15 50 55 86 108 134 142 218 219 224 250 275 292 303 317 321 389 459 472 488 498 505 508 514 549 562 633 638 639 655 731 738 796 845 857 890 898 903 919 927 946 1002 1014 1056 1060 1079 1086 1105 1119 1207 1210 

Test #6
86 1431 1580 1593 1668 1865 2040 2050 2320 2590 2679 2757 2776 2803 2829 2852 2858 2871 2876 2894 2907 2929 2987 2995 2998 

Test #7
74 86 1561 1566 1865 1966 2331 2590 2591 2803 2829 3060 3263 3281 3290 

Test #8
86 187 197 203 745 1007 1205 1489 1580 1610 1686 1865 2040 2216 2236 2241 2283 2325 2337 

Test #9
53 86 203 228 540 745 753 812 836 972 1497 1580 1755 1863 1865 1940 2007 2020 2025 2040 2062 2093 

Test #10
86 672 1375 1446 1580 1865 2040 2370 2388 2415 2428 2533 2557 2590 2609 

Test #11
86 187 197 592 745 1007 1205 1489 1580 1610 1865 2040 2236 2241 2325 2337 2341 2409 2415 2428 

Test #12
86 187 197 203 592 745 1007 1205 1489 1580 1610 1865 2040 2236 2241 2325 2337 

Test #13
15 42 55 86 87 108 219 224 244 275 303 317 321 362 389 459 472 488 498 505 508 549 562 592 633 638 639 666 731 733 770 796 845 857 890 898 903 919 934 946 1002 1014 1056 1060 1079 1086 1103 1105 1206 1207 1210 1231 1286 1289 

Test #14
86 1326 1561 1566 1865 2561 2601 2829 3082 3188 3206 3670 3706 3716 3733 

Test #15
86 87 125 317 389 540 592 666 731 733 770 812 857 946 1103 1105 1207 1289 1319 1339 1485 1497 1576 1632 1641 

Test #16
86 1139 1580 1593 1668 1773 1865 2040 2050 2320 2426 2590 2679 2776 2803 2829 2852 2858 2876 2907 2929 2987 2995 2998 3012 3036 

Test #17
86 100 203 438 540 545 609 615 733 812 836 1105 1497 1574 1576 1578 1632 1755 1785 1808 1840 1845 1863 1865 1889 1927 

Test #18
86 672 1375 1446 1580 1865 2040 2370 2388 2415 2428 2533 2557 2590 2609 

Test #19
86 524 1326 2344 2829 2936 3188 3670 3685 3734 3742 3766 3769 3773 3797 3801 3825 3839 3853 3865 

Test #20
86 1326 1561 1566 1865 1966 2561 2590 2829 2840 3082 3206 3524 3526 3564 3598 

Test #21
14 15 50 55 86 108 134 142 219 224 244 250 275 292 303 317 321 362 389 459 472 488 498 505 508 549 562 592 633 638 639 731 733 738 796 845 857 890 898 903 919 927 946 1002 1014 1056 1060 1079 1086 1105 1119 1207 1210 1231 

Test #22
74 86 1566 1580 1668 1773 1865 1966 2040 2426 2445 2590 2591 2715 2803 2829 2896 2929 2954 2987 2995 2998 3036 3074 3112 3154 3224 3263 

Test #23
86 1326 1865 2561 2829 2936 3188 3206 3670 3733 3742 3769 3773 3797 3801 

Test #24
86 187 745 1007 1205 1580 1610 1669 1865 2040 2325 2337 2341 2409 2415 2428 

Test #25
86 1139 1580 1593 1668 1773 1865 2040 2050 2320 2426 2590 2679 2776 2803 2829 2852 2858 2876 2907 2929 2987 2995 2998 3012 3036 

Test #26
74 86 1561 1566 1580 1865 1966 2164 2590 2591 2715 2803 2829 2896 2995 2998 3074 3112 3152 3154 3224 3263 3281 3290 3340 

Test #27
86 187 197 203 228 745 753 1489 1580 1610 1686 1865 2040 2119 2128 2152 2216 2221 2236 2241 

Test #28
42 86 87 107 224 244 275 303 317 321 362 389 450 472 498 505 508 592 633 666 731 733 770 796 845 857 890 934 946 1002 1014 1056 1079 1103 1105 1206 1207 1210 1231 1289 1319 1323 

Test #29
86 187 1007 1580 1669 1865 2040 2325 2341 2388 2409 2415 2428 

Test #30
86 1326 2936 3134 3280 3299 3515 3670 3672 3734 3766 3825 3839 3853 3854 3871 3905 3921 3927 3958 3967 3979 4038 4056 4058 4062 4076 

Test #31
86 100 203 438 540 545 609 615 733 812 830 836 1105 1497 1574 1576 1578 1632 1755 1785 1808 1845 1863 1865 1889 1970 

Test #32
86 187 197 745 1007 1205 1489 1580 1610 1865 2040 2236 2325 2337 2341 2409 2415 2428 

Test #33
14 15 50 55 86 108 134 142 218 219 224 250 275 292 303 317 321 389 459 472 488 498 505 508 514 549 562 633 638 639 655 731 738 796 845 857 890 898 903 919 927 946 1002 1014 1056 1060 1079 1086 1105 1119 1207 1210 

Test #34
86 1139 1580 1668 1773 1865 1966 2040 2320 2426 2445 2566 2590 2776 2803 2829 2852 2858 2876 2907 2929 2954 2987 2995 2998 3012 3036 3074 3080 

Test #35
74 86 1561 1566 1865 1966 2331 2590 2591 2803 2829 2840 3060 3206 3263 3290 

Test #36
3134 3672 3766 3853 3854 3905 3921 3927 3958 3967 3979 4038 4056 4058 4062 4076 4115 4116 

Test #37
86 100 135 203 241 255 438 540 545 609 615 733 812 836 946 1055 1105 1497 1574 1576 1578 1632 1673 1755 1785 1808 1840 1845 1863 1865 1889 

Test #38
86 1349 1375 1446 1574 1580 1865 2040 2253 2370 2415 2428 2533 2590 2668 2713 

Test #39
86 187 197 203 228 745 1489 1580 1610 1686 1865 2040 2119 2128 2152 2216 2221 2236 2241 2283 

Test #40
86 672 930 1349 1375 1446 1580 1865 2040 2253 2370 2415 2428 2533 2557 2590 2668 

Test #41
3134 3299 3672 3766 3839 3853 3854 3905 3921 3927 3958 3967 3979 4038 4056 4058 4062 4076 

Test #42
74 86 1326 1561 1566 1865 1966 2590 2803 2829 2840 3060 3206 3263 3290 3434 3524 3526 

Test #43
86 524 1326 2344 2829 2936 3188 3670 3685 3734 3742 3766 3769 3773 3797 3801 3825 3839 3853 3865 

Test #44
14 15 50 55 86 108 134 142 218 219 224 250 275 292 303 317 321 389 459 472 488 498 505 508 514 549 562 633 638 639 655 731 738 796 845 857 890 898 903 919 927 946 1002 1014 1056 1060 1079 1086 1105 1119 1207 1210 

Test #45
86 1139 1431 1580 1593 1668 1865 2040 2050 2320 2590 2679 2776 2803 2829 2852 2858 2876 2894 2907 2929 2987 2995 2998 3012 

Test #46
15 55 86 87 108 134 142 219 224 244 250 275 303 317 321 362 389 459 472 488 498 505 508 549 562 592 633 638 639 731 733 738 770 796 845 857 890 898 903 919 946 1002 1014 1056 1060 1079 1086 1103 1105 1207 1210 1231 1286 1289 

Test #47
86 1139 1580 1593 1668 1773 1865 2040 2050 2320 2426 2590 2679 2776 2803 2829 2852 2858 2876 2907 2929 2987 2995 2998 3012 3036 

Test #48
86 1326 1561 1566 1865 2561 2601 2829 3082 3188 3206 3670 3706 3716 3733 

Test #49
86 672 930 1349 1375 1446 1580 1865 2040 2253 2370 2415 2428 2533 2557 2590 2668 

Test #50
86 1349 1375 1574 1580 1865 2040 2253 2370 2415 2428 2533 2590 2668 2679 2713 2751 2756 

Test #51
86 1139 1566 1580 1668 1773 1865 1966 2040 2426 2445 2451 2566 2590 2715 2776 2803 2829 2852 2858 2907 2929 2954 2987 2995 2998 3012 3036 3074 3080 3154 

Test #52
86 1349 1375 1446 1574 1580 1865 2040 2253 2370 2415 2428 2533 2590 2668 2713 

Test #53
86 135 241 255 317 389 540 615 733 770 812 946 1105 1497 1563 1574 1576 1632 1641 1673 1755 

Test #54
86 1349 1375 1574 1580 1865 2040 2253 2370 2415 2428 2533 2590 2668 2679 2713 2751 2756 

Test #55
86 524 1326 2344 2829 2936 3199 3662 3670 3685 3734 3742 3766 3773 3797 3825 3839 3853 3865 3871 3927 

Test #56
74 86 1326 1561 1566 1865 1966 2590 2803 2829 2840 3060 3206 3263 3290 3434 3524 3526 

Test #57
86 100 135 203 241 255 306 438 540 545 609 615 733 812 836 946 1055 1105 1497 1574 1576 1578 1632 1673 1755 1785 1808 1840 1845 1863 1865 1889 

Test #58
86 100 203 438 540 545 733 812 830 836 1105 1497 1576 1578 1632 1755 1785 1808 1863 1865 1889 1940 1970 2007 

Test #59
86 1326 1561 1566 1865 1966 2561 2601 2829 2840 3082 3188 3206 3526 3598 3670 

Test #60
86 1139 1566 1580 1668 1773 1865 1966 2040 2426 2445 2566 2590 2715 2776 2803 2829 2852 2858 2876 2907 2929 2954 2987 2995 2998 3012 3036 3074 3080 

Test #61
86 100 135 203 241 255 438 540 545 609 615 733 812 836 946 1055 1105 1497 1574 1576 1578 1632 1673 1755 1785 1808 1840 1845 1863 1865 1889 

Test #62
42 86 87 107 224 275 317 321 362 389 450 498 506 508 540 592 633 666 731 733 770 796 845 857 890 934 946 1002 1056 1079 1103 1105 1206 1207 1210 1231 1289 1319 1323 

Test #63
42 86 87 107 224 275 317 321 362 389 450 498 506 508 540 592 633 666 731 733 770 796 845 857 890 934 946 1002 1056 1079 1103 1105 1206 1207 1210 1231 1289 1319 1323 

Test #64
86 135 241 255 389 438 540 545 615 733 812 946 1055 1105 1497 1563 1574 1576 1632 1641 1673 1755 1785 1793 1808 

Test #65
74 86 1561 1566 1580 1865 1966 2426 2445 2590 2591 2715 2803 2829 2896 2954 2995 2998 3036 3074 3112 3152 3154 3224 3263 3281 

Test #66
86 1326 1561 1566 1865 1966 2590 2829 2840 3082 3206 3434 3524 3526 3564 3598 

Test #67
86 135 241 255 317 389 540 615 733 812 946 1055 1105 1497 1563 1574 1576 1632 1641 1673 1755 1785 1793 

Test #68
86 1326 2344 2829 2936 3280 3299 3515 3670 3685 3734 3742 3766 3773 3797 3825 3839 3853 3854 3865 3871 3896 3905 3927 3958 3967 3979 3981 

Test #69
53 86 203 228 540 745 753 812 836 972 1497 1580 1755 1863 1865 1940 2007 2020 2025 2040 2062 2093 

Test #70
86 1574 1580 1668 1865 2033 2040 2253 2428 2590 2668 2679 2713 2756 2776 2803 2810 

Test #71
86 187 745 1007 1205 1580 1610 1669 1865 2040 2325 2337 2341 2409 2415 2428 

Test #72
86 100 203 438 540 545 733 812 830 836 1105 1497 1576 1578 1632 1755 1785 1808 1863 1865 1889 1940 1970 2007 

Test #73
53 86 203 228 540 745 753 812 836 972 1497 1580 1755 1863 1865 1940 2007 2020 2025 2040 2062 2093 

Test #74
53 71 86 111 203 228 466 540 745 753 812 972 1466 1497 1580 1755 1863 1865 1940 2007 2020 2025 2040 2062 2093 2113 2120 2128 

Test #75
86 100 203 438 540 545 609 615 733 812 836 1105 1497 1574 1576 1578 1632 1755 1785 1808 1840 1845 1863 1865 1889 1927 

Test #76
86 524 1326 2344 2829 2936 3188 3199 3662 3670 3685 3734 3742 3766 3773 3797 3825 3839 3853 3865 

Test #77
53 71 86 111 203 228 466 540 745 753 812 972 1466 1497 1580 1755 1863 1865 1940 2007 2020 2025 2040 2062 2093 2113 2120 2128 

Test #78
86 1326 1865 2561 2829 2936 3188 3206 3670 3733 3742 3769 3773 3797 3801 

Test #79
74 86 1561 1566 1865 1966 2331 2590 2591 2803 2829 3060 3263 3281 3290 

Test #80
74 86 1326 1561 1566 1865 1966 2590 2803 2829 2840 3060 3206 3263 3290 3434 3524 3526 

Test #81
86 187 197 203 228 745 1489 1580 1610 1686 1865 2040 2119 2128 2152 2216 2221 2236 2241 2283 

Test #82
86 187 197 203 592 745 1007 1205 1489 1580 1610 1865 2040 2236 2241 2325 2337 

Test #83
53 86 100 203 228 540 665 745 753 812 836 1105 1497 1576 1755 1863 1865 1940 1970 2007 2020 2025 2040 2062 

Test #84
86 1375 1574 1580 1865 2033 2040 2253 2415 2428 2533 2590 2668 2679 2713 2756 2776 

Test #85
86 524 1326 2344 2829 2936 3188 3670 3685 3734 3742 3766 3769 3773 3797 3801 3825 3839 3853 3865 

Test #86
86 135 241 255 317 389 540 733 770 812 946 1105 1319 1339 1497 1563 1574 1576 1632 1641 1673 

Test #87
53 71 86 111 203 228 466 540 745 753 812 972 1466 1497 1580 1755 1863 1865 1940 2007 2020 2025 2040 2062 2093 2113 2120 2128 

Test #88
42 86 87 317 362 389 506 540 592 731 733 736 770 812 857 946 1103 1105 1207 1210 1289 1319 1339 1485 1497 1568 1576 

Test #89
86 187 1007 1580 1669 1865 2040 2325 2341 2388 2409 2415 2428 

Test #90
42 86 87 317 362 389 506 540 592 731 733 736 770 812 857 946 1103 1105 1207 1210 1289 1319 1339 1485 1497 1568 1576 

Test #91
74 86 1326 1561 1566 1865 1966 2590 2803 2829 2840 3060 3206 3263 3290 3434 

Test #92
86 1139 1566 1580 1668 1773 1865 1966 2040 2426 2445 2451 2566 2590 2715 2776 2803 2829 2852 2858 2907 2929 2954 2987 2995 2998 3012 3036 3074 3080 3154 

Test #93
86 135 241 255 317 389 540 615 733 770 812 946 1105 1497 1563 1574 1576 1632 1641 1673 1755 

Test #94
86 1326 1561 1566 1865 1966 2561 2590 2829 2840 3082 3188 3206 3524 3526 3564 3598 

Test #95
86 1326 1561 1566 1865 2561 2601 2829 3082 3188 3206 3670 3706 3716 3733 

Test #96
86 1326 1865 2561 2829 2936 3188 3206 3670 3733 3742 3769 3773 3797 3801 

Test #97
86 1139 1580 1593 1668 1773 1865 2040 2050 2320 2426 2590 2679 2776 2803 2829 2852 2858 2876 2907 2929 2987 2995 2998 3012 3036 

Test #98
42 55 86 87 107 108 224 244 275 303 317 321 362 389 450 459 472 498 505 508 592 633 638 639 666 731 733 770 796 845 857 890 934 946 1002 1014 1056 1060 1079 1086 1103 1105 1206 1207 1210 1231 1286 1289 1319 1323 

Test #99
74 86 1326 1561 1566 1865 1966 2590 2803 2829 2840 3060 3206 3263 3290 3434 3524 3526 

Test #100
86 524 1326 2344 2829 2936 3188 3670 3685 3734 3742 3766 3769 3773 3797 3801 3825 3839 3853 3865 

Test #101
86 1431 1580 1593 1668 1865 2033 2040 2253 2590 2668 2679 2713 2757 2776 2803 2810 2823 2829 2844 2871 2876 

Test #102
86 135 241 255 317 389 540 615 733 812 946 1055 1105 1497 1563 1574 1576 1632 1641 1673 1755 1785 1793 

Test #103
86 87 125 255 317 389 540 733 770 812 857 946 1105 1289 1319 1339 1485 1497 1563 1574 1576 1632 1641 1663 1673 

Test #104
86 1326 1865 2561 2601 2829 2936 3082 3188 3206 3670 3733 3769 

Test #105
86 672 1375 1446 1580 1865 2040 2370 2388 2415 2428 2533 2557 2590 2609 

Test #106
86 187 197 592 745 1007 1205 1489 1580 1610 1865 2040 2236 2241 2325 2337 2341 2409 2415 2428 

Test #107
74 86 1561 1566 1865 1966 2331 2590 2591 2803 2829 2840 3060 3206 3263 3290 

Test #108
74 86 1326 1561 1566 1865 1966 2590 2803 2829 2840 3060 3206 3263 3290 3434 3524 3526 

Test #109
86 100 203 438 540 545 609 615 733 812 830 836 1105 1497 1574 1576 1578 1632 1755 1785 1808 1845 1863 1865 1889 1970 

Test #110
86 672 930 1349 1375 1446 1580 1865 2040 2253 2370 2415 2428 2533 2557 2590 2668 

Test #111
86 1431 1580 1593 1668 1865 2033 2040 2253 2590 2668 2679 2713 2757 2776 2803 2810 2823 2829 2844 2871 2876 

Test #112
86 1431 1580 1593 1668 1865 2040 2050 2320 2590 2679 2757 2776 2803 2829 2852 2858 2871 2876 2894 2907 2929 2987 2995 2998 

Test #113
86 1326 1865 2561 2829 2936 3188 3206 3670 3733 3742 3769 3773 3797 3801 

Test #114
86 1326 1561 1566 1865 1966 2561 2590 2829 2840 3082 3188 3206 3524 3526 3564 3598 

Test #115
42 86 87 317 362 389 506 540 592 731 733 736 770 812 857 946 1103 1105 1207 1210 1289 1319 1339 1485 1497 1568 1576 

Test #116
74 86 1561 1566 1865 1966 2331 2590 2591 2803 2829 2840 3060 3206 3263 3290 

Test #117
3134 3878 3905 4056 4058 4062 4115 4116 

Test #118
86 187 197 592 745 1007 1205 1489 1580 1610 1865 2040 2236 2241 2325 2337 2341 2409 2415 2428 

Test #119
86 524 1326 2561 2829 2936 3188 3206 3670 3742 3769 3773 3797 3801 3825 3839 

Test #120
86 187 745 1007 1205 1580 1610 1669 1865 2040 2325 2337 2341 2409 2415 2428 

Test #121
86 1375 1574 1580 1865 2033 2040 2253 2415 2428 2533 2590 2668 2679 2713 2756 2776 

Test #122
86 1139 1580 1593 1668 1773 1865 1966 2040 2050 2320 2426 2445 2590 2776 2803 2829 2852 2858 2876 2907 2929 2954 2987 2995 2998 3012 3036 3074 3080 

Test #123
42 86 87 107 224 275 317 321 362 389 450 498 506 508 540 592 633 666 731 733 770 796 845 857 890 934 946 1002 1056 1079 1103 1105 1206 1207 1210 1231 1289 1319 1323 

Test #124
74 86 1561 1566 1580 1668 1865 1966 2426 2445 2590 2591 2715 2803 2829 2896 2954 2987 2995 2998 3036 3074 3112 3152 3154 3224 3263 3281 

Test #125
86 187 1007 1580 1669 1865 2040 2325 2341 2388 2415 2428 

Test #126
86 524 1326 2344 2829 2936 3199 3662 3670 3685 3734 3742 3766 3773 3797 3825 3839 3853 3865 3871 3927 

Test #127
86 1431 1580 1593 1668 1865 2033 2040 2050 2253 2590 2668 2679 2757 2776 2803 2810 2823 2829 2844 2852 2871 2876 2894 2902 

Test #128
42 86 87 107 224 244 275 303 317 321 362 389 450 472 498 505 508 592 633 666 731 733 770 796 845 857 890 934 946 1002 1014 1056 1079 1103 1105 1206 1207 1210 1231 1289 1319 1323 

Test #129
86 1326 2344 2829 2936 3280 3299 3515 3670 3685 3734 3742 3766 3773 3797 3825 3839 3853 3854 3865 3871 3896 3905 3927 3958 3967 3979 3981 

Test #130
86 187 197 203 228 745 753 1489 1580 1610 1686 1865 2040 2119 2128 2152 2216 2221 2236 2241 

Test #131
86 1326 2344 2936 3280 3299 3515 3670 3734 3742 3766 3773 3797 3825 3839 3853 3854 3865 3871 3896 3905 3927 3958 3967 3979 3981 

Test #132
86 672 1375 1446 1580 1865 2040 2370 2388 2415 2428 2533 2557 2590 2609 

Test #133
86 1580 1593 1668 1865 2033 2040 2253 2428 2590 2668 2679 2713 2756 2776 2803 2810 2823 2829 2844 

Test #134
42 86 87 107 275 317 362 389 450 506 540 592 633 731 733 770 796 857 946 1002 1056 1079 1103 1105 1207 1210 1231 1246 1289 1319 1339 

Test #135
53 71 86 203 228 466 587 745 753 1466 1497 1580 1610 1669 1686 1755 1865 1940 2040 2093 2113 2120 2128 2174 2213 2216 

Test #136
15 55 86 87 108 134 142 219 224 244 250 275 303 317 321 362 389 459 472 488 498 505 508 549 562 592 633 638 639 731 733 738 770 796 845 857 890 898 903 919 946 1002 1014 1056 1060 1079 1086 1103 1105 1207 1210 1231 1286 1289 

Test #137
86 672 1375 1446 1580 1669 1865 2040 2370 2388 2415 2428 2533 2557 2559 2590 2609 

Test #138
42 86 87 107 317 362 389 450 506 540 592 633 731 733 736 770 857 946 1103 1105 1207 1210 1231 1246 1289 1319 1339 1485 1497 

Test #139
74 86 1326 1561 1566 1865 1966 2590 2803 2829 2840 3060 3206 3263 3290 3434 3524 3526 

Test #140
74 86 1561 1566 1580 1668 1865 1966 2426 2445 2590 2591 2715 2803 2829 2896 2954 2987 2995 2998 3036 3074 3112 3152 3154 3224 3263 3281 

Test #141
86 1431 1580 1593 1668 1865 2033 2040 2050 2253 2590 2668 2679 2757 2776 2803 2810 2823 2829 2844 2852 2871 2876 2894 2902 

Test #142
53 71 86 203 228 466 587 745 753 1466 1497 1580 1610 1669 1686 1755 1865 1940 2040 2093 2113 2120 2128 2174 2213 2216 

Test #143
53 86 203 228 540 745 753 812 836 972 1497 1580 1755 1863 1865 1940 2007 2020 2025 2040 2062 2093 

Test #144
86 187 1007 1580 1669 1865 2040 2325 2341 2388 2409 2415 2428 

Test #145
86 87 317 389 540 592 731 733 736 770 812 857 946 1103 1105 1207 1210 1289 1319 1339 1485 1497 1568 1576 

Test #146
86 187 197 745 1007 1205 1489 1580 1610 1865 2040 2236 2325 2337 2341 2409 2415 2428 

Test #147
86 135 241 255 317 389 540 615 733 812 946 1055 1105 1497 1563 1574 1576 1632 1641 1673 1755 1785 1793 

Test #148
42 86 87 317 362 389 506 540 592 731 733 736 770 812 857 946 1103 1105 1207 1210 1289 1319 1339 1485 1497 1568 1576 

Test #149
86 1326 1561 1566 1865 1966 2590 2829 2840 3082 3206 3434 3524 3526 3564 3598 

Test #150
42 86 87 107 224 244 275 303 317 321 362 389 450 472 498 505 508 592 633 666 731 733 770 796 845 857 890 934 946 1002 1014 1056 1079 1103 1105 1206 1207 1210 1231 1289 1319 1323 

Test #151
86 1375 1574 1580 1865 2033 2040 2253 2415 2428 2533 2590 2668 2679 2713 2756 2776 

Test #152
53 71 86 111 203 228 466 540 587 745 753 812 1466 1497 1580 1610 1755 1863 1865 1940 2007 2025 2040 2093 2113 2120 2128 

Test #153
74 86 1566 1580 1668 1773 1865 1966 2040 2426 2445 2590 2591 2715 2803 2829 2896 2929 2954 2987 2995 2998 3036 3074 3112 3154 3224 3263 

Test #154
86 1431 1580 1593 1668 1865 2033 2040 2050 2253 2590 2668 2679 2757 2776 2803 2810 2823 2829 2844 2852 2871 2876 2894 2902 

Test #155
14 15 50 55 86 108 134 142 219 224 244 250 275 292 303 317 321 362 389 459 472 488 498 505 508 549 562 592 633 638 639 731 733 738 796 845 857 890 898 903 919 927 946 1002 1014 1056 1060 1079 1086 1105 1119 1207 1210 1231 

Test #156
42 86 87 317 362 389 506 540 592 731 733 736 770 812 857 946 1103 1105 1207 1210 1246 1289 1319 1339 1485 1497 

Test #157
86 672 1375 1446 1580 1669 1865 2040 2370 2388 2415 2428 2533 2557 2559 2590 2609 

Test #158
86 1431 1580 1593 1668 1865 2033 2040 2253 2590 2668 2679 2713 2757 2776 2803 2810 2823 2829 2844 2871 2876 

Test #159
86 87 125 317 389 540 592 666 731 733 770 812 857 946 1103 1105 1207 1289 1319 1339 1485 1497 1576 1632 1641 

Test #160
86 187 197 203 745 1007 1205 1489 1580 1610 1686 1865 2040 2119 2216 2221 2236 2241 2283 2325 2337 

Test #161
86 524 1326 2344 2829 2936 3199 3662 3670 3685 3734 3742 3766 3773 3797 3825 3839 3853 3865 3871 3927 

Test #162
42 86 87 107 317 362 389 450 506 540 592 633 731 733 736 770 857 946 1103 1105 1207 1210 1231 1246 1289 1319 1339 1485 1497 

Test #163
86 1326 1561 1566 1865 2561 2601 2829 3082 3188 3206 3670 3706 3716 3733 

Test #164
86 187 1007 1580 1669 1865 2040 2325 2341 2388 2409 2415 2428 

Test #165
86 87 125 255 317 389 540 733 770 812 857 946 1105 1289 1319 1339 1485 1497 1563 1574 1576 1632 1641 1663 1673 

Test #166
86 125 255 317 389 540 733 770 812 857 946 1105 1289 1319 1339 1485 1497 1563 1574 1576 1632 1641 1663 1673 

Test #167
86 187 1007 1580 1669 1865 2040 2325 2341 2388 2409 2415 2428 

Test #168
86 1431 1580 1593 1668 1865 2040 2050 2320 2590 2679 2757 2776 2803 2829 2852 2858 2871 2876 2894 2907 2929 2987 2995 2998 

Test #169
86 100 203 438 540 545 733 812 830 836 1105 1497 1576 1578 1632 1755 1785 1808 1863 1865 1889 1940 1970 2007 

Test #170
86 135 241 255 317 389 540 615 733 812 946 1055 1105 1497 1563 1574 1576 1632 1641 1673 1755 1785 1793 

Test #171
53 86 203 228 540 745 753 812 836 972 1497 1580 1755 1863 1865 1940 2007 2020 2025 2040 2062 2093 

Test #172
86 1326 1561 1566 1865 1966 2561 2590 2829 2840 3082 3206 3524 3526 3564 3598 

Test #173
86 1349 1375 1446 1574 1580 1865 2040 2253 2370 2415 2428 2533 2590 2668 2713 

Test #174
86 1431 1580 1593 1668 1865 2033 2040 2050 2320 2590 2679 2757 2776 2803 2823 2829 2844 2852 2858 2871 2876 2894 2907 2929 

Test #175
86 100 203 438 540 545 609 615 733 812 830 836 1105 1497 1574 1576 1578 1632 1755 1785 1808 1845 1863 1865 1889 1970 

Test #176
86 1139 1580 1668 1773 1865 1966 2040 2320 2426 2445 2566 2590 2776 2803 2829 2852 2858 2876 2907 2929 2954 2987 2995 2998 3012 3036 3074 3080 

Test #177
3134 3672 3766 3853 3854 3905 3921 3927 3958 3967 3979 4038 4056 4058 4062 4076 4115 4116 

Test #178
86 187 745 1007 1205 1580 1610 1669 1865 2040 2325 2337 2341 2409 2415 2428 

Test #179
74 86 1561 1566 1865 1966 2331 2590 2591 2803 2829 2896 3060 3112 3152 3263 3281 3290 

Test #180
74 86 1326 1561 1566 1865 1966 2590 2803 2829 2840 3060 3206 3263 3290 3434 3524 3526 

Test #181
86 672 930 1375 1446 1580 1865 2040 2370 2415 2428 2533 2557 2590 2668 

Test #182
86 100 203 438 540 545 609 615 733 812 836 1105 1497 1574 1576 1578 1632 1755 1785 1808 1840 1845 1863 1865 1889 1927 

Test #183
42 86 87 107 317 362 389 450 506 540 592 633 731 733 736 770 857 946 1103 1105 1207 1210 1231 1246 1289 1319 1339 1485 1497 

Test #184
86 87 125 255 317 389 540 733 770 812 857 946 1105 1289 1319 1339 1485 1497 1563 1574 1576 1632 1641 1663 1673 

Test #185
86 1326 1561 1566 1865 1966 2590 2829 2840 3082 3206 3434 3524 3526 3564 3598 

Test #186
42 86 87 107 275 317 362 389 450 506 540 592 633 731 733 770 796 857 946 1002 1056 1079 1103 1105 1207 1210 1231 1246 1289 1319 1339 

Test #187
86 100 203 438 540 545 733 812 830 836 1105 1497 1576 1578 1632 1755 1785 1808 1863 1865 1889 1940 1970 2007 

Test #188
86 100 203 438 540 545 609 615 733 812 836 1105 1497 1574 1576 1578 1632 1755 1785 1808 1840 1845 1863 1865 1889 1927 

Test #189
86 1139 1566 1580 1668 1773 1865 1966 2040 2426 2445 2566 2590 2715 2776 2803 2829 2852 2858 2876 2907 2929 2954 2987 2995 2998 3012 3036 3074 3080 

Test #190
86 187 197 745 1007 1205 1489 1580 1610 1865 2040 2236 2325 2337 2341 2409 2415 2428 

Test #191
86 1431 1580 1593 1668 1865 2040 2050 2320 2590 2679 2757 2776 2803 2829 2852 2858 2871 2876 2894 2907 2929 2987 2995 2998 

Test #192
86 1574 1580 1668 1865 2033 2040 2253 2428 2590 2668 2679 2713 2756 2776 2803 2810 

Test #193
86 672 930 1375 1446 1580 1865 2040 2370 2415 2428 2533 2557 2590 2668 

Test #194
86 187 672 1375 1446 1580 1669 1865 2040 2325 2370 2388 2415 2428 2533 2557 2559 

Test #195
86 1326 2936 3134 3280 3299 3515 3670 3672 3734 3766 3825 3839 3853 3854 3871 3905 3921 3927 3958 3967 3979 4038 4056 4058 4062 4076 

Test #196
86 1139 1580 1593 1668 1773 1865 2040 2050 2320 2426 2590 2679 2776 2803 2829 2852 2858 2876 2907 2929 2987 2995 2998 3012 3036 

Test #197
86 1431 1580 1593 1668 1865 2040 2050 2320 2590 2679 2757 2776 2803 2829 2852 2858 2871 2876 2894 2907 2929 2987 2995 2998 

Test #198
86 187 197 203 745 1007 1205 1489 1580 1610 1686 1865 2040 2119 2216 2221 2236 2241 2283 2325 2337 

Test #199
86 135 241 255 438 540 545 615 733 812 946 1055 1105 1497 1563 1574 1576 1632 1641 1673 1755 1785 1793 1808 1840 1845 

Test #200
86 1326 1865 2561 2601 2829 2936 3082 3188 3206 3670 3733 3769 

Test #201
86 1431 1580 1593 1668 1865 2033 2040 2050 2320 2590 2679 2757 2776 2803 2823 2829 2844 2852 2858 2871 2876 2894 2902 2929 

Test #202
86 1349 1375 1446 1574 1580 1865 2040 2253 2370 2415 2428 2533 2590 2668 2713 

Test #203
86 1139 1566 1580 1668 1773 1865 1966 2040 2426 2445 2451 2566 2590 2715 2776 2803 2829 2852 2858 2907 2929 2954 2987 2995 2998 3012 3036 3074 3080 3154 

Test #204
42 86 87 107 275 317 362 389 450 506 540 592 633 731 733 770 796 857 946 1002 1056 1079 1103 1105 1207 1210 1231 1246 1289 1319 1339 

Test #205
42 86 87 107 317 362 389 450 506 540 592 633 731 733 736 770 857 946 1103 1105 1207 1210 1231 1246 1289 1319 1339 1485 1497 

Test #206
86 524 1326 2344 2829 2936 3199 3662 3670 3685 3734 3742 3766 3773 3797 3825 3839 3853 3865 3871 3927 

Test #207
74 86 1561 1566 1580 1865 1966 2426 2445 2590 2591 2715 2803 2829 2896 2954 2995 2998 3036 3074 3112 3152 3154 3224 3263 3281 

Test #208
42 86 87 107 224 244 275 303 317 321 362 389 450 472 498 505 508 592 633 666 731 733 770 796 845 857 890 934 946 1002 1014 1056 1079 1103 1105 1206 1207 1210 1231 1289 1319 1323 

Test #209
53 71 86 203 228 466 587 745 753 1466 1497 1580 1610 1669 1686 1755 1865 1940 2040 2093 2113 2120 2128 2174 2213 2216 

Test #210
86 187 1007 1580 1669 1865 2040 2325 2341 2388 2415 2428 

Test #211
86 1326 1561 1566 1865 1966 2561 2601 2829 2840 3082 3188 3206 3526 3598 3670 

Test #212
86 1326 1561 1566 1865 1966 2590 2829 2840 3082 3206 3434 3524 3526 3564 3598 

Test #213
74 86 1566 1580 1668 1773 1865 1966 2040 2426 2445 2451 2566 2590 2591 2715 2803 2829 2852 2896 2907 2929 2954 2987 2995 2998 3036 3074 3112 3154 3224 

Test #214
86 524 1326 2344 2829 2936 3199 3662 3670 3685 3734 3742 3766 3773 3797 3825 3839 3853 3865 3871 3927 

Test #215
86 1326 2936 3134 3280 3299 3515 3670 3672 3734 3766 3773 3797 3825 3839 3853 3854 3865 3871 3905 3921 3927 3958 3967 3979 3981 4038 

Test #216
86 187 672 1375 1446 1580 1669 1865 2040 2325 2370 2388 2415 2428 2533 2557 2559 

Test #217
3134 3878 3905 4056 4058 4062 4115 4116 

Test #218
86 135 241 255 389 438 540 545 615 733 812 946 1055 1105 1497 1563 1574 1576 1632 1641 1673 1755 1785 1793 1808 

Test #219
74 86 1561 1566 1580 1668 1865 1966 2426 2445 2590 2591 2715 2803 2829 2896 2954 2987 2995 2998 3036 3074 3112 3152 3154 3224 3263 3281 

Test #220
86 1139 1580 1593 1668 1773 1865 2040 2050 2320 2426 2590 2679 2776 2803 2829 2852 2858 2876 2907 2929 2987 2995 2998 3012 3036 

Test #221
86 1431 1580 1593 1668 1865 2040 2050 2320 2590 2679 2757 2776 2803 2829 2852 2858 2871 2876 2894 2907 2929 2987 2995 2998 

Test #222
53 86 203 228 540 745 753 812 836 972 1497 1580 1755 1863 1865 1940 2007 2020 2025 2040 2062 2093 

Test #223
86 125 255 317 389 540 733 770 812 857 946 1105 1289 1319 1339 1485 1497 1563 1574 1576 1632 1641 1663 1673 

Test #224
42 86 87 107 224 275 317 321 362 389 450 498 506 508 540 592 633 666 731 733 770 796 845 857 890 934 946 1002 1056 1079 1103 1105 1206 1207 1210 1231 1289 1319 1323 

Test #225
74 86 1561 1566 1580 1865 1966 2331 2590 2591 2803 2829 2896 2995 3074 3112 3152 3154 3263 3281 3290 3340 

Test #226
42 86 87 317 362 389 506 540 592 731 733 736 770 857 946 1103 1105 1207 1210 1231 1246 1289 1319 1339 1485 1497 

Test #227
86 1139 1566 1580 1668 1773 1865 1966 2040 2426 2445 2451 2566 2590 2715 2776 2803 2829 2852 2858 2907 2929 2954 2987 2995 2998 3012 3036 3074 3080 3154 

Test #228
53 71 86 203 228 466 587 745 753 1466 1497 1580 1610 1669 1686 1755 1865 1940 2040 2093 2113 2120 2128 2174 2213 2216 

Test #229
86 672 1375 1446 1580 1865 2040 2370 2388 2415 2428 2533 2557 2590 2609 

Test #230
86 1326 1865 2561 2829 2936 3188 3206 3670 3733 3742 3769 3773 3797 3801 

Test #231
86 135 241 255 317 389 540 733 770 812 946 1105 1319 1339 1497 1563 1574 1576 1632 1641 1673 

Test #232
42 86 87 107 224 244 275 303 317 321 362 389 450 472 498 505 508 592 633 666 731 733 770 796 845 857 890 934 946 1002 1014 1056 1079 1103 1105 1206 1207 1210 1231 1289 1319 1323 

Test #233
86 187 197 203 228 745 753 1489 1580 1610 1686 1865 2040 2119 2128 2152 2216 2221 2236 2241 

Test #234
86 1326 1561 1566 1865 1966 2561 2601 2829 2840 3082 3188 3206 3526 3598 3670 

Test #235
42 86 87 317 362 389 506 540 592 731 733 736 770 812 857 946 1103 1105 1207 1210 1289 1319 1339 1485 1497 1568 1576 

Test #236
86 187 1007 1580 1669 1865 2040 2325 2341 2388 2415 2428 

Test #237
74 86 1561 1566 1580 1865 1966 2164 2590 2591 2715 2803 2829 2896 2995 2998 3074 3112 3152 3154 3224 3263 3281 3290 3340 

Test #238
86 1326 1561 1566 1865 1966 2561 2601 2829 2840 3082 3188 3206 3526 3598 3670 

Test #239
86 672 1375 1446 1580 1865 2040 2370 2388 2415 2428 2533 2557 2590 2609 

Test #240
42 55 86 87 107 108 224 244 275 303 317 321 362 389 450 459 472 498 505 508 592 633 638 639 666 731 733 770 796 845 857 890 934 946 1002 1014 1056 1060 1079 1086 1103 1105 1206 1207 1210 1231 1286 1289 1319 1323 

Test #241
86 100 203 438 540 545 609 615 733 812 830 836 1105 1497 1574 1576 1578 1632 1755 1785 1808 1845 1863 1865 1889 1970 

Test #242
53 71 86 111 203 228 466 540 745 753 812 972 1466 1497 1580 1755 1863 1865 1940 2007 2020 2025 2040 2062 2093 2113 2120 2128 

Test #243
86 1326 1561 1566 1865 2561 2601 2829 3082 3188 3206 3526 3598 3670 3706 3716 

Test #244
86 524 1326 2344 2829 2936 3199 3662 3670 3685 3734 3742 3766 3773 3797 3825 3839 3853 3865 3871 3927 

Test #245
86 135 241 255 317 389 540 615 733 812 946 1055 1105 1497 1563 1574 1576 1632 1641 1673 1755 1785 1793 

Test #246
74 86 1326 1561 1566 1865 1966 2590 2803 2829 2840 3060 3206 3263 3290 3434 3524 3526 

Test #247
86 187 197 203 228 745 1489 1580 1610 1686 1865 2040 2119 2128 2152 2216 2221 2236 2241 2283 

Test #248
86 135 241 255 317 389 540 615 733 812 946 1055 1105 1497 1563 1574 1576 1632 1641 1673 1755 1785 1793 

Test #249
86 1326 2936 3134 3280 3299 3515 3670 3672 3734 3766 3825 3839 3853 3854 3871 3905 3921 3927 3958 3967 3979 4038 4056 4058 4062 4076 

Test #250
42 55 86 87 107 108 224 244 275 303 317 321 362 389 450 459 472 498 505 508 592 633 638 639 666 731 733 770 796 845 857 890 934 946 1002 1014 1056 1060 1079 1086 1103 1105 1206 1207 1210 1231 1286 1289 1319 1323 

Test #251
74 86 1326 1561 1566 1865 1966 2590 2803 2829 2840 3082 3206 3290 3434 3524 3526 3564 

Test #252
86 1431 1580 1593 1668 1865 2033 2040 2253 2590 2668 2679 2713 2757 2776 2803 2810 2823 2829 2844 2871 2876 

Test #253
53 71 86 187 197 203 228 745 753 1466 1497 1580 1610 1669 1686 1755 1865 2040 2093 2119 2120 2128 2152 2174 2213 2216 2221 2236 2241 

Test #254
86 1326 2936 3134 3280 3299 3515 3670 3672 3734 3766 3773 3797 3825 3839 3853 3854 3865 3871 3905 3921 3927 3958 3967 3979 3981 4038 

Test #255
86 1431 1580 1593 1668 1865 2040 2050 2320 2590 2679 2757 2776 2803 2829 2852 2858 2871 2876 2894 2907 2929 2987 2995 2998 

Test #256
42 86 87 107 224 244 275 303 317 321 362 389 450 472 498 505 508 592 633 666 731 733 770 796 845 857 890 934 946 1002 1014 1056 1079 1103 1105 1206 1207 1210 1231 1289 1319 1323 

Test #257
42 86 87 107 224 244 275 303 317 321 362 389 450 472 498 505 508 592 633 666 731 733 770 796 845 857 890 934 946 1002 1014 1056 1079 1103 1105 1206 1207 1210 1231 1289 1319 1323 

Test #258
86 100 203 438 540 545 609 615 733 812 830 836 1105 1497 1574 1576 1578 1632 1755 1785 1808 1845 1863 1865 1889 1970 

Test #259
86 187 197 203 745 1007 1205 1489 1580 1610 1686 1865 2040 2216 2236 2241 2283 2325 2337 

Test #260
86 1349 1375 1574 1580 1865 2040 2253 2370 2415 2428 2533 2590 2668 2679 2713 2751 2756 

Test #261
42 86 87 317 362 389 506 540 592 731 733 736 770 812 857 946 1103 1105 1207 1210 1289 1319 1339 1485 1497 1568 1576 

Test #262
86 1431 1580 1593 1668 1865 2033 2040 2050 2253 2590 2668 2679 2757 2776 2803 2810 2823 2829 2844 2852 2871 2876 2894 2902 

Test #263
86 1580 1593 1668 1865 2033 2040 2253 2428 2590 2668 2679 2713 2756 2776 2803 2810 2823 2829 2844 

Test #264
86 187 672 1375 1446 1580 1669 1865 2040 2325 2370 2388 2415 2428 2533 2557 2559 

Test #265
86 187 197 203 745 1007 1205 1489 1580 1610 1686 1865 2040 2119 2216 2221 2236 2241 2283 2325 2337 

Test #266
86 1566 1580 1668 1773 1865 1966 2040 2426 2445 2451 2566 2590 2715 2776 2803 2829 2852 2896 2907 2929 2954 2987 2995 2998 3012 3036 3074 3080 3112 3154 

Test #267
86 524 1326 2561 2829 2936 3188 3206 3670 3742 3769 3773 3797 3801 3825 3839 

Test #268
42 86 87 317 362 389 506 540 592 731 733 736 770 857 946 1103 1105 1207 1210 1231 1246 1289 1319 1339 1485 1497 

Test #269
86 672 1375 1446 1580 1865 2040 2370 2388 2415 2428 2533 2557 2590 2609 

Test #270
86 187 197 203 228 745 753 1489 1580 1610 1686 1865 2040 2119 2128 2152 2216 2221 2236 2241 

Test #271
86 87 125 317 389 540 592 666 731 733 770 812 857 946 1103 1105 1207 1289 1319 1339 1485 1497 1576 1632 1641 

Test #272
74 86 1561 1566 1580 1865 1966 2164 2590 2591 2715 2803 2829 2896 2995 2998 3074 3112 3152 3154 3224 3263 3281 3290 3340 

Test #273
86 1139 1566 1580 1668 1773 1865 1966 2040 2426 2445 2451 2566 2590 2715 2776 2803 2829 2852 2858 2907 2929 2954 2987 2995 2998 3012 3036 3074 3080 3154 

Test #274
86 1326 2936 3134 3280 3299 3515 3670 3672 3734 3766 3825 3839 3853 3854 3871 3905 3921 3927 3958 3967 3979 4038 4056 4058 4062 4076 

Test #275
86 1139 1431 1580 1593 1668 1865 2040 2050 2320 2590 2679 2776 2803 2829 2852 2858 2876 2894 2907 2929 2987 2995 2998 3012 

Test #276
86 1326 1561 1566 1865 2561 2601 2829 3082 3188 3206 3526 3598 3670 3706 3716 

Test #277
74 86 1561 1566 1865 1966 2331 2590 2591 2803 2829 2896 3060 3112 3152 3263 3281 3290 

Test #278
3134 3672 3766 3853 3854 3905 3921 3927 3958 3967 3979 4038 4056 4058 4062 4076 4115 4116 

Test #279
15 42 55 86 87 108 219 224 244 275 303 317 321 362 389 459 472 488 498 505 508 549 562 592 633 638 639 666 731 733 770 796 845 857 890 898 903 919 934 946 1002 1014 1056 1060 1079 1086 1103 1105 1206 1207 1210 1231 1286 1289 

Test #280
74 86 1561 1566 1580 1668 1865 1966 2426 2445 2590 2591 2715 2803 2829 2896 2954 2987 2995 2998 3036 3074 3112 3152 3154 3224 3263 3281 

Test #281
15 55 86 87 108 134 142 219 224 244 250 275 303 317 321 362 389 459 472 488 498 505 508 549 562 592 633 638 639 731 733 738 770 796 845 857 890 898 903 919 946 1002 1014 1056 1060 1079 1086 1103 1105 1207 1210 1231 1286 1289 

Test #282
86 1326 1561 1566 1865 1966 2561 2590 2829 2840 3082 3188 3206 3524 3526 3564 3598 

Test #283
86 100 135 203 241 255 306 438 540 545 609 615 733 812 836 946 1055 1105 1497 1574 1576 1578 1632 1673 1755 1785 1808 1840 1845 1863 1865 1889 

Test #284
53 71 86 187 197 203 228 745 753 1466 1497 1580 1610 1669 1686 1755 1865 2040 2093 2119 2120 2128 2152 2174 2213 2216 2221 2236 2241 

Test #285
74 86 1561 1566 1865 1966 2331 2590 2591 2803 2829 2840 3060 3206 3263 3290 

Test #286
86 1326 1561 1566 1865 1966 2561 2601 2829 2840 3082 3188 3206 3526 3598 3670 

Test #287
86 187 197 592 745 1007 1205 1489 1580 1610 1865 2040 2236 2241 2325 2337 2341 2409 2415 2428 

Test #288
74 86 1326 1561 1566 1865 1966 2590 2803 2829 2840 3082 3206 3290 3434 3524 3526 3564 

Test #289
42 86 87 107 275 317 362 389 450 506 540 592 633 731 733 770 796 857 946 1002 1056 1079 1103 1105 1207 1210 1231 1246 1289 1319 1339 

Test #290
74 86 1326 1561 1566 1865 1966 2590 2803 2829 2840 3082 3206 3290 3434 3524 3526 3564 

Test #291
53 71 86 111 203 228 466 540 745 753 812 972 1466 1497 1580 1755 1863 1865 1940 2007 2020 2025 2040 2062 2093 2113 2120 2128 

Test #292
86 135 241 255 317 389 540 615 733 770 812 946 1105 1497 1563 1574 1576 1632 1641 1673 1755 

Test #293
53 71 86 203 228 466 587 745 753 1466 1497 1580 1610 1669 1686 1755 1865 1940 2040 2093 2113 2120 2128 2174 2213 2216 

Test #294
86 1326 1865 2561 2601 2829 2936 3082 3188 3206 3670 3733 3769 

Test #295
86 1139 1580 1668 1773 1865 1966 2040 2320 2426 2445 2566 2590 2776 2803 2829 2852 2858 2876 2907 2929 2954 2987 2995 2998 3012 3036 3074 3080 

Test #296
74 86 1561 1566 1580 1668 1865 1966 2426 2445 2590 2591 2715 2803 2829 2896 2954 2987 2995 2998 3036 3074 3112 3152 3154 3224 3263 3281 

Test #297
86 1349 1375 1446 1574 1580 1865 2040 2253 2370 2415 2428 2533 2590 2668 2713 

Test #298
86 1349 1375 1574 1580 1865 2040 2253 2370 2415 2428 2533 2590 2668 2679 2713 2751 2756 

Test #299
86 1326 1561 1566 1865 1966 2590 2829 2840 3082 3206 3434 3524 3526 3564 3598 

Test #300
3134 3299 3672 3766 3839 3853 3854 3905 3921 3927 3958 3967 3979 4038 4056 4058 4062 4076 

Test #301
86 1326 1865 2561 2829 2936 3188 3206 3670 3733 3742 3769 3773 3797 3801 

Test #302
86 1326 2344 2829 2936 3280 3515 3662 3670 3685 3734 3742 3766 3773 3797 3825 3839 3853 3854 3865 3871 3896 3905 3927 3958 

Test #303
74 86 1566 1580 1668 1773 1865 1966 2040 2426 2445 2590 2591 2715 2803 2829 2896 2929 2954 2987 2995 2998 3036 3074 3112 3154 3224 3263 

Test #304
86 1349 1375 1574 1580 1865 2040 2253 2370 2415 2428 2533 2590 2668 2679 2713 2751 2756 

Test #305
86 524 1326 2561 2829 2936 3188 3206 3670 3742 3769 3773 3797 3801 3825 3839 

Test #306
53 86 203 228 540 745 753 812 836 972 1497 1580 1755 1863 1865 1940 2007 2020 2025 2040 2062 2093 

Test #307
86 187 197 203 228 745 753 1489 1580 1610 1686 1865 2040 2119 2128 2152 2216 2221 2236 2241 

Test #308
86 1139 1580 1593 1668 1773 1865 1966 2040 2050 2320 2426 2445 2590 2776 2803 2829 2852 2858 2876 2907 2929 2954 2987 2995 2998 3012 3036 3074 3080 

Test #309
86 100 203 438 540 545 609 615 733 812 830 836 1105 1497 1574 1576 1578 1632 1755 1785 1808 1845 1863 1865 1889 1970 

Test #310
86 187 197 203 228 745 1489 1580 1610 1686 1865 2040 2119 2128 2152 2216 2221 2236 2241 2283 

Test #311
53 71 86 111 203 228 466 587 745 753 1466 1497 1580 1610 1755 1865 1940 2007 2025 2040 2093 2113 2120 2128 2174 

Test #312
86 100 203 438 540 545 733 812 830 836 1105 1497 1576 1578 1632 1755 1785 1808 1863 1865 1889 1940 1970 2007 

Test #313
86 125 255 317 389 540 733 770 812 857 946 1105 1289 1319 1339 1485 1497 1563 1574 1576 1632 1641 1663 1673 

Test #314
86 1431 1580 1593 1668 1865 2033 2040 2050 2253 2590 2668 2679 2757 2776 2803 2810 2823 2829 2844 2852 2871 2876 2894 2902 

Test #315
86 1139 1431 1580 1593 1668 1865 2040 2050 2320 2590 2679 2776 2803 2829 2852 2858 2876 2894 2907 2929 2987 2995 2998 3012 

Test #316
86 524 1326 2344 2829 2936 3188 3199 3662 3670 3685 3734 3742 3766 3773 3797 3825 3839 3853 3865 

Test #317
86 187 197 203 745 1007 1205 1489 1580 1610 1686 1865 2040 2119 2216 2221 2236 2241 2283 2325 2337 

Test #318
3134 3878 3905 4056 4058 4062 4115 4116 

Test #319
74 86 1561 1566 1580 1668 1865 1966 2426 2445 2590 2591 2715 2803 2829 2896 2954 2987 2995 2998 3036 3074 3112 3152 3154 3224 3263 3281 

Test #320
86 672 1375 1446 1580 1669 1865 2040 2370 2388 2415 2428 2533 2557 2559 2590 2609 

Test #321
74 86 1326 1561 1566 1865 1966 2590 2803 2829 2840 3060 3206 3263 3290 3434 

Test #322
3134 3672 3766 3853 3854 3905 3921 3927 3958 3967 3979 4038 4056 4058 4062 4076 4115 4116 

Test #323
86 1139 1580 1593 1668 1773 1865 1966 2040 2050 2320 2426 2445 2590 2776 2803 2829 2852 2858 2876 2907 2929 2954 2987 2995 2998 3012 3036 3074 3080 

Test #324
42 86 87 107 275 317 362 389 450 506 540 592 633 731 733 770 796 857 946 1002 1056 1079 1103 1105 1207 1210 1231 1246 1289 1319 1339 

Test #325
86 1326 1561 1566 1865 1966 2561 2590 2829 2840 3082 3188 3206 3524 3526 3564 3598 

Test #326
86 100 203 438 540 545 609 615 733 812 830 836 1105 1497 1574 1576 1578 1632 1755 1785 1808 1845 1863 1865 1889 1970 

Test #327
74 86 1326 1561 1566 1865 1966 2590 2803 2829 2840 3060 3206 3263 3290 3434 3524 3526 

Test #328
53 71 86 111 203 228 466 540 587 745 753 812 1466 1497 1580 1610 1755 1863 1865 1940 2007 2025 2040 2093 2113 2120 2128 

Test #329
74 86 1326 1561 1566 1865 1966 2590 2803 2829 2840 3060 3206 3263 3290 3434 

Test #330
86 1431 1580 1593 1668 1865 2033 2040 2253 2590 2668 2679 2713 2757 2776 2803 2810 2823 2829 2844 2871 2876 

Test #331
53 86 100 203 228 540 665 745 753 812 836 1105 1497 1576 1755 1863 1865 1940 1970 2007 2020 2025 2040 2062 

Test #332
86 1139 1580 1593 1668 1773 1865 1966 2040 2050 2320 2426 2445 2590 2776 2803 2829 2852 2858 2876 2907 2929 2954 2987 2995 2998 3012 3036 3074 3080 

Test #333
86 672 1375 1446 1580 1865 2040 2370 2388 2415 2428 2533 2557 2590 2609 

Test #334
86 1326 2936 3134 3280 3299 3515 3670 3672 3734 3766 3773 3797 3825 3839 3853 3854 3865 3871 3905 3921 3927 3958 3967 3979 3981 4038 

Test #335
42 86 87 317 362 389 506 540 592 731 733 736 770 812 857 946 1103 1105 1207 1210 1289 1319 1339 1485 1497 1568 1576 

Test #336
86 187 197 203 228 745 1489 1580 1610 1686 1865 2040 2119 2128 2152 2216 2221 2236 2241 2283 

Test #337
86 100 135 203 241 255 438 540 545 609 615 733 812 836 946 1055 1105 1497 1574 1576 1578 1632 1673 1755 1785 1808 1840 1845 1863 1865 1889 

Test #338
86 187 672 1375 1446 1580 1669 1865 2040 2325 2370 2388 2415 2428 2533 2557 2559 

Test #339
3134 3299 3672 3766 3839 3853 3854 3905 3921 3927 3958 3967 3979 4038 4056 4058 4062 4076 

Test #340
86 672 930 1375 1446 1580 1865 2040 2370 2415 2428 2533 2557 2590 2668 

Test #341
86 1326 1561 1566 1865 1966 2561 2590 2829 2840 3082 3188 3206 3524 3526 3564 3598 

Test #342
53 86 100 203 228 438 540 665 745 812 836 1105 1497 1576 1755 1785 1863 1865 1889 1940 1970 2007 2020 2025 

Test #343
74 86 1561 1566 1580 1865 1966 2331 2590 2591 2803 2829 2896 2995 3074 3112 3152 3154 3263 3281 3290 3340 

Test #344
86 1326 2936 3134 3280 3299 3515 3670 3672 3734 3766 3825 3839 3853 3854 3871 3905 3921 3927 3958 3967 3979 4038 4056 4058 4062 4076 

Test #345
86 1326 1561 1566 1865 1966 2561 2590 2829 2840 3082 3188 3206 3524 3526 3564 3598 

Test #346
53 71 86 111 203 228 466 540 587 745 753 812 1466 1497 1580 1610 1755 1863 1865 1940 2007 2025 2040 2093 2113 2120 2128 

Test #347
86 1326 1865 2561 2829 2936 3188 3206 3670 3733 3742 3769 3773 3797 3801 

Test #348
86 135 241 255 389 438 540 545 615 733 812 946 1055 1105 1497 1563 1574 1576 1632 1641 1673 1755 1785 1793 1808 

Test #349
53 71 86 111 203 228 466 540 587 745 753 812 1466 1497 1580 1610 1755 1863 1865 1940 2007 2025 2040 2093 2113 2120 2128 

Test #350
86 1580 1593 1668 1865 2033 2040 2253 2428 2590 2668 2679 2713 2756 2776 2803 2810 2823 2829 2844 

Test #351
86 1139 1566 1580 1668 1773 1865 1966 2040 2426 2445 2566 2590 2715 2776 2803 2829 2852 2858 2876 2907 2929 2954 2987 2995 2998 3012 3036 3074 3080 

Test #352
42 86 87 107 224 275 317 321 362 389 450 498 506 508 540 592 633 666 731 733 770 796 845 857 890 934 946 1002 1056 1079 1103 1105 1206 1207 1210 1231 1289 1319 1323 

Test #353
86 1375 1574 1580 1865 2033 2040 2253 2415 2428 2533 2590 2668 2679 2713 2756 2776 

Test #354
86 100 203 438 540 545 609 615 733 812 830 836 1105 1497 1574 1576 1578 1632 1755 1785 1808 1845 1863 1865 1889 1970 

Test #355
86 87 125 317 389 540 592 666 731 733 770 812 857 946 1103 1105 1207 1289 1319 1339 1485 1497 1576 1632 1641 

Test #356
53 71 86 203 228 466 587 745 753 1466 1497 1580 1610 1669 1686 1755 1865 1940 2040 2093 2113 2120 2128 2174 2213 2216 

Test #357
86 1349 1375 1446 1574 1580 1865 2040 2253 2370 2415 2428 2533 2590 2668 2713 

Test #358
86 524 1326 2344 2829 2936 3199 3662 3670 3685 3734 3742 3766 3773 3797 3825 3839 3853 3865 3871 3927 

Test #359
86 1139 1566 1580 1668 1773 1865 1966 2040 2426 2445 2566 2590 2715 2776 2803 2829 2852 2858 2876 2907 2929 2954 2987 2995 2998 3012 3036 3074 3080 

Test #360
86 100 203 438 540 545 733 812 830 836 1105 1497 1576 1578 1632 1755 1785 1808 1863 1865 1889 1940 1970 2007 

Test #361
86 672 1375 1446 1580 1669 1865 2040 2370 2388 2415 2428 2533 2557 2559 2590 2609 

Test #362
86 524 1326 2344 2829 2936 3199 3662 3670 3685 3734 3742 3766 3773 3797 3825 3839 3853 3865 3871 3927 

Test #363
86 1326 1865 2561 2829 2936 3188 3206 3670 3733 3742 3769 3773 3797 3801 

Test #364
86 1326 2936 3134 3280 3299 3515 3670 3672 3734 3766 3773 3797 3825 3839 3853 3854 3865 3871 3905 3921 3927 3958 3967 3979 3981 4038 

Test #365
86 1326 1865 2561 2601 2829 2936 3082 3188 3206 3670 3733 3769 

Test #366
3134 3878 3905 4056 4058 4062 4115 4116 

Test #367
53 86 203 228 540 745 753 812 836 972 1497 1580 1755 1863 1865 1940 2007 2020 2025 2040 2062 2093 

Test #368
42 86 87 107 275 317 362 389 450 506 540 592 633 731 733 770 796 857 946 1002 1056 1079 1103 1105 1207 1210 1231 1246 1289 1319 1339 

Test #369
86 187 1007 1580 1669 1865 2040 2325 2341 2388 2415 2428 

Test #370
86 100 203 438 540 545 609 615 733 812 836 1105 1497 1574 1576 1578 1632 1755 1785 1808 1840 1845 1863 1865 1889 1927 

Test #371
86 1580 1593 1668 1865 2033 2040 2253 2428 2590 2668 2679 2713 2756 2776 2803 2810 2823 2829 2844 

Test #372
86 100 203 438 540 545 609 615 733 812 836 1105 1497 1574 1576 1578 1632 1755 1785 1808 1840 1845 1863 1865 1889 1927 

Test #373
86 672 930 1349 1375 1446 1580 1865 2040 2253 2370 2415 2428 2533 2557 2590 2668 

Test #374
53 86 100 203 228 438 540 665 745 812 836 1105 1497 1576 1755 1785 1863 1865 1889 1940 1970 2007 2020 2025 

Test #375
86 135 241 255 389 438 540 545 615 733 812 946 1055 1105 1497 1563 1574 1576 1632 1641 1673 1755 1785 1793 1808 

Test #376
53 71 86 111 203 228 466 587 745 753 1466 1497 1580 1610 1755 1865 1940 2007 2025 2040 2093 2113 2120 2128 2174 

Test #377
86 1431 1580 1593 1668 1865 2033 2040 2050 2320 2590 2679 2757 2776 2803 2823 2829 2844 2852 2858 2871 2876 2894 2902 2929 

Test #378
42 86 87 107 275 317 321 362 389 450 506 508 540 592 633 666 731 733 770 796 845 857 934 946 1002 1056 1079 1103 1105 1206 1207 1210 1231 1246 1289 1319 1323 1339 

Test #379
86 1349 1375 1446 1574 1580 1865 2040 2253 2370 2415 2428 2533 2590 2668 2713 

Test #380
86 1326 1865 2561 2829 2936 3188 3206 3670 3733 3742 3769 3773 3797 3801 

Test #381
86 1431 1580 1593 1668 1865 2040 2050 2320 2590 2679 2757 2776 2803 2829 2852 2858 2871 2876 2894 2907 2929 2987 2995 2998 

Test #382
86 87 317 389 540 592 731 733 736 770 812 857 946 1103 1105 1207 1210 1289 1319 1339 1485 1497 1568 1576 

Test #383
86 1326 2344 2829 2936 3280 3299 3515 3670 3685 3734 3742 3766 3773 3797 3825 3839 3853 3854 3865 3871 3896 3905 3927 3958 3967 3979 3981 

Test #384
86 87 317 389 540 592 731 733 736 770 812 857 946 1103 1105 1207 1210 1289 1319 1339 1485 1497 1568 1576 

Test #385
86 187 197 203 745 1007 1205 1489 1580 1610 1686 1865 2040 2216 2236 2241 2283 2325 2337 

Test #386
42 86 87 107 224 244 275 303 317 321 362 389 450 472 498 505 508 592 633 666 731 733 770 796 845 857 890 934 946 1002 1014 1056 1079 1103 1105 1206 1207 1210 1231 1289 1319 1323 

Test #387
86 187 1007 1580 1669 1865 2040 2325 2341 2388 2415 2428 

Test #388
86 524 1326 2344 2829 2936 3188 3199 3662 3670 3685 3734 3742 3766 3773 3797 3825 3839 3853 3865 

Test #389
86 1326 2936 3134 3280 3299 3515 3670 3672 3734 3766 3825 3839 3853 3854 3871 3905 3921 3927 3958 3967 3979 4038 4056 4058 4062 4076 

Test #390
42 86 87 107 275 317 321 362 389 450 506 508 540 592 633 666 731 733 770 796 845 857 934 946 1002 1056 1079 1103 1105 1206 1207 1210 1231 1246 1289 1319 1323 1339 

Test #391
86 87 125 317 389 540 592 666 731 733 770 812 857 946 1103 1105 1207 1289 1319 1339 1485 1497 1576 1632 1641 

Test #392
86 187 1007 1580 1669 1865 2040 2325 2341 2388 2409 2415 2428 

Test #393
3134 3672 3766 3853 3854 3905 3921 3927 3958 3967 3979 4038 4056 4058 4062 4076 4115 4116 

Test #394
14 15 50 55 86 108 134 142 219 224 244 250 275 292 303 317 321 362 389 459 472 488 498 505 508 549 562 592 633 638 639 731 733 738 796 845 857 890 898 903 919 927 946 1002 1014 1056 1060 1079 1086 1105 1119 1207 1210 1231 

Test #395
86 187 197 203 228 745 1489 1580 1610 1686 1865 2040 2119 2128 2152 2216 2221 2236 2241 2283 

Test #396
86 1326 1561 1566 1865 2561 2601 2829 3082 3188 3206 3526 3598 3670 3706 3716 

Test #397
14 15 50 55 86 108 134 142 218 219 224 250 275 292 303 317 321 389 459 472 488 498 505 508 514 549 562 633 638 639 655 731 738 796 845 857 890 898 903 919 927 946 1002 1014 1056 1060 1079 1086 1105 1119 1207 1210 

Test #398
86 1139 1580 1668 1773 1865 1966 2040 2320 2426 2445 2566 2590 2776 2803 2829 2852 2858 2876 2907 2929 2954 2987 2995 2998 3012 3036 3074 3080 

Test #399
86 524 1326 2344 2829 2936 3188 3199 3662 3670 3685 3734 3742 3766 3773 3797 3825 3839 3853 3865 

Test #400
86 187 745 1007 1205 1580 1610 1669 1865 2040 2325 2337 2341 2409 2415 2428 

Test #401
86 524 1326 2561 2829 2936 3188 3206 3670 3742 3769 3773 3797 3801 3825 3839 

Test #402
86 187 1007 1580 1669 1865 2040 2325 2341 2388 2409 2415 2428 

Test #403
86 1566 1580 1668 1773 1865 1966 2040 2426 2445 2451 2566 2590 2715 2776 2803 2829 2852 2896 2907 2929 2954 2987 2995 2998 3012 3036 3074 3080 3112 3154 

Test #404
86 187 197 203 745 1007 1205 1489 1580 1610 1686 1865 2040 2119 2216 2221 2236 2241 2283 2325 2337 

Test #405
74 86 1566 1580 1668 1773 1865 1966 2040 2426 2445 2590 2591 2715 2803 2829 2896 2929 2954 2987 2995 2998 3036 3074 3112 3154 3224 3263 

Test #406
86 1326 1561 1566 1865 2561 2601 2829 3082 3188 3206 3670 3706 3716 3733 

Test #407
74 86 1566 1580 1668 1773 1865 1966 2040 2426 2445 2451 2566 2590 2591 2715 2803 2829 2852 2896 2907 2929 2954 2987 2995 2998 3036 3074 3112 3154 3224 

Test #408
86 100 203 438 540 545 733 812 830 836 1105 1497 1576 1578 1632 1755 1785 1808 1863 1865 1889 1940 1970 2007 

Test #409
86 524 1326 2344 2829 2936 3199 3662 3670 3685 3734 3742 3766 3773 3797 3825 3839 3853 3865 3871 3927 

Test #410
86 135 241 255 317 389 540 615 733 770 812 946 1105 1497 1563 1574 1576 1632 1641 1673 1755 

Test #411
86 87 317 389 540 592 731 733 736 770 812 857 946 1103 1105 1207 1210 1289 1319 1339 1485 1497 1568 1576 

Test #412
86 1349 1375 1446 1574 1580 1865 2040 2253 2370 2415 2428 2533 2590 2668 2713 

Test #413
53 71 86 111 203 228 466 540 587 745 753 812 1466 1497 1580 1610 1755 1863 1865 1940 2007 2025 2040 2093 2113 2120 2128 

Test #414
42 55 86 87 107 108 224 244 275 303 317 321 362 389 450 459 472 498 505 508 592 633 638 639 666 731 733 770 796 845 857 890 934 946 1002 1014 1056 1060 1079 1086 1103 1105 1206 1207 1210 1231 1286 1289 1319 1323 

Test #415
86 1139 1580 1593 1668 1773 1865 2040 2050 2320 2426 2590 2679 2776 2803 2829 2852 2858 2876 2907 2929 2987 2995 2998 3012 3036 

Test #416
74 86 1566 1580 1668 1773 1865 1966 2040 2426 2445 2590 2591 2715 2803 2829 2896 2929 2954 2987 2995 2998 3036 3074 3112 3154 3224 3263 

Test #417
42 86 87 317 362 389 506 540 592 731 733 736 770 857 946 1103 1105 1207 1210 1231 1246 1289 1319 1339 1485 1497 

Test #418
42 86 87 107 224 275 317 321 362 389 450 498 506 508 540 592 633 666 731 733 770 796 845 857 890 934 946 1002 1056 1079 1103 1105 1206 1207 1210 1231 1289 1319 1323 

Test #419
86 1431 1580 1593 1668 1865 2033 2040 2050 2253 2590 2668 2679 2757 2776 2803 2810 2823 2829 2844 2852 2871 2876 2894 2902 

Test #420
42 86 87 107 224 275 317 321 362 389 450 498 506 508 540 592 633 666 731 733 770 796 845 857 890 934 946 1002 1056 1079 1103 1105 1206 1207 1210 1231 1289 1319 1323 

Test #421
86 87 317 389 540 592 731 733 736 770 812 857 946 1103 1105 1207 1210 1289 1319 1339 1485 1497 1568 1576 

Test #422
74 86 1561 1566 1580 1865 1966 2426 2445 2590 2591 2715 2803 2829 2896 2954 2995 2998 3036 3074 3112 3152 3154 3224 3263 3281 

Test #423
86 672 1375 1446 1580 1865 2040 2370 2388 2415 2428 2533 2557 2590 2609 

Test #424
42 86 87 107 317 362 389 450 506 540 592 633 731 733 736 770 857 946 1103 1105 1207 1210 1231 1246 1289 1319 1339 1485 1497 

Test #425
74 86 1561 1566 1580 1668 1865 1966 2426 2445 2590 2591 2715 2803 2829 2896 2954 2987 2995 2998 3036 3074 3112 3152 3154 3224 3263 3281 

Test #426
86 1326 1561 1566 1865 2561 2601 2829 3082 3188 3206 3526 3598 3670 3706 3716 

Test #427
86 524 1326 2344 2829 2936 3199 3662 3670 3685 3734 3742 3766 3773 3797 3825 3839 3853 3865 3871 3927 

Test #428
74 86 1566 1580 1668 1773 1865 1966 2040 2426 2445 2451 2566 2590 2591 2715 2803 2829 2852 2896 2907 2929 2954 2987 2995 2998 3036 3074 3112 3154 3224 

Test #429
86 672 1375 1446 1580 1865 2040 2370 2388 2415 2428 2533 2557 2590 2609 

Test #430
86 1326 1561 1566 1865 1966 2561 2590 2829 2840 3082 3188 3206 3524 3526 3564 3598 

Test #431
42 86 87 317 362 389 506 540 592 731 733 736 770 857 946 1103 1105 1207 1210 1231 1246 1289 1319 1339 1485 1497 

Test #432
53 71 86 203 228 466 587 745 753 1466 1497 1580 1610 1669 1686 1755 1865 1940 2040 2093 2113 2120 2128 2174 2213 2216 

Test #433
86 100 203 438 540 545 609 615 733 812 830 836 1105 1497 1574 1576 1578 1632 1755 1785 1808 1845 1863 1865 1889 1970 

Test #434
74 86 1561 1566 1865 1966 2331 2590 2591 2803 2829 3060 3263 3281 3290 

Test #435
74 86 1561 1566 1580 1668 1865 1966 2426 2445 2590 2591 2715 2803 2829 2896 2954 2987 2995 2998 3036 3074 3112 3152 3154 3224 3263 3281 

Test #436
86 1326 2344 2829 2936 3280 3515 3662 3670 3685 3734 3742 3766 3773 3797 3825 3839 3853 3854 3865 3871 3896 3905 3927 3958 

Test #437
86 1431 1580 1593 1668 1865 2033 2040 2050 2320 2590 2679 2757 2776 2803 2823 2829 2844 2852 2858 2871 2876 2894 2902 2929 

Test #438
86 187 197 203 745 1007 1205 1489 1580 1610 1686 1865 2040 2119 2216 2221 2236 2241 2283 2325 2337 

Test #439
86 135 241 255 317 389 540 615 733 812 946 1055 1105 1497 1563 1574 1576 1632 1641 1673 1755 1785 1793 

Test #440
86 672 930 1375 1446 1580 1865 2040 2370 2415 2428 2533 2557 2590 2668 

Test #441
86 1580 1593 1668 1865 2033 2040 2253 2428 2590 2668 2679 2713 2756 2776 2803 2810 2823 2829 2844 

Test #442
53 71 86 111 203 228 466 540 745 753 812 972 1466 1497 1580 1755 1863 1865 1940 2007 2020 2025 2040 2062 2093 2113 2120 2128 

Test #443
14 15 50 55 86 108 134 142 218 219 224 250 275 292 303 317 321 389 459 472 488 498 505 508 514 549 562 633 638 639 655 731 738 796 845 857 890 898 903 919 927 946 1002 1014 1056 1060 1079 1086 1105 1119 1207 1210 

Test #444
86 1326 1561 1566 1865 2561 2601 2829 3082 3188 3206 3526 3598 3670 3706 3716 

Test #445
86 187 197 203 228 745 753 1489 1580 1610 1686 1865 2040 2119 2128 2152 2216 2221 2236 2241 

Test #446
86 1431 1580 1593 1668 1865 2040 2050 2320 2590 2679 2757 2776 2803 2829 2852 2858 2871 2876 2894 2907 2929 2987 2995 2998 

Test #447
86 1375 1574 1580 1865 2033 2040 2253 2415 2428 2533 2590 2668 2679 2713 2756 2776 

Test #448
86 187 1007 1580 1669 1865 2040 2325 2341 2388 2409 2415 2428 

Test #449
86 1139 1566 1580 1668 1773 1865 1966 2040 2426 2445 2566 2590 2715 2776 2803 2829 2852 2858 2876 2907 2929 2954 2987 2995 2998 3012 3036 3074 3080 

Test #450
42 86 87 107 275 317 321 362 389 450 506 508 540 592 633 666 731 733 770 796 845 857 934 946 1002 1056 1079 1103 1105 1206 1207 1210 1231 1246 1289 1319 1323 1339 

Test #451
86 672 930 1349 1375 1446 1580 1865 2040 2253 2370 2415 2428 2533 2557 2590 2668 

Test #452
74 86 1561 1566 1865 1966 2331 2590 2591 2803 2829 2840 3060 3206 3263 3290 

Test #453
74 86 1326 1561 1566 1865 1966 2590 2803 2829 2840 3060 3206 3263 3290 3434 3524 3526 

Test #454
86 1326 2936 3134 3280 3299 3515 3670 3672 3734 3766 3825 3839 3853 3854 3871 3905 3921 3927 3958 3967 3979 4038 4056 4058 4062 4076 

Test #455
86 1326 1865 2561 2601 2829 2936 3082 3188 3206 3670 3733 3769 

Test #456
86 187 672 1375 1446 1580 1669 1865 2040 2325 2370 2388 2415 2428 2533 2557 2559 

Test #457
86 1326 1561 1566 1865 1966 2590 2829 2840 3082 3206 3434 3524 3526 3564 3598 

Test #458
74 86 1326 1561 1566 1865 1966 2590 2803 2829 2840 3060 3206 3263 3290 3434 

Test #459
86 87 317 389 540 592 731 733 736 770 812 857 946 1103 1105 1207 1210 1289 1319 1339 1485 1497 1568 1576 

Test #460
86 100 203 438 540 545 733 812 830 836 1105 1497 1576 1578 1632 1755 1785 1808 1863 1865 1889 1940 1970 2007 

Test #461
86 1431 1580 1593 1668 1865 2033 2040 2050 2253 2590 2668 2679 2757 2776 2803 2810 2823 2829 2844 2852 2871 2876 2894 2902 

Test #462
86 100 135 203 241 255 306 438 540 545 609 615 733 812 836 946 1055 1105 1497 1574 1576 1578 1632 1673 1755 1785 1808 1840 1845 1863 1865 1889 

Test #463
86 1431 1580 1593 1668 1865 2033 2040 2050 2320 2590 2679 2757 2776 2803 2823 2829 2844 2852 2858 2871 2876 2894 2902 2929 

Test #464
86 1326 1561 1566 1865 1966 2590 2829 2840 3082 3206 3434 3524 3526 3564 3598 

Test #465
86 1326 2936 3134 3280 3299 3515 3670 3672 3734 3766 3825 3839 3853 3854 3871 3905 3921 3927 3958 3967 3979 4038 4056 4058 4062 4076 

Test #466
53 86 100 203 228 438 540 665 745 812 836 1105 1497 1576 1755 1785 1863 1865 1889 1940 1970 2007 2020 2025 

Test #467
74 86 1561 1566 1580 1865 1966 2331 2590 2591 2803 2829 2896 2995 3074 3112 3152 3154 3263 3281 3290 3340 

Test #468
86 1580 1593 1668 1865 2033 2040 2253 2428 2590 2668 2679 2713 2756 2776 2803 2810 2823 2829 2844 

Test #469
86 1139 1580 1668 1773 1865 1966 2040 2320 2426 2445 2566 2590 2776 2803 2829 2852 2858 2876 2907 2929 2954 2987 2995 2998 3012 3036 3074 3080 

Test #470
86 1326 2344 2829 2936 3280 3515 3662 3670 3685 3734 3742 3766 3773 3797 3825 3839 3853 3854 3865 3871 3896 3905 3927 3958 

Test #471
15 42 55 86 87 108 219 224 244 275 303 317 321 362 389 459 472 488 498 505 508 549 562 592 633 638 639 666 731 733 770 796 845 857 890 898 903 919 934 946 1002 1014 1056 1060 1079 1086 1103 1105 1206 1207 1210 1231 1286 1289 

Test #472
86 135 241 255 317 389 540 615 733 770 812 946 1105 1497 1563 1574 1576 1632 1641 1673 1755 

Test #473
86 135 241 255 389 438 540 545 615 733 812 946 1055 1105 1497 1563 1574 1576 1632 1641 1673 1755 1785 1793 1808 

Test #474
14 15 50 55 86 108 134 142 219 224 244 250 275 292 303 317 321 362 389 459 472 488 498 505 508 549 562 592 633 638 639 731 733 738 796 845 857 890 898 903 919 927 946 1002 1014 1056 1060 1079 1086 1105 1119 1207 1210 1231 

Test #475
14 15 50 55 86 108 134 142 218 219 224 250 275 292 303 317 321 389 459 472 488 498 505 508 514 549 562 633 638 639 655 731 738 796 845 857 890 898 903 919 927 946 1002 1014 1056 1060 1079 1086 1105 1119 1207 1210 

Test #476
86 1574 1580 1668 1865 2033 2040 2253 2428 2590 2668 2679 2713 2756 2776 2803 2810 

Test #477
86 1431 1580 1593 1668 1865 2040 2050 2320 2590 2679 2757 2776 2803 2829 2852 2858 2871 2876 2894 2907 2929 2987 2995 2998 

Test #478
86 1574 1580 1668 1865 2033 2040 2253 2428 2590 2668 2679 2713 2756 2776 2803 2810 

Test #479
3134 3299 3672 3766 3839 3853 3854 3905 3921 3927 3958 3967 3979 4038 4056 4058 4062 4076 

Test #480
86 100 203 438 540 545 609 615 733 812 836 1105 1497 1574 1576 1578 1632 1755 1785 1808 1840 1845 1863 1865 1889 1927 

Test #481
86 1139 1431 1580 1593 1668 1865 2040 2050 2320 2590 2679 2776 2803 2829 2852 2858 2876 2894 2907 2929 2987 2995 2998 3012 

Test #482
86 187 672 1375 1446 1580 1669 1865 2040 2325 2370 2388 2415 2428 2533 2557 2559 

Test #483
14 15 50 55 86 108 134 142 218 219 224 250 275 292 303 317 321 389 459 472 488 498 505 508 514 549 562 633 638 639 655 731 738 796 845 857 890 898 903 919 927 946 1002 1014 1056 1060 1079 1086 1105 1119 1207 1210 

Test #484
86 187 197 203 745 1007 1205 1489 1580 1610 1686 1865 2040 2119 2216 2221 2236 2241 2283 2325 2337 

Test #485
86 187 197 745 1007 1205 1489 1580 1610 1865 2040 2236 2325 2337 2341 2409 2415 2428 

Test #486
86 1326 1561 1566 1865 2561 2601 2829 3082 3188 3206 3526 3598 3670 3706 3716 

Test #487
86 1326 1561 1566 1865 1966 2561 2601 2829 2840 3082 3188 3206 3526 3598 3670 

Test #488
86 135 241 255 317 389 540 615 733 812 946 1055 1105 1497 1563 1574 1576 1632 1641 1673 1755 1785 1793 

Test #489
86 1431 1580 1593 1668 1865 2040 2050 2320 2590 2679 2757 2776 2803 2829 2852 2858 2871 2876 2894 2907 2929 2987 2995 2998 

Test #490
86 1326 2936 3134 3280 3299 3515 3670 3672 3734 3766 3773 3797 3825 3839 3853 3854 3865 3871 3905 3921 3927 3958 3967 3979 3981 4038 

Test #491
86 187 1007 1580 1669 1865 2040 2325 2341 2388 2409 2415 2428 

Test #492
86 125 255 317 389 540 733 770 812 857 946 1105 1289 1319 1339 1485 1497 1563 1574 1576 1632 1641 1663 1673 

Test #493
86 125 255 317 389 540 733 770 812 857 946 1105 1289 1319 1339 1485 1497 1563 1574 1576 1632 1641 1663 1673 

Test #494
15 55 86 87 108 134 142 219 224 244 250 275 303 317 321 362 389 459 472 488 498 505 508 549 562 592 633 638 639 731 733 738 770 796 845 857 890 898 903 919 946 1002 1014 1056 1060 1079 1086 1103 1105 1207 1210 1231 1286 1289 

Test #495
3134 3299 3672 3766 3839 3853 3854 3905 3921 3927 3958 3967 3979 4038 4056 4058 4062 4076 

Test #496
86 87 317 389 540 592 731 733 736 770 812 857 946 1103 1105 1207 1210 1289 1319 1339 1485 1497 1568 1576 

Test #497
53 86 100 203 228 438 540 665 745 812 836 1105 1497 1576 1755 1785 1863 1865 1889 1940 1970 2007 2020 2025 

Test #498
74 86 1561 1566 1580 1668 1865 1966 2426 2445 2590 2591 2715 2803 2829 2896 2954 2987 2995 2998 3036 3074 3112 3152 3154 3224 3263 3281 

Test #499
86 1139 1566 1580 1668 1773 1865 1966 2040 2426 2445 2451 2566 2590 2715 2776 2803 2829 2852 2858 2907 2929 2954 2987 2995 2998 3012 3036 3074 3080 3154 

Test #500
86 524 1326 2344 2829 2936 3199 3662 3670 3685 3734 3742 3766 3773 3797 3825 3839 3853 3865 3871 3927 

