Test #1
922 1119 1316 1427 1469 1500 1504 1608 1638 1662 1693 1740 1748 1750 1819 

Test #2
836 1119 1213 1331 1432 1469 1504 1506 1549 1610 1750 1819 1862 1952 1961 1975 1985 

Test #3
1119 1277 1427 1469 1504 

Test #4
1119 1135 1213 1432 1469 1504 1750 1819 1837 2010 2041 2047 2089 2117 2133 2142 

Test #5
1119 1234 1277 1427 1469 1504 1637 1662 1664 

Test #6
466 1213 1432 1504 1750 1769 1811 1911 2117 2142 2178 2205 2235 2252 2317 2365 2369 

Test #7
10 36 62 69 75 113 214 254 262 264 274 307 323 383 435 500 527 554 558 697 698 734 800 841 858 887 914 920 926 

Test #8
812 1349 1504 1685 1750 1912 2117 2142 2317 2378 2398 2407 2408 2428 2454 2512 2519 

Test #9
466 1119 1135 1213 1432 1504 1617 1750 1811 1891 2117 2142 2178 2181 2205 2235 2236 2252 

Test #10
1119 1135 1213 1432 1469 1504 1750 1819 1837 2010 2041 2047 2089 2117 2133 2142 

Test #11
15 62 69 75 105 113 264 290 323 383 435 527 655 706 734 800 858 914 920 926 953 958 972 992 997 

Test #12
466 1119 1135 1213 1432 1504 1750 1819 1891 1893 2010 2047 2117 2133 2142 2178 2181 

Test #13
466 1119 1135 1213 1432 1504 1617 1750 1811 1891 2117 2142 2178 2181 2205 2235 2236 2252 

Test #14
812 1504 1750 1912 2117 2142 2317 2378 2398 2407 2428 2454 2509 2512 2513 2519 

Test #15
466 1135 1213 1432 1504 1750 1811 1891 1911 2117 2142 2178 2205 2235 2252 2317 

Test #16
113 314 528 540 706 734 958 1095 1119 1122 1154 1155 1168 1169 1218 

Test #17
812 1504 1750 1912 2117 2142 2317 2378 2398 2407 2428 2454 2509 2512 2513 2519 2571 

Test #18
1119 1316 1331 1427 1469 1500 1504 1608 1662 1740 1750 1819 1829 1873 

Test #19
31 111 172 521 539 927 936 998 1008 1078 1119 1155 1181 1237 1346 1367 

Test #20
2 36 62 69 75 113 133 194 224 238 254 262 264 268 274 307 323 380 383 408 435 500 554 558 697 698 713 726 734 800 841 858 

Test #21
15 62 69 75 113 214 262 264 274 307 323 383 435 500 527 554 655 697 698 734 800 858 887 914 920 926 953 958 

Test #22
812 1504 1750 1912 2117 2142 2317 2378 2398 2407 2428 2454 2509 2512 2513 2519 2571 

Test #23
922 1119 1234 1277 1427 1469 1504 1558 1608 1637 1638 1662 1693 1740 1748 1750 1755 

Test #24
836 1119 1213 1432 1469 1498 1504 1664 1750 1837 1975 2010 2022 2026 2041 2047 2089 

Test #25
1119 1135 1213 1432 1469 1504 1750 1819 1837 2010 2041 2047 2089 2117 2133 2142 

Test #26
836 1119 1213 1432 1469 1498 1504 1664 1750 1837 1961 1975 2010 2022 2026 2041 2047 2089 

Test #27
812 1349 1504 1685 1750 1912 2117 2142 2317 2378 2398 2407 2428 2454 2512 2513 2519 2571 

Test #28
812 1504 1750 1912 2117 2142 2317 2378 2398 2407 2428 2454 2509 2512 2513 2519 

Test #29
15 44 62 69 75 113 264 323 333 383 706 734 800 953 958 972 992 1095 

Test #30
836 1119 1213 1331 1432 1469 1504 1506 1610 1750 1862 1952 1961 1975 1985 2026 

Test #31
836 1119 1213 1331 1432 1469 1504 1506 1549 1610 1750 1819 1862 1952 1961 1975 1985 

Test #32
836 1119 1213 1432 1469 1498 1504 1664 1750 1837 1961 1975 2010 2022 2026 2041 2047 2089 

Test #33
113 314 528 540 706 734 958 1095 1119 1122 1154 1155 1168 1169 1218 

Test #34
2 36 62 69 105 113 133 194 205 224 238 254 262 268 274 307 323 380 408 500 554 558 685 697 698 713 726 734 800 

Test #35
31 111 172 521 539 927 936 998 1008 1078 1119 1157 1181 1346 1367 1423 

Test #36
836 1119 1213 1331 1432 1469 1504 1506 1664 1750 1862 1952 1961 1975 2022 2026 2041 2047 

Test #37
466 1135 1213 1432 1504 1750 1811 1891 1911 2117 2142 2178 2205 2235 2252 2317 

Test #38
111 250 829 1119 1277 1367 1423 1427 1469 1476 1487 1504 

Test #39
922 1119 1427 1469 1504 1608 1637 1638 1662 1693 1740 1748 1750 1760 

Test #40
922 1119 1316 1427 1469 1500 1504 1608 1638 1662 1693 1740 1748 1750 1819 

Test #41
10 36 62 69 75 113 194 214 224 238 254 262 264 268 274 307 323 383 435 500 554 558 697 698 713 734 800 841 858 887 

Test #42
836 1119 1213 1331 1432 1469 1504 1506 1549 1610 1750 1819 1862 1952 1961 1975 1985 

Test #43
113 211 528 540 681 706 734 958 1095 1119 1122 1154 1155 1168 1218 

Test #44
466 1119 1135 1213 1432 1504 1617 1750 1811 1891 2117 2142 2178 2205 2235 2252 2317 

Test #45
922 1119 1316 1427 1469 1500 1504 1608 1638 1662 1740 1748 1750 1819 1829 

Test #46
1750 1912 2138 2378 2543 2615 2682 2718 2736 2740 

Test #47
2138 2543 2615 2682 2718 2736 2740 

Test #48
1119 1277 1427 1469 1504 

Test #49
922 1119 1316 1427 1469 1500 1504 1608 1638 1662 1740 1748 1750 1819 1829 

Test #50
31 172 521 539 927 936 998 1008 1078 1119 1155 1181 1237 1284 1346 1367 

Test #51
1119 1277 1427 1469 1504 1637 

Test #52
836 1119 1331 1432 1469 1500 1504 1549 1750 1819 1862 1873 1952 

Test #53
69 113 264 528 706 734 953 958 972 1095 1113 1119 1122 1154 1155 

Test #54
812 1504 1750 1912 2117 2142 2317 2378 2398 2407 2428 2454 2509 2512 2513 2519 2571 

Test #55
113 314 431 528 540 706 958 1095 1119 1122 1127 1154 1155 1168 1218 1243 

Test #56
812 1349 1432 1504 1685 1750 1911 2117 2142 2235 2317 2365 2369 2407 2408 2424 2428 2454 

Test #57
1119 1316 1331 1427 1469 1500 1504 1608 1662 1740 1750 1819 1829 1873 

Test #58
15 62 69 75 105 113 264 274 290 323 383 435 527 655 697 734 800 858 887 914 920 926 953 958 972 992 997 

Test #59
466 1135 1213 1432 1504 1750 1811 1891 1911 2117 2142 2178 2205 2235 2252 2317 

Test #60
1119 1135 1213 1432 1469 1504 1750 1819 1837 2010 2041 2047 2089 2117 2133 2142 

Test #61
466 1119 1135 1213 1432 1504 1750 1891 2047 2117 2142 2178 2181 2205 2235 2236 2252 

Test #62
111 829 1119 1277 1427 1469 1504 

Test #63
31 111 172 521 539 927 936 998 1008 1078 1119 1157 1181 1346 1367 1423 

Test #64
812 1504 1750 1912 2117 2317 2378 2398 2428 2454 2509 2512 2513 

Test #65
111 829 1119 1277 1367 1423 1427 1469 1476 1487 1504 

Test #66
836 1119 1213 1331 1432 1469 1504 1506 1664 1750 1862 1952 1961 1975 2022 2026 2041 2047 

Test #67
1119 1316 1331 1427 1432 1469 1500 1504 1750 1819 1829 1873 

Test #68
15 62 69 75 105 113 264 290 323 383 435 527 655 706 734 800 858 914 920 926 953 958 972 992 997 

Test #69
1750 1912 2138 2378 2543 2615 2682 2718 2736 2740 

Test #70
2 36 62 69 75 113 133 194 214 224 238 254 262 264 268 274 307 323 383 435 500 554 558 697 698 713 734 800 841 858 

Test #71
836 1119 1213 1331 1432 1469 1504 1506 1664 1750 1837 1862 1952 1961 1975 2010 2022 2026 2041 2047 

Test #72
2 36 62 69 75 113 133 194 224 238 254 262 264 268 274 307 323 380 383 408 435 500 554 558 697 698 713 726 734 800 841 858 

Test #73
836 1119 1213 1331 1432 1469 1504 1506 1664 1750 1862 1952 1961 1975 2022 2026 2041 2047 

Test #74
812 1349 1432 1504 1685 1750 1911 2117 2142 2235 2252 2317 2365 2369 2407 2408 2424 2428 2454 

Test #75
466 1213 1432 1504 1685 1750 1769 1811 1911 2117 2142 2205 2235 2252 2317 2365 2369 

Test #76
15 44 62 69 75 113 264 323 333 383 706 734 800 953 958 972 992 1095 

Test #77
466 1432 1504 1685 1750 1769 1911 2117 2142 2235 2252 2317 2365 2369 2407 2408 2417 2424 2428 

Test #78
466 1119 1135 1213 1432 1504 1617 1750 1811 1891 2117 2142 2178 2205 2235 2252 2317 

Test #79
1119 1316 1427 1469 1500 1504 1608 1662 1740 1750 1819 1829 

Test #80
31 111 172 521 539 927 936 998 1008 1078 1119 1157 1181 1346 1367 1423 

Test #81
10 36 62 69 75 113 194 214 224 238 254 262 264 268 274 307 323 383 435 500 554 558 697 698 713 734 800 841 858 887 

Test #82
1504 1750 1912 2317 2378 2454 2509 2513 2634 2682 

Test #83
812 1349 1504 1685 1750 1912 2117 2142 2317 2378 2398 2407 2428 2454 2512 2513 2519 2571 

Test #84
113 314 528 540 706 734 958 1095 1119 1122 1154 1155 1168 1169 1218 

Test #85
812 1349 1432 1504 1685 1750 1911 2117 2142 2235 2252 2317 2365 2369 2407 2408 2424 2428 2454 

Test #86
15 62 69 75 105 113 264 274 290 323 383 435 527 655 697 734 800 858 887 914 920 926 953 958 972 992 997 

Test #87
10 36 62 69 75 113 194 214 224 238 254 262 264 268 274 307 323 383 435 500 554 558 697 698 713 734 800 841 858 887 

Test #88
111 250 829 1119 1277 1367 1423 1427 1469 1476 1487 1504 

Test #89
113 211 528 540 681 706 734 958 1095 1119 1122 1154 1155 1168 1218 

Test #90
466 1432 1504 1685 1750 1769 1911 2117 2142 2235 2252 2317 2365 2369 2407 2408 2417 2424 2428 

Test #91
2 36 62 69 105 113 133 194 205 224 238 254 262 268 274 307 323 380 408 500 554 558 685 697 698 713 726 734 800 

Test #92
1504 1750 1912 2317 2378 2454 2509 2512 2513 

Test #93
113 528 540 681 706 734 958 972 1095 1113 1119 1122 1154 1155 1168 

Test #94
31 111 172 539 927 936 1119 1157 1346 1367 1423 

Test #95
812 1349 1432 1504 1685 1750 1912 2117 2142 2235 2317 2365 2398 2407 2408 2428 2454 2512 2519 

Test #96
1119 1316 1427 1469 1500 1504 1608 1662 1740 1750 1819 1829 

Test #97
812 1504 1750 1912 2117 2317 2378 2398 2428 2454 2509 2512 2513 

Test #98
1119 1277 1427 1469 1504 

Test #99
836 1119 1213 1432 1469 1498 1504 1664 1750 1837 1975 2010 2022 2026 2041 2047 2089 

Test #100
812 1504 1750 1912 2117 2142 2317 2378 2398 2407 2428 2454 2509 2512 2513 2519 2571 

Test #101
922 1119 1234 1277 1427 1469 1504 1558 1608 1637 1638 1662 1664 1693 

Test #102
19 31 172 431 521 539 998 1078 1119 1127 1155 1181 1284 1340 

Test #103
812 1504 1750 1912 2117 2142 2317 2378 2398 2407 2428 2454 2509 2512 2513 2519 2571 

Test #104
10 36 62 69 75 113 194 214 254 262 264 268 274 307 323 383 435 500 554 558 697 698 713 734 800 841 858 887 914 

Test #105
15 62 69 75 105 113 264 274 290 323 383 435 527 655 697 734 800 858 887 914 920 926 953 958 972 992 997 

Test #106
1119 1135 1213 1432 1469 1504 1750 1819 1837 2010 2041 2047 2089 2117 2133 2142 

Test #107
113 211 528 540 681 706 734 958 1095 1119 1122 1154 1155 1168 1218 

Test #108
812 1504 1750 1912 2117 2142 2317 2378 2398 2407 2428 2454 2509 2512 2513 2519 2571 

Test #109
922 1119 1234 1277 1427 1469 1504 1558 1608 1637 1638 1662 1664 1693 

Test #110
466 1119 1135 1213 1432 1504 1750 1819 1891 1893 2010 2047 2117 2133 2142 2178 2181 

Test #111
113 314 431 528 540 706 958 1095 1119 1122 1127 1154 1155 1168 1218 1243 

Test #112
922 1119 1234 1277 1427 1469 1504 1608 1637 1638 1662 1693 1740 1748 1750 1755 1760 

Test #113
836 1119 1213 1432 1469 1504 1664 1750 1819 1837 2010 2022 2026 2041 2047 2089 2133 

Test #114
15 62 69 75 105 113 214 264 274 290 307 323 383 435 500 527 554 655 697 698 734 800 858 887 914 920 926 953 958 992 997 

Test #115
1119 1135 1213 1432 1469 1504 1750 1819 1837 2010 2041 2047 2089 2117 2133 2142 

Test #116
922 1119 1234 1277 1427 1469 1504 1608 1637 1638 1662 1693 1740 1748 1750 1755 1760 

Test #117
113 528 540 681 706 734 958 1095 1119 1122 1154 1155 1168 

Test #118
466 1119 1135 1213 1432 1504 1750 1891 2047 2117 2142 2178 2181 2205 2235 2236 2252 

Test #119
812 1349 1432 1504 1685 1750 1911 2117 2142 2235 2252 2317 2365 2369 2407 2408 2424 2428 2454 

Test #120
1119 1277 1427 1469 1504 

Test #121
1119 1316 1427 1469 1500 1504 1608 1662 1740 1750 1819 1829 

Test #122
466 812 1349 1432 1504 1685 1750 1769 1911 2117 2142 2235 2252 2317 2365 2369 2407 2408 2424 2428 2454 

Test #123
31 111 172 521 539 927 936 998 1008 1078 1119 1157 1181 1346 1367 1423 

Test #124
1119 1135 1213 1432 1469 1504 1750 1819 1891 2010 2041 2047 2089 2117 2133 2142 2178 

Test #125
15 44 62 69 75 113 264 323 333 383 706 734 800 953 958 972 992 1095 

Test #126
15 69 113 264 528 706 734 953 958 972 992 1095 1113 1119 1122 

Test #127
113 314 431 528 540 706 958 1095 1119 1122 1127 1154 1155 1168 1218 1243 

Test #128
15 36 62 69 75 113 214 254 262 264 274 307 323 383 435 500 527 554 558 697 698 734 800 858 887 914 920 926 953 958 

Test #129
1119 1316 1331 1427 1432 1469 1500 1504 1750 1819 1829 1873 

Test #130
812 1349 1504 1685 1750 1912 2117 2142 2317 2378 2398 2407 2408 2428 2454 2512 2519 

Test #131
1504 1750 1912 2317 2378 2454 2509 2513 2634 2682 

Test #132
2 36 69 105 113 133 194 205 224 238 254 262 268 307 323 380 408 500 554 558 685 697 713 726 734 744 800 

Test #133
15 69 75 113 264 323 333 383 528 706 734 953 958 972 992 1095 1113 1119 

Test #134
812 1349 1432 1504 1685 1750 1911 2117 2142 2235 2317 2365 2398 2407 2408 2424 2428 2454 2512 2519 

Test #135
10 36 62 69 75 113 194 214 254 262 264 268 274 307 323 383 435 500 554 558 697 698 713 734 800 841 858 887 914 

Test #136
19 113 431 540 706 1095 1119 1122 1127 1154 1155 1218 1243 1284 1299 

Test #137
1119 1316 1331 1427 1469 1500 1504 1608 1662 1740 1750 1819 1829 1873 

Test #138
113 431 540 706 958 1095 1119 1122 1127 1154 1155 1168 1218 1243 

Test #139
15 44 62 69 75 105 113 264 290 323 333 383 435 527 706 734 800 953 958 972 992 

Test #140
1750 1912 2138 2317 2378 2615 2634 2682 2718 2736 

Test #141
812 1504 1750 1912 2117 2317 2378 2398 2428 2454 2509 2512 2513 

Test #142
111 172 250 539 927 1119 1157 1346 1367 1423 1469 1476 

Test #143
1119 1234 1277 1427 1469 1504 1637 1662 1664 

Test #144
836 1119 1331 1432 1469 1500 1504 1549 1750 1819 1862 1873 1952 

Test #145
1119 1277 1427 1469 1504 1637 

Test #146
15 62 69 75 105 113 264 290 323 383 435 527 655 706 734 800 858 914 920 926 953 958 972 992 997 

Test #147
10 36 62 69 75 113 214 254 262 264 274 307 323 383 435 500 527 554 558 697 698 734 800 841 858 887 914 920 926 

Test #148
836 1119 1213 1331 1432 1469 1504 1506 1549 1610 1750 1819 1862 1952 1961 1975 1985 

Test #149
466 812 1349 1432 1504 1685 1750 1769 1911 2117 2142 2235 2252 2317 2365 2369 2407 2408 2424 2428 2454 

Test #150
812 1349 1504 1685 1750 1912 2117 2142 2317 2378 2398 2407 2408 2428 2454 2512 2519 

Test #151
1750 1912 2138 2378 2543 2615 2682 2718 2736 2740 

Test #152
111 250 829 1119 1277 1367 1423 1427 1469 1476 1487 1504 

Test #153
466 1119 1135 1213 1432 1504 1750 1819 1891 1893 2010 2047 2117 2133 2142 2178 2181 

Test #154
31 172 521 539 927 936 998 1008 1078 1119 1155 1181 1237 1284 1346 1367 

Test #155
10 36 62 69 75 113 194 214 254 262 264 268 274 307 323 383 435 500 554 558 697 698 713 734 800 841 858 887 914 

Test #156
466 812 1349 1432 1504 1685 1750 1769 1911 2117 2142 2235 2252 2317 2365 2369 2407 2408 2424 2428 2454 

Test #157
922 1119 1234 1277 1427 1469 1504 1558 1608 1637 1638 1662 1664 1693 

Test #158
19 31 431 521 540 1119 1127 1155 1218 1243 1284 1299 

Test #159
812 1504 1750 1912 2117 2142 2317 2378 2398 2407 2428 2454 2509 2512 2513 2519 2571 

Test #160
2 36 69 105 113 133 194 205 224 238 254 262 268 307 323 380 408 500 554 558 685 697 713 726 734 744 800 

Test #161
15 44 62 69 75 105 113 264 290 323 333 383 435 527 706 734 800 953 958 972 992 

Test #162
812 1349 1432 1504 1685 1750 1911 2117 2142 2235 2317 2365 2398 2407 2408 2424 2428 2454 2512 2519 

Test #163
1750 1912 2138 2378 2543 2615 2682 2718 2736 2740 

Test #164
19 31 431 521 949 998 1119 1127 1155 1218 1243 1284 1299 

Test #165
1119 1135 1213 1432 1469 1504 1750 1819 1891 2010 2041 2047 2089 2117 2133 2142 2178 2181 

Test #166
2 36 62 69 75 113 133 194 214 224 238 254 262 264 268 274 307 323 383 435 500 554 558 697 698 713 734 800 841 858 

Test #167
922 1119 1234 1277 1427 1469 1504 1608 1637 1638 1662 1693 1740 1748 1750 1755 1760 

Test #168
19 113 431 540 706 1095 1119 1122 1127 1154 1155 1218 1243 1284 1299 

Test #169
19 31 431 521 540 1119 1127 1155 1218 1243 1284 1299 

Test #170
836 1119 1213 1331 1432 1469 1504 1506 1610 1750 1862 1952 1961 1975 1985 2026 

Test #171
113 528 540 681 706 734 958 1095 1119 1122 1154 1155 1168 

Test #172
113 528 540 681 706 734 958 972 1095 1113 1119 1122 1154 1155 1168 

Test #173
1504 1750 1912 2317 2378 2454 2509 2513 2634 2682 

Test #174
836 1119 1213 1331 1432 1469 1504 1506 1664 1750 1862 1952 1961 1975 2022 2026 2041 2047 

Test #175
466 1119 1135 1213 1432 1504 1617 1750 1811 1891 2117 2142 2178 2205 2235 2236 2252 2317 

Test #176
111 250 829 1119 1277 1367 1423 1427 1469 1476 1487 1504 

Test #177
466 1119 1135 1213 1432 1504 1750 1891 2047 2117 2142 2178 2181 2205 2235 2236 2252 

Test #178
466 1213 1432 1504 1685 1750 1769 1811 1911 2117 2142 2205 2235 2252 2317 2365 2369 

Test #179
1504 1750 1912 2317 2378 2513 2634 2682 2701 2718 

Test #180
1119 1316 1331 1427 1432 1469 1500 1504 1750 1819 1829 1873 

Test #181
1119 1135 1213 1432 1469 1504 1750 1819 1837 2010 2041 2047 2089 2117 2133 2142 

Test #182
812 1504 1750 1912 2117 2142 2317 2378 2398 2407 2428 2454 2509 2512 2513 2519 

Test #183
812 1504 1750 1912 2117 2142 2317 2378 2398 2407 2428 2454 2509 2512 2513 2519 2571 

Test #184
111 829 1119 1277 1367 1423 1427 1469 1476 1487 1504 

Test #185
113 314 528 540 706 734 958 1095 1119 1122 1154 1155 1168 1169 1218 

Test #186
1504 1750 1912 2317 2378 2454 2509 2513 2634 2682 

Test #187
113 211 528 540 681 706 734 958 1095 1119 1122 1154 1155 1168 1218 

Test #188
836 1119 1213 1331 1432 1469 1504 1506 1664 1750 1837 1862 1952 1961 1975 2010 2022 2026 2041 2047 

Test #189
113 211 528 540 681 706 734 958 1095 1119 1122 1154 1155 1168 1218 

Test #190
15 62 69 75 105 113 214 264 274 290 307 323 383 435 500 527 554 655 697 698 734 800 858 887 914 920 926 953 958 992 997 

Test #191
836 1119 1213 1331 1432 1469 1504 1506 1664 1750 1837 1862 1952 1961 1975 2010 2022 2026 2041 2047 

Test #192
31 111 172 521 539 927 936 998 1008 1078 1119 1157 1181 1346 1367 1423 

Test #193
812 1504 1750 1912 2117 2317 2378 2398 2428 2454 2509 2512 2513 

Test #194
836 1119 1213 1331 1432 1469 1504 1506 1610 1750 1862 1952 1961 1975 1985 2026 

Test #195
1119 1316 1331 1427 1432 1469 1500 1504 1750 1819 1829 1873 

Test #196
836 1119 1213 1331 1432 1469 1504 1506 1664 1750 1837 1862 1952 1961 1975 2010 2022 2026 2041 2047 

Test #197
836 1119 1213 1331 1432 1469 1504 1506 1664 1750 1837 1862 1952 1961 1975 2010 2022 2026 2041 2047 

Test #198
2 36 62 69 75 113 133 194 224 238 254 262 264 268 274 307 323 380 383 408 435 500 554 558 697 698 713 726 734 800 841 858 

Test #199
812 1349 1432 1504 1685 1750 1911 2117 2142 2235 2317 2365 2398 2407 2408 2424 2428 2454 2512 2519 

Test #200
812 1349 1432 1504 1685 1750 1912 2117 2142 2235 2317 2365 2398 2407 2408 2428 2454 2512 2519 

Test #201
836 1119 1213 1331 1432 1469 1504 1506 1664 1750 1837 1862 1952 1961 1975 2010 2022 2026 2041 2047 

Test #202
10 36 62 69 75 113 194 214 254 262 264 268 274 307 323 383 435 500 554 558 697 698 713 734 800 841 858 887 914 

Test #203
10 36 62 69 75 113 194 214 254 262 264 268 274 307 323 383 435 500 554 558 697 698 713 734 800 841 858 887 914 

Test #204
1119 1316 1331 1427 1432 1469 1500 1504 1549 1750 1819 1829 1862 1873 

Test #205
1119 1135 1213 1432 1469 1504 1750 1819 1837 2010 2041 2047 2089 2117 2133 2142 

Test #206
466 1213 1432 1504 1750 1769 1811 1911 2117 2142 2178 2205 2235 2252 2317 2365 2369 

Test #207
812 1504 1750 1912 2117 2142 2317 2378 2398 2407 2428 2454 2509 2512 2513 2519 

Test #208
1119 1277 1427 1469 1504 

Test #209
836 1119 1213 1331 1432 1469 1504 1549 1750 1819 1862 1873 1952 1961 1975 

Test #210
812 1349 1432 1504 1685 1750 1911 2117 2142 2235 2317 2365 2398 2407 2408 2424 2428 2454 2512 2519 

Test #211
1504 1750 1912 2317 2378 2454 2509 2513 2634 2682 

Test #212
19 113 431 540 706 1095 1119 1122 1127 1154 1155 1218 1243 1284 1299 

Test #213
466 1135 1213 1432 1504 1750 1811 1891 1911 2117 2142 2178 2205 2235 2252 2317 

Test #214
812 1349 1432 1504 1685 1750 1911 2117 2142 2235 2317 2365 2369 2407 2408 2424 2428 2454 

Test #215
836 1119 1213 1331 1432 1469 1504 1549 1750 1819 1862 1873 1952 1961 1975 

Test #216
1750 1912 2138 2378 2543 2615 2682 2718 2736 2740 

Test #217
466 1135 1213 1432 1504 1750 1811 1891 1911 2117 2142 2178 2205 2235 2252 2317 

Test #218
466 1119 1135 1213 1432 1504 1617 1750 1811 1891 2117 2142 2178 2205 2235 2252 2317 

Test #219
836 1119 1213 1331 1432 1469 1504 1506 1610 1750 1862 1952 1961 1975 1985 2026 

Test #220
1504 1750 1912 2317 2378 2513 2634 2682 2701 2718 

Test #221
812 1349 1432 1504 1685 1750 1911 2117 2142 2235 2252 2317 2365 2369 2407 2408 2424 2428 2454 

Test #222
19 113 431 540 706 1095 1119 1122 1127 1154 1155 1218 1243 1284 1299 

Test #223
19 31 431 521 540 1119 1127 1155 1218 1243 1284 1299 

Test #224
466 1135 1213 1432 1504 1750 1811 1891 1911 2117 2142 2178 2205 2235 2252 2317 

Test #225
812 1349 1432 1504 1685 1750 1911 2117 2142 2235 2317 2365 2398 2407 2408 2424 2428 2454 2512 2519 

Test #226
466 1432 1504 1685 1750 1769 1811 1911 2117 2142 2235 2252 2317 2365 2369 2408 2417 

Test #227
1119 1277 1427 1469 1504 

Test #228
922 1119 1427 1469 1504 1608 1637 1638 1662 1693 1740 1748 1750 1760 

Test #229
466 1432 1504 1685 1750 1769 1811 1911 2117 2142 2235 2252 2317 2365 2369 2408 2417 

Test #230
113 431 540 706 958 1095 1119 1122 1127 1154 1155 1168 1218 1243 

Test #231
111 829 1119 1277 1367 1423 1427 1469 1476 1487 1504 

Test #232
922 1119 1234 1277 1427 1469 1504 1558 1608 1637 1638 1662 1664 1693 

Test #233
19 31 172 521 539 927 936 998 1078 1119 1155 1181 1284 1340 1367 

Test #234
1119 1277 1427 1469 1504 

Test #235
2138 2543 2615 2682 2718 2736 2740 

Test #236
1504 1750 1912 2317 2378 2454 2509 2512 2513 

Test #237
113 528 540 681 706 734 958 972 1095 1113 1119 1122 1154 1155 1168 

Test #238
812 1504 1750 1912 2117 2142 2317 2378 2398 2407 2428 2454 2509 2512 2513 2519 2571 

Test #239
111 172 250 539 927 1119 1157 1346 1367 1423 1469 1476 

Test #240
466 1119 1135 1213 1432 1504 1617 1750 1811 1891 2117 2142 2178 2181 2205 2235 2236 2252 

Test #241
466 1119 1135 1213 1432 1504 1617 1750 1811 1891 2117 2142 2178 2205 2235 2236 2252 2317 

Test #242
19 31 172 431 521 539 998 1078 1119 1127 1155 1181 1284 1340 

Test #243
1750 1912 2138 2317 2378 2615 2634 2682 2718 2736 

Test #244
1119 1316 1427 1469 1500 1504 1608 1662 1740 1750 1819 1829 

Test #245
15 62 69 75 105 113 264 290 323 383 435 527 655 706 734 800 858 914 920 926 953 958 972 992 997 

Test #246
1119 1316 1331 1427 1432 1469 1500 1504 1740 1750 1819 1829 1873 

Test #247
922 1119 1316 1427 1469 1500 1504 1608 1638 1662 1693 1740 1748 1750 1819 

Test #248
812 1349 1504 1685 1750 1912 2117 2142 2317 2378 2398 2407 2428 2454 2512 2513 2519 2571 

Test #249
31 111 172 521 539 927 936 998 1008 1078 1119 1157 1181 1346 1367 1423 

Test #250
15 62 69 75 105 113 264 274 290 307 323 383 435 500 527 655 697 734 800 858 887 914 920 926 953 958 972 992 997 

Test #251
812 1349 1432 1504 1685 1750 1911 2117 2142 2235 2317 2365 2369 2407 2408 2424 2428 2454 

Test #252
15 69 113 264 528 706 734 953 958 972 992 1095 1113 1119 1122 

Test #253
111 172 250 539 927 1119 1157 1367 1423 1469 1476 1487 

Test #254
15 62 69 75 105 113 264 274 290 323 383 435 527 655 697 734 800 858 887 914 920 926 953 958 972 992 997 

Test #255
812 1504 1750 1912 2117 2142 2317 2378 2398 2407 2428 2454 2509 2512 2513 2519 

Test #256
113 314 528 540 706 734 958 1095 1119 1122 1154 1155 1168 1169 1218 

Test #257
812 1504 1750 1912 2117 2142 2317 2378 2398 2407 2428 2454 2509 2512 2513 2519 2571 

Test #258
31 172 521 539 927 936 998 1008 1078 1119 1155 1181 1237 1284 1346 1367 

Test #259
1119 1135 1213 1432 1469 1504 1750 1819 1891 2010 2041 2047 2089 2117 2133 2142 2178 

Test #260
466 1119 1135 1213 1432 1504 1750 1891 1893 2047 2117 2142 2178 2181 2235 2236 

Test #261
1119 1316 1427 1469 1500 1504 1608 1662 1740 1750 1819 1829 

Test #262
10 36 62 69 75 113 194 214 224 238 254 262 264 268 274 307 323 383 435 500 554 558 697 698 713 734 800 841 858 887 

Test #263
15 44 62 69 75 113 264 323 333 383 706 734 800 953 958 972 992 1095 

Test #264
466 1432 1504 1685 1750 1769 1811 1911 2117 2142 2235 2252 2317 2365 2369 2408 2417 

Test #265
1119 1234 1277 1427 1469 1504 1637 1662 1664 

Test #266
15 44 62 69 75 113 264 323 333 383 706 734 800 953 958 972 992 1095 

Test #267
466 1119 1135 1213 1432 1504 1750 1891 2047 2117 2142 2178 2181 2205 2235 2236 2252 

Test #268
836 1119 1213 1331 1432 1469 1504 1506 1549 1610 1750 1862 1952 1961 1975 1985 

Test #269
10 36 62 69 75 113 194 214 224 238 254 262 264 268 274 307 323 383 435 500 554 558 697 698 713 734 800 841 858 887 

Test #270
10 36 62 69 75 113 194 214 254 262 264 268 274 307 323 383 435 500 554 558 697 698 713 734 800 841 858 887 914 

Test #271
111 172 250 539 927 1119 1157 1346 1367 1423 1469 1476 

Test #272
466 1135 1213 1432 1504 1750 1811 1891 1911 2117 2142 2178 2205 2235 2252 2317 

Test #273
31 111 172 539 927 936 1119 1157 1346 1367 1423 

Test #274
31 172 521 539 927 936 998 1008 1078 1119 1155 1181 1237 1284 1346 1367 

Test #275
31 111 172 521 539 927 936 998 1008 1078 1119 1155 1181 1237 1346 1367 

Test #276
922 1119 1234 1277 1427 1469 1504 1558 1608 1637 1638 1662 1664 1693 

Test #277
812 1349 1432 1504 1685 1750 1911 2117 2142 2235 2252 2317 2365 2369 2407 2408 2424 2428 2454 

Test #278
466 1213 1432 1504 1750 1769 1811 1911 2117 2142 2178 2205 2235 2252 2317 2365 2369 

Test #279
31 111 172 521 539 927 936 998 1008 1078 1119 1157 1181 1346 1367 1423 

Test #280
15 69 75 113 264 323 333 383 528 706 734 953 958 972 992 1095 1113 1119 

Test #281
812 1349 1504 1685 1750 1912 2117 2142 2317 2378 2398 2407 2408 2428 2454 2512 2519 

Test #282
69 113 264 528 706 734 953 958 972 1095 1113 1119 1122 1154 1155 

Test #283
31 172 521 539 927 936 998 1008 1078 1119 1155 1181 1237 1284 1346 1367 

Test #284
113 314 431 528 540 706 958 1095 1119 1122 1127 1154 1155 1168 1218 1243 

Test #285
19 31 431 521 949 998 1119 1127 1155 1218 1243 1284 1299 

Test #286
113 528 540 681 706 734 958 1095 1119 1122 1154 1155 1168 

Test #287
1119 1277 1427 1469 1504 1637 

Test #288
15 69 113 264 528 706 734 953 958 972 992 1095 1113 1119 1122 

Test #289
922 1119 1234 1277 1427 1469 1504 1608 1637 1638 1662 1693 1740 1748 1750 1755 1760 

Test #290
15 62 69 75 105 113 214 264 274 290 307 323 383 435 500 527 554 655 697 698 734 800 858 887 914 920 926 953 958 992 997 

Test #291
812 1349 1432 1504 1685 1750 1911 2117 2142 2235 2317 2365 2398 2407 2408 2424 2428 2454 2512 2519 

Test #292
2 36 62 69 105 113 133 194 205 224 238 254 262 268 274 307 323 380 408 500 554 558 685 697 698 713 726 734 800 

Test #293
15 62 69 75 105 113 264 274 290 323 383 435 527 655 697 734 800 858 887 914 920 926 953 958 972 992 997 

Test #294
2 36 62 69 105 113 133 194 205 224 238 254 262 268 274 307 323 380 408 500 554 558 685 697 698 713 726 734 800 

Test #295
466 1213 1432 1504 1685 1750 1769 1811 1911 2117 2142 2205 2235 2252 2317 2365 2369 

Test #296
1119 1316 1427 1469 1500 1504 1608 1662 1740 1750 1819 1829 

Test #297
15 44 62 69 75 105 113 264 290 323 333 383 435 527 706 734 800 953 958 972 992 

Test #298
922 1119 1316 1427 1469 1500 1504 1608 1638 1662 1740 1748 1750 1819 1829 

Test #299
15 44 62 69 75 105 113 264 290 323 333 383 435 527 706 734 800 953 958 972 992 

Test #300
69 113 264 528 706 734 953 958 972 1095 1113 1119 1122 1154 1155 

Test #301
1119 1316 1331 1427 1432 1469 1500 1504 1549 1750 1819 1829 1862 1873 

Test #302
922 1119 1234 1277 1427 1469 1504 1558 1608 1637 1638 1647 1662 1664 1693 

Test #303
812 1504 1750 1912 2117 2317 2378 2398 2428 2454 2509 2512 2513 

Test #304
812 1349 1504 1685 1750 1912 2117 2142 2317 2378 2398 2407 2428 2454 2512 2513 2519 2571 

Test #305
466 1119 1135 1213 1432 1504 1617 1750 1811 1891 2117 2142 2178 2181 2205 2235 2236 2252 

Test #306
113 314 431 528 540 706 958 1095 1119 1122 1127 1154 1155 1168 1218 1243 

Test #307
31 111 172 521 539 927 936 998 1008 1078 1119 1157 1181 1346 1367 1423 

Test #308
836 1119 1213 1331 1432 1469 1504 1549 1750 1819 1862 1873 1952 1961 1975 

Test #309
2138 2543 2615 2682 2718 2736 2740 

Test #310
836 1119 1213 1331 1432 1469 1504 1506 1664 1750 1837 1862 1952 1961 1975 2010 2022 2026 2041 2047 

Test #311
466 1119 1135 1213 1432 1504 1750 1891 1893 2047 2117 2142 2178 2181 2235 2236 

Test #312
812 1349 1432 1504 1685 1750 1912 2117 2142 2235 2317 2365 2398 2407 2408 2428 2454 2512 2519 

Test #313
466 1432 1504 1685 1750 1769 1811 1911 2117 2142 2235 2252 2317 2365 2369 2408 2417 

Test #314
2 36 69 105 113 133 194 205 224 238 254 262 268 307 323 380 408 500 554 558 685 697 713 726 734 744 800 

Test #315
15 62 69 75 113 214 262 264 274 307 323 383 435 500 527 554 655 697 698 734 800 858 887 914 920 926 953 958 

Test #316
10 36 62 69 75 113 194 214 254 262 264 268 274 307 323 383 435 500 554 558 697 698 713 734 800 841 858 887 914 

Test #317
113 528 540 681 706 734 958 1095 1119 1122 1154 1155 1168 

Test #318
922 1119 1234 1277 1427 1469 1504 1558 1608 1637 1638 1662 1693 1740 1748 1750 1755 

Test #319
113 314 528 540 706 734 958 1095 1119 1122 1154 1155 1168 1169 1218 

Test #320
836 1119 1213 1432 1469 1504 1664 1750 1819 1837 2010 2022 2026 2041 2047 2089 2133 

Test #321
1119 1316 1331 1427 1432 1469 1500 1504 1740 1750 1819 1829 1873 

Test #322
15 62 69 75 113 214 262 264 274 307 323 383 435 500 527 554 655 697 698 734 800 858 887 914 920 926 953 958 

Test #323
836 1119 1213 1432 1469 1498 1504 1664 1750 1837 1975 2010 2022 2026 2041 2047 2089 

Test #324
836 1119 1213 1432 1469 1498 1504 1664 1750 1837 1975 2010 2022 2026 2041 2047 2089 

Test #325
15 36 62 69 75 113 214 254 262 264 274 307 323 383 435 500 527 554 558 697 698 734 800 858 887 914 920 926 953 958 

Test #326
922 1119 1234 1277 1295 1427 1469 1504 1558 1608 1637 1638 1647 1662 1693 

Test #327
113 528 540 681 706 734 958 1095 1119 1122 1154 1155 1168 

Test #328
113 211 528 540 681 706 734 958 1095 1119 1122 1154 1155 1168 1218 

Test #329
1504 1750 1912 2317 2378 2513 2634 2682 2701 2718 

Test #330
31 111 172 521 539 927 936 998 1008 1078 1119 1155 1181 1237 1346 1367 

Test #331
111 250 829 1119 1277 1367 1423 1427 1469 1476 1487 1504 

Test #332
1119 1316 1427 1469 1500 1504 1608 1662 1740 1750 1819 1829 

Test #333
466 1119 1135 1213 1432 1504 1617 1750 1811 1891 2117 2142 2178 2205 2235 2236 2252 2317 

Test #334
19 31 431 521 949 998 1119 1127 1155 1218 1243 1284 1299 

Test #335
1119 1277 1427 1469 1504 1637 

Test #336
922 1119 1234 1277 1427 1469 1504 1608 1637 1638 1662 1693 1740 1748 1750 1755 1760 

Test #337
922 1119 1234 1277 1427 1469 1504 1608 1637 1638 1662 1693 1740 1748 1750 1755 1760 

Test #338
466 1119 1135 1213 1432 1504 1750 1819 1891 1893 2010 2047 2117 2133 2142 2178 2181 

Test #339
10 36 62 69 75 113 194 214 254 262 264 268 274 307 323 383 435 500 554 558 697 698 713 734 800 841 858 887 914 

Test #340
922 1119 1234 1277 1427 1469 1504 1608 1637 1638 1662 1693 1740 1748 1750 1755 1760 

Test #341
111 172 250 539 927 1119 1157 1367 1423 1469 1476 1487 

Test #342
466 1119 1135 1213 1432 1504 1617 1750 1811 1891 2117 2142 2178 2205 2235 2236 2252 2317 

Test #343
111 172 250 539 927 1119 1157 1346 1367 1423 1469 1476 

Test #344
15 44 62 69 75 105 113 264 290 323 333 383 435 527 706 734 800 953 958 972 992 

Test #345
466 1119 1135 1213 1432 1504 1617 1750 1811 1891 2117 2142 2178 2205 2235 2236 2252 2317 

Test #346
1119 1277 1427 1469 1504 1637 

Test #347
113 528 540 681 706 734 958 972 1095 1113 1119 1122 1154 1155 1168 

Test #348
812 1504 1750 1912 2117 2317 2378 2398 2428 2454 2509 2512 2513 

Test #349
812 1349 1504 1685 1750 1912 2117 2142 2317 2378 2398 2407 2408 2428 2454 2512 2519 

Test #350
829 1119 1277 1427 1469 1504 

Test #351
836 1119 1213 1331 1432 1469 1504 1506 1549 1610 1750 1819 1862 1952 1961 1975 1985 

Test #352
1119 1277 1427 1469 1504 1637 

Test #353
922 1119 1234 1277 1427 1469 1504 1558 1608 1637 1638 1662 1664 1693 

Test #354
19 31 431 521 949 998 1119 1127 1155 1218 1243 1284 1299 

Test #355
15 62 69 75 105 113 214 264 274 290 307 323 383 435 500 527 554 655 697 698 734 800 858 887 914 920 926 953 958 992 997 

Test #356
922 1119 1316 1427 1469 1500 1504 1608 1638 1662 1740 1748 1750 1819 1829 

Test #357
466 1119 1135 1213 1432 1504 1750 1819 1891 1893 2010 2047 2117 2133 2142 2178 2181 

Test #358
19 31 172 521 539 927 936 998 1078 1119 1155 1181 1284 1340 1367 

Test #359
1119 1135 1213 1432 1469 1504 1750 1819 1891 2010 2041 2047 2089 2117 2133 2142 2178 2181 

Test #360
836 1119 1213 1432 1469 1504 1664 1750 1819 1837 2010 2022 2026 2041 2047 2089 2133 

Test #361
1119 1316 1331 1427 1432 1469 1500 1504 1549 1750 1819 1829 1862 1873 

Test #362
10 36 62 69 75 113 194 214 254 262 264 268 274 307 323 383 435 500 554 558 697 698 713 734 800 841 858 887 914 

Test #363
69 113 264 528 706 734 953 958 972 1095 1113 1119 1122 1154 1155 

Test #364
111 172 250 539 927 1119 1157 1346 1367 1423 1469 1476 

Test #365
31 111 172 521 539 927 936 998 1008 1078 1119 1157 1181 1346 1367 1423 

Test #366
1119 1316 1331 1427 1432 1469 1500 1504 1549 1750 1819 1829 1862 1873 

Test #367
466 1213 1432 1504 1685 1750 1769 1811 1911 2117 2142 2205 2235 2252 2317 2365 2369 

Test #368
466 1213 1432 1504 1750 1769 1811 1911 2117 2142 2178 2205 2235 2252 2317 2365 2369 

Test #369
19 31 172 431 521 539 998 1078 1119 1127 1155 1181 1284 1340 

Test #370
812 1349 1432 1504 1685 1750 1911 2117 2142 2235 2317 2365 2398 2407 2408 2424 2428 2454 2512 2519 

Test #371
19 31 431 521 540 1119 1127 1155 1218 1243 1284 1299 

Test #372
836 1119 1213 1331 1432 1469 1504 1506 1549 1610 1750 1862 1952 1961 1975 1985 

Test #373
836 1119 1213 1331 1432 1469 1504 1506 1549 1610 1750 1819 1862 1952 1961 1975 1985 

Test #374
836 1119 1213 1331 1432 1469 1504 1549 1750 1819 1862 1873 1952 1961 1975 

Test #375
466 1119 1135 1213 1432 1504 1617 1750 1811 1891 2117 2142 2178 2181 2205 2235 2236 2252 

Test #376
111 250 829 1119 1277 1367 1423 1427 1469 1476 1487 1504 

Test #377
2138 2543 2615 2682 2718 2736 2740 

Test #378
812 1504 1750 1912 2117 2317 2378 2398 2428 2454 2509 2512 2513 

Test #379
19 31 172 521 539 927 936 998 1078 1119 1155 1181 1284 1340 1367 

Test #380
812 1349 1432 1504 1685 1750 1912 2117 2142 2235 2317 2365 2398 2407 2408 2428 2454 2512 2519 

Test #381
31 172 521 539 927 936 998 1008 1078 1119 1155 1181 1237 1284 1346 1367 

Test #382
812 1349 1432 1504 1685 1750 1912 2117 2142 2235 2317 2365 2398 2407 2408 2428 2454 2512 2519 

Test #383
19 31 172 431 521 539 998 1078 1119 1127 1155 1181 1284 1340 

Test #384
466 1119 1135 1213 1432 1504 1617 1750 1811 1891 2117 2142 2178 2181 2205 2235 2236 2252 

Test #385
15 44 62 69 75 105 113 264 290 323 333 383 435 527 706 734 800 953 958 972 992 

Test #386
111 829 1119 1277 1367 1423 1427 1469 1476 1487 1504 

Test #387
19 31 431 521 540 1119 1127 1155 1218 1243 1284 1299 

Test #388
466 1432 1504 1685 1750 1769 1911 2117 2142 2235 2252 2317 2365 2369 2407 2408 2417 2424 2428 

Test #389
836 1119 1213 1331 1432 1469 1504 1506 1664 1750 1862 1952 1961 1975 2022 2026 2041 2047 

Test #390
1504 1750 1912 2317 2378 2454 2509 2513 2634 2682 

Test #391
922 1119 1234 1277 1427 1469 1504 1608 1637 1638 1662 1693 1740 1748 1750 1755 1760 

Test #392
113 211 528 540 681 706 734 958 1095 1119 1122 1154 1155 1168 1218 

Test #393
1750 1912 2138 2378 2543 2615 2682 2718 2736 2740 

Test #394
836 1119 1213 1432 1469 1498 1504 1664 1750 1837 1975 2010 2022 2026 2041 2047 2089 

Test #395
922 1119 1316 1427 1469 1500 1504 1608 1638 1662 1740 1748 1750 1819 1829 

Test #396
19 31 172 431 521 539 998 1078 1119 1127 1155 1181 1284 1340 

Test #397
113 211 528 540 681 706 734 958 1095 1119 1122 1154 1155 1168 1218 

Test #398
31 172 521 539 927 936 998 1008 1078 1119 1155 1181 1237 1284 1346 1367 

Test #399
10 36 62 69 75 113 214 254 262 264 274 307 323 383 435 500 527 554 558 697 698 734 800 841 858 887 914 920 926 

Test #400
922 1119 1234 1277 1427 1469 1504 1558 1608 1637 1638 1662 1693 1740 1748 1750 1755 

Test #401
15 69 75 113 264 323 333 383 528 706 734 953 958 972 992 1095 1113 1119 

Test #402
31 111 172 521 539 927 936 998 1008 1078 1119 1157 1181 1346 1367 1423 

Test #403
15 62 69 75 113 214 262 264 274 307 323 383 435 500 527 554 655 697 698 734 800 858 887 914 920 926 953 958 

Test #404
466 1119 1135 1213 1432 1504 1750 1891 2047 2117 2142 2178 2181 2205 2235 2236 2252 

Test #405
812 1349 1504 1685 1750 1912 2117 2142 2317 2378 2398 2407 2428 2454 2512 2513 2519 2571 

Test #406
466 1432 1504 1685 1750 1769 1811 1911 2117 2142 2235 2252 2317 2365 2369 2408 2417 

Test #407
15 62 69 75 113 214 262 264 274 307 323 383 435 500 527 554 655 697 698 734 800 858 887 914 920 926 953 958 

Test #408
812 1349 1504 1685 1750 1912 2117 2142 2317 2378 2398 2407 2408 2428 2454 2512 2519 

Test #409
466 1119 1135 1213 1432 1504 1750 1891 1893 2047 2117 2142 2178 2181 2235 2236 

Test #410
111 250 829 1119 1277 1367 1423 1427 1469 1476 1487 1504 

Test #411
466 1119 1135 1213 1432 1504 1750 1891 2047 2117 2142 2178 2181 2205 2235 2236 2252 

Test #412
2 36 62 69 105 113 133 194 205 224 238 254 262 268 274 307 323 380 408 500 554 558 685 697 698 713 726 734 800 

Test #413
113 314 431 528 540 706 958 1095 1119 1122 1127 1154 1155 1168 1218 1243 

Test #414
2 36 69 105 113 133 194 205 224 238 254 262 268 307 323 380 408 500 554 558 685 697 713 726 734 744 800 

Test #415
466 1119 1135 1213 1432 1504 1617 1750 1811 1891 2117 2142 2178 2181 2205 2235 2236 2252 

Test #416
111 172 250 539 927 1119 1157 1346 1367 1423 1469 1476 

Test #417
111 250 829 1119 1277 1367 1423 1427 1469 1476 1487 1504 

Test #418
2 36 69 105 113 133 194 205 224 238 254 262 268 307 323 380 408 500 554 558 685 697 713 726 734 744 800 

Test #419
15 69 75 113 264 323 333 383 528 706 734 953 958 972 992 1095 1113 1119 

Test #420
1750 1912 2138 2378 2543 2615 2682 2718 2736 2740 

Test #421
812 1504 1750 1912 2117 2317 2378 2398 2428 2454 2509 2512 2513 

Test #422
836 1119 1213 1331 1432 1469 1504 1506 1610 1750 1862 1952 1961 1975 1985 2026 

Test #423
15 69 113 264 528 706 734 953 958 972 992 1095 1113 1119 1122 

Test #424
812 1504 1750 1912 2117 2142 2317 2378 2398 2407 2428 2454 2509 2512 2513 2519 2571 

Test #425
19 31 431 521 540 1119 1127 1155 1218 1243 1284 1299 

Test #426
1119 1135 1213 1432 1469 1504 1750 1819 1837 2010 2041 2047 2089 2117 2133 2142 

Test #427
113 528 540 681 706 734 958 972 1095 1113 1119 1122 1154 1155 1168 

Test #428
922 1119 1234 1277 1427 1469 1504 1558 1608 1637 1638 1647 1662 1664 1693 

Test #429
1750 1912 2138 2378 2543 2615 2682 2718 2736 2740 

Test #430
113 431 540 706 958 1095 1119 1122 1127 1154 1155 1168 1218 1243 

Test #431
812 1504 1750 1912 2117 2317 2378 2398 2428 2454 2509 2512 2513 

Test #432
15 62 69 75 105 113 264 274 290 323 383 435 527 655 697 734 800 858 887 914 920 926 953 958 972 992 997 

Test #433
1119 1316 1331 1427 1432 1469 1500 1504 1740 1750 1819 1829 1873 

Test #434
2 36 69 105 113 133 194 205 224 238 254 262 268 307 323 380 408 500 554 558 685 697 713 726 734 744 800 

Test #435
812 1349 1432 1504 1685 1750 1911 2117 2142 2235 2317 2365 2369 2407 2408 2424 2428 2454 

Test #436
1119 1234 1277 1427 1469 1504 1637 1662 1664 

Test #437
466 1432 1504 1685 1750 1769 1811 1911 2117 2142 2235 2252 2317 2365 2369 2408 2417 

Test #438
812 1504 1750 1912 2117 2142 2317 2378 2398 2407 2428 2454 2509 2512 2513 2519 2571 

Test #439
31 172 521 539 927 936 998 1008 1078 1119 1155 1181 1237 1284 1346 1367 

Test #440
1119 1316 1427 1469 1500 1504 1608 1662 1740 1750 1819 1829 

Test #441
19 31 431 521 949 998 1119 1127 1155 1218 1243 1284 1299 

Test #442
2 36 62 69 75 113 133 194 224 238 254 262 264 268 274 307 323 380 383 408 435 500 554 558 697 698 713 726 734 800 841 858 

Test #443
1119 1316 1331 1427 1469 1500 1504 1608 1662 1740 1750 1819 1829 1873 

Test #444
922 1119 1234 1277 1427 1469 1504 1608 1637 1638 1662 1693 1740 1748 1750 1755 1760 

Test #445
2 36 62 69 75 113 133 194 214 224 238 254 262 264 268 274 307 323 383 435 500 554 558 697 698 713 734 800 841 858 

Test #446
19 31 172 521 539 927 936 998 1078 1119 1155 1181 1284 1340 1367 

Test #447
466 1432 1504 1685 1750 1769 1911 2117 2142 2235 2252 2317 2365 2369 2407 2408 2417 2424 2428 

Test #448
111 829 1119 1277 1367 1423 1427 1469 1476 1487 1504 

Test #449
19 31 431 521 949 998 1119 1127 1155 1218 1243 1284 1299 

Test #450
1504 1750 1912 2317 2378 2454 2509 2513 2634 2682 

Test #451
111 172 250 539 927 1119 1157 1367 1423 1469 1476 1487 

Test #452
113 528 540 681 706 734 958 1095 1119 1122 1154 1155 1168 

Test #453
1119 1316 1331 1427 1432 1469 1500 1504 1549 1750 1819 1829 1862 1873 

Test #454
922 1119 1316 1427 1469 1500 1504 1608 1638 1662 1740 1748 1750 1819 1829 

Test #455
15 62 69 75 113 214 262 264 274 307 323 383 435 500 527 554 655 697 698 734 800 858 887 914 920 926 953 958 

Test #456
466 1432 1504 1685 1750 1769 1911 2117 2142 2235 2252 2317 2365 2369 2407 2408 2417 2424 2428 

Test #457
69 113 264 528 706 734 953 958 972 1095 1113 1119 1122 1154 1155 

Test #458
19 113 431 540 706 1095 1119 1122 1127 1154 1155 1218 1243 1284 1299 

Test #459
19 31 172 431 521 539 998 1078 1119 1127 1155 1181 1284 1340 

Test #460
15 44 62 69 75 105 113 264 290 323 333 383 435 527 706 734 800 953 958 972 992 

Test #461
922 1119 1234 1277 1427 1469 1504 1558 1608 1637 1638 1662 1693 1740 1748 1750 1755 

Test #462
113 528 540 681 706 734 958 1095 1119 1122 1154 1155 1168 

Test #463
113 431 540 706 958 1095 1119 1122 1127 1154 1155 1168 1218 1243 

Test #464
2 36 62 69 75 113 133 194 214 224 238 254 262 264 268 274 307 323 383 435 500 554 558 697 698 713 734 800 841 858 

Test #465
113 528 540 681 706 734 958 1095 1119 1122 1154 1155 1168 

Test #466
10 36 62 69 75 113 214 254 262 264 274 307 323 383 435 500 527 554 558 697 698 734 800 841 858 887 914 920 926 

Test #467
922 1119 1234 1277 1427 1469 1504 1558 1608 1637 1638 1662 1664 1693 

Test #468
2 36 69 105 113 133 194 205 224 238 254 262 268 307 323 380 408 500 554 558 685 697 713 726 734 744 800 

Test #469
1750 1912 2138 2317 2378 2615 2634 2682 2718 2736 

Test #470
466 1119 1135 1213 1432 1504 1617 1750 1811 1891 2117 2142 2178 2181 2205 2235 2236 2252 

Test #471
922 1119 1316 1427 1469 1500 1504 1608 1638 1662 1693 1740 1748 1750 1819 

Test #472
19 113 431 540 706 1095 1119 1122 1127 1154 1155 1218 1243 1284 1299 

Test #473
466 1119 1135 1213 1432 1504 1617 1750 1811 1891 2117 2142 2178 2181 2205 2235 2236 2252 

Test #474
2 36 62 69 75 113 133 194 224 238 254 262 264 268 274 307 323 380 383 408 435 500 554 558 697 698 713 726 734 800 841 858 

Test #475
466 1119 1135 1213 1432 1504 1750 1819 1891 1893 2010 2047 2117 2133 2142 2178 2181 

Test #476
466 1119 1135 1213 1432 1504 1617 1750 1811 1891 2117 2142 2178 2205 2235 2236 2252 2317 

Test #477
31 111 172 521 539 927 936 998 1008 1078 1119 1155 1181 1237 1346 1367 

Test #478
922 1119 1316 1427 1469 1500 1504 1608 1638 1662 1740 1748 1750 1819 1829 

Test #479
15 62 69 75 105 113 264 290 323 383 435 527 655 706 734 800 858 914 920 926 953 958 972 992 997 

Test #480
1119 1316 1331 1427 1432 1469 1500 1504 1740 1750 1819 1829 1873 

Test #481
922 1119 1234 1277 1295 1427 1469 1504 1558 1608 1637 1638 1647 1662 1693 

Test #482
922 1119 1234 1277 1427 1469 1504 1558 1608 1637 1638 1647 1662 1664 1693 

Test #483
466 1119 1135 1213 1432 1504 1750 1891 1893 2047 2117 2142 2178 2181 2235 2236 

Test #484
10 36 62 69 75 113 194 214 224 238 254 262 264 268 274 307 323 383 435 500 554 558 697 698 713 734 800 841 858 887 

Test #485
1504 1750 1912 2317 2378 2454 2509 2513 2634 2682 

Test #486
466 1213 1432 1504 1685 1750 1769 1811 1911 2117 2142 2205 2235 2252 2317 2365 2369 

Test #487
812 1349 1432 1504 1685 1750 1911 2117 2142 2235 2317 2365 2398 2407 2408 2424 2428 2454 2512 2519 

Test #488
15 62 69 75 105 113 264 290 323 383 435 527 655 706 734 800 858 914 920 926 953 958 972 992 997 

Test #489
10 36 62 69 75 113 194 214 224 238 254 262 264 268 274 307 323 383 435 500 554 558 697 698 713 734 800 841 858 887 

Test #490
15 62 69 75 105 113 264 290 323 383 435 527 655 706 734 800 858 914 920 926 953 958 972 992 997 

Test #491
19 113 431 540 706 1095 1119 1122 1127 1154 1155 1218 1243 1284 1299 

Test #492
1119 1316 1427 1469 1500 1504 1608 1662 1740 1750 1819 1829 

Test #493
31 111 172 521 539 927 936 998 1008 1078 1119 1157 1181 1346 1367 1423 

Test #494
922 1119 1234 1277 1427 1469 1504 1558 1608 1637 1638 1662 1693 1740 1748 1750 1755 

Test #495
1119 1316 1331 1427 1469 1500 1504 1608 1662 1740 1750 1819 1829 1873 

Test #496
922 1119 1316 1427 1469 1500 1504 1608 1638 1662 1693 1740 1748 1750 1819 

Test #497
1119 1316 1331 1427 1469 1500 1504 1608 1662 1740 1750 1819 1829 1873 

Test #498
1504 1750 1912 2317 2378 2513 2634 2682 2701 2718 

Test #499
922 1119 1234 1277 1427 1469 1504 1608 1637 1638 1662 1693 1740 1748 1750 1755 1760 

Test #500
922 1119 1316 1427 1469 1500 1504 1608 1638 1662 1693 1740 1748 1750 1819 

