Test #1
180 574 612 737 800 850 851 891 

Test #2
180 800 896 931 938 

Test #3
304 428 618 705 758 783 786 800 

Test #4
180 800 896 1001 1028 1066 

Test #5
304 428 565 574 783 786 800 

Test #6
800 1132 1133 

Test #7
56 83 129 171 180 190 319 420 432 

Test #8
800 931 1027 1082 1132 1148 1206 1270 

Test #9
728 800 843 896 1068 1132 1133 1142 

Test #10
180 800 896 1001 1028 1066 

Test #11
56 180 207 304 319 386 420 471 494 507 

Test #12
800 896 1066 1068 

Test #13
728 800 843 896 1068 1132 1133 1142 

Test #14
931 1148 1206 1270 

Test #15
728 800 1132 1133 1142 

Test #16
56 180 304 471 507 560 569 572 595 599 618 

Test #17
931 1148 1206 1270 

Test #18
180 612 737 781 800 873 891 896 931 938 

Test #19
304 698 705 

Test #20
39 56 57 83 129 171 180 190 245 254 255 269 279 295 301 384 420 425 

Test #21
56 129 171 180 304 319 386 420 471 

Test #22
800 931 1148 1206 1270 

Test #23
304 574 612 737 800 825 851 

Test #24
180 800 896 938 1001 1028 

Test #25
180 800 896 1001 1028 1066 

Test #26
180 800 896 938 1001 1028 

Test #27
800 931 1027 1148 1206 1270 

Test #28
931 1148 1206 1270 

Test #29
56 180 304 471 494 507 

Test #30
180 800 896 938 1001 1013 

Test #31
180 800 896 931 938 

Test #32
180 800 896 938 1001 1028 

Test #33
56 180 304 471 507 560 569 572 595 599 618 

Test #34
39 56 57 83 129 171 180 190 245 254 269 279 295 301 384 

Test #35
304 698 705 715 717 

Test #36
180 800 896 938 1001 1028 

Test #37
728 800 1132 1133 1142 

Test #38
304 698 705 717 

Test #39
574 612 737 800 825 850 851 891 

Test #40
180 574 612 737 800 850 851 891 

Test #41
39 56 57 83 129 171 180 190 245 255 269 279 319 384 420 425 432 

Test #42
180 800 896 931 938 

Test #43
56 180 304 471 507 560 564 569 572 595 599 

Test #44
728 800 1132 1133 1142 

Test #45
180 612 737 781 800 851 873 891 

Test #46
1362 

Test #47
1362 

Test #48
304 428 618 705 758 783 786 800 

Test #49
180 612 737 781 800 851 873 891 

Test #50
304 622 698 

Test #51
304 428 565 783 786 800 

Test #52
180 800 873 896 931 938 

Test #53
56 180 304 471 494 507 564 569 572 

Test #54
800 931 1148 1206 1270 

Test #55
56 180 304 471 507 560 569 572 595 618 622 

Test #56
800 931 1132 1148 1206 

Test #57
180 612 737 781 800 873 891 896 931 938 

Test #58
56 180 207 304 319 386 420 471 494 507 

Test #59
728 800 1132 1133 1142 

Test #60
180 800 896 1001 1028 1066 

Test #61
800 896 1068 

Test #62
304 618 705 758 771 

Test #63
304 698 705 715 717 

Test #64
1148 1206 1270 

Test #65
304 705 717 758 

Test #66
180 800 896 938 1001 1028 

Test #67
180 612 781 800 873 891 896 931 938 

Test #68
56 180 207 304 319 386 420 471 494 507 

Test #69
1362 

Test #70
39 56 57 83 129 171 180 190 245 255 269 279 319 384 420 425 432 

Test #71
180 800 896 938 1001 1028 

Test #72
39 56 57 83 129 171 180 190 245 254 255 269 279 295 301 384 420 425 

Test #73
180 800 896 938 1001 1028 

Test #74
800 931 1132 1148 1206 1230 

Test #75
800 1132 1133 

Test #76
56 180 304 471 494 507 

Test #77
800 931 1132 1133 1148 1206 

Test #78
728 800 1132 1133 1142 

Test #79
180 612 737 781 800 851 873 891 

Test #80
304 698 705 715 717 

Test #81
39 56 57 83 129 171 180 190 245 255 269 279 319 384 420 425 432 

Test #82
1270 

Test #83
800 931 1027 1148 1206 1270 

Test #84
56 180 304 471 507 560 569 572 595 599 618 

Test #85
800 931 1132 1148 1206 1230 

Test #86
56 180 207 304 319 386 420 471 494 507 

Test #87
39 56 57 83 129 171 180 190 245 255 269 279 319 384 420 425 432 

Test #88
304 698 705 717 

Test #89
56 180 304 471 507 560 564 569 572 595 599 

Test #90
800 931 1132 1133 1148 1206 

Test #91
39 56 57 83 129 171 180 190 245 254 269 279 295 301 384 

Test #92
1148 1270 

Test #93
56 180 304 471 494 507 560 564 569 572 

Test #94
304 698 705 717 

Test #95
800 931 1027 1082 1132 1148 1206 

Test #96
180 612 737 781 800 851 873 891 

Test #97
1148 1206 1270 

Test #98
304 428 618 705 758 783 786 800 

Test #99
180 800 896 938 1001 1028 

Test #100
800 931 1148 1206 1270 

Test #101
304 565 574 783 786 800 825 

Test #102
304 622 

Test #103
800 931 1148 1206 1270 

Test #104
56 83 129 171 180 190 255 279 319 384 420 432 

Test #105
56 180 207 304 319 386 420 471 494 507 

Test #106
180 800 896 1001 1028 1066 

Test #107
56 180 304 471 507 560 564 569 572 595 599 

Test #108
931 1148 1206 1270 

Test #109
304 565 574 783 786 800 825 

Test #110
800 896 1066 1068 

Test #111
56 180 304 471 507 560 569 572 595 618 622 

Test #112
574 612 737 800 825 850 851 

Test #113
180 800 896 1001 1028 1066 

Test #114
56 171 180 207 304 319 386 420 471 494 

Test #115
180 800 896 1001 1028 1066 

Test #116
574 612 737 800 825 850 851 

Test #117
56 180 304 471 507 560 564 569 572 595 599 

Test #118
800 896 1068 

Test #119
800 931 1132 1148 1206 1230 

Test #120
304 428 531 618 705 758 771 783 

Test #121
180 612 737 781 800 851 873 891 

Test #122
800 931 1132 1148 1206 

Test #123
304 698 705 715 717 

Test #124
800 896 1001 1028 1066 1068 

Test #125
56 180 304 471 494 507 

Test #126
56 180 304 471 494 507 564 569 

Test #127
56 180 304 471 507 560 569 572 595 618 622 

Test #128
56 83 129 171 180 190 319 420 471 

Test #129
180 612 781 800 873 891 896 931 938 

Test #130
800 931 1027 1082 1132 1148 1206 1270 

Test #131
1270 

Test #132
39 56 57 83 129 138 171 180 190 245 254 269 279 295 301 351 384 

Test #133
56 180 304 471 494 507 

Test #134
800 931 1132 1148 1206 

Test #135
56 83 129 171 180 190 255 279 319 384 420 432 

Test #136
180 304 336 471 560 569 572 595 618 622 

Test #137
180 612 737 781 800 873 891 896 931 938 

Test #138
56 180 304 336 471 507 560 569 572 595 618 622 

Test #139
56 180 207 304 319 471 494 507 

Test #140
1270 1362 

Test #141
1148 1206 1270 

Test #142
304 698 705 717 

Test #143
304 428 565 574 783 786 800 

Test #144
180 800 873 896 931 938 

Test #145
304 428 565 783 786 800 

Test #146
56 180 207 304 319 386 420 471 494 507 

Test #147
56 83 129 171 180 190 319 420 432 

Test #148
180 800 896 931 938 

Test #149
800 931 1132 1148 1206 

Test #150
800 931 1027 1082 1132 1148 1206 1270 

Test #151
1362 

Test #152
304 698 705 717 

Test #153
800 896 1066 1068 

Test #154
304 622 698 

Test #155
56 83 129 171 180 190 255 279 319 384 420 432 

Test #156
800 931 1132 1148 1206 

Test #157
304 565 574 783 786 800 825 

Test #158
304 336 471 560 569 595 622 

Test #159
931 1148 1206 1270 

Test #160
39 56 57 83 129 138 171 180 190 245 254 269 279 295 301 351 384 

Test #161
56 180 207 304 319 471 494 507 

Test #162
800 931 1132 1148 1206 

Test #163
1362 

Test #164
304 595 622 

Test #165
800 896 1028 1066 1068 

Test #166
39 56 57 83 129 171 180 190 245 255 269 279 319 384 420 425 432 

Test #167
574 612 737 800 825 850 851 

Test #168
180 304 336 471 560 569 572 595 618 622 

Test #169
304 336 471 560 569 595 622 

Test #170
180 800 896 938 1001 1013 

Test #171
56 180 304 471 507 560 564 569 572 595 599 

Test #172
56 180 304 471 494 507 560 564 569 572 

Test #173
1270 

Test #174
180 800 896 938 1001 1028 

Test #175
728 800 1068 1132 1133 1142 

Test #176
304 698 705 717 

Test #177
800 896 1068 

Test #178
800 1132 1133 

Test #179
1270 

Test #180
180 612 781 800 873 891 896 931 938 

Test #181
180 800 896 1001 1028 1066 

Test #182
931 1148 1206 1270 

Test #183
800 931 1148 1206 1270 

Test #184
304 705 717 758 

Test #185
56 180 304 471 507 560 569 572 595 599 618 

Test #186
1270 

Test #187
56 180 304 471 507 560 564 569 572 595 599 

Test #188
180 800 896 938 1001 1028 

Test #189
56 180 304 471 507 560 564 569 572 595 599 

Test #190
56 171 180 207 304 319 386 420 471 494 

Test #191
180 800 896 938 1001 1028 

Test #192
304 698 705 715 717 

Test #193
1148 1206 1270 

Test #194
180 800 896 938 1001 1013 

Test #195
180 612 781 800 873 891 896 931 938 

Test #196
180 800 896 938 1001 1028 

Test #197
180 800 896 938 1001 1028 

Test #198
39 56 57 83 129 171 180 190 245 254 255 269 279 295 301 384 420 425 

Test #199
800 931 1132 1148 1206 

Test #200
800 931 1027 1082 1132 1148 1206 

Test #201
180 800 896 938 1001 1028 

Test #202
56 83 129 171 180 190 255 279 319 384 420 432 

Test #203
56 83 129 171 180 190 255 279 319 384 420 432 

Test #204
180 800 873 896 931 938 

Test #205
180 800 896 1001 1028 1066 

Test #206
800 1132 1133 

Test #207
931 1148 1206 1270 

Test #208
304 428 531 618 705 758 771 783 

Test #209
180 800 873 896 931 938 

Test #210
800 931 1132 1148 1206 

Test #211
1270 

Test #212
180 304 336 471 560 569 572 595 618 622 

Test #213
728 800 1132 1133 1142 

Test #214
800 931 1132 1148 1206 

Test #215
180 800 873 896 931 938 

Test #216
1362 

Test #217
728 800 1132 1133 1142 

Test #218
728 800 1132 1133 1142 

Test #219
180 800 896 938 1001 1013 

Test #220
1270 

Test #221
800 931 1132 1148 1206 1230 

Test #222
180 304 336 471 560 569 572 595 618 622 

Test #223
304 336 471 560 569 595 622 

Test #224
728 800 1132 1133 1142 

Test #225
800 931 1132 1148 1206 

Test #226
800 1132 1133 1148 1206 

Test #227
304 428 531 618 705 758 771 783 

Test #228
574 612 737 800 825 850 851 891 

Test #229
800 1132 1133 1148 1206 

Test #230
56 180 304 336 471 507 560 569 572 595 618 622 

Test #231
304 705 717 758 

Test #232
304 565 574 783 786 800 825 

Test #233
304 622 

Test #234
304 428 531 618 705 758 771 783 

Test #235
1362 

Test #236
1148 1270 

Test #237
56 180 304 471 494 507 560 564 569 572 

Test #238
800 931 1148 1206 1270 

Test #239
304 698 705 717 

Test #240
728 800 843 896 1068 1132 1133 1142 

Test #241
728 800 1068 1132 1133 1142 

Test #242
304 622 

Test #243
1270 1362 

Test #244
180 612 737 781 800 851 873 891 

Test #245
56 180 207 304 319 386 420 471 494 507 

Test #246
180 612 737 781 800 873 891 896 931 938 

Test #247
180 574 612 737 800 850 851 891 

Test #248
800 931 1027 1148 1206 1270 

Test #249
304 698 705 715 717 

Test #250
56 171 180 207 304 319 386 420 471 494 507 

Test #251
800 931 1132 1148 1206 

Test #252
56 180 304 471 494 507 564 569 

Test #253
304 698 705 717 

Test #254
56 180 207 304 319 386 420 471 494 507 

Test #255
931 1148 1206 1270 

Test #256
56 180 304 471 507 560 569 572 595 599 618 

Test #257
800 931 1148 1206 1270 

Test #258
304 622 698 

Test #259
800 896 1001 1028 1066 1068 

Test #260
800 896 1066 1068 

Test #261
180 612 737 781 800 851 873 891 

Test #262
39 56 57 83 129 171 180 190 245 255 269 279 319 384 420 425 432 

Test #263
56 180 304 471 494 507 

Test #264
800 1132 1133 1148 1206 

Test #265
304 428 565 574 783 786 800 

Test #266
56 180 304 471 494 507 

Test #267
800 896 1068 

Test #268
180 800 896 938 1001 

Test #269
39 56 57 83 129 171 180 190 245 255 269 279 319 384 420 425 432 

Test #270
56 83 129 171 180 190 255 279 319 384 420 432 

Test #271
304 698 705 717 

Test #272
728 800 1132 1133 1142 

Test #273
304 698 705 717 

Test #274
304 622 698 

Test #275
304 698 705 

Test #276
304 565 574 783 786 800 825 

Test #277
800 931 1132 1148 1206 1230 

Test #278
800 1132 1133 

Test #279
304 698 705 715 717 

Test #280
56 180 304 471 494 507 

Test #281
800 931 1027 1082 1132 1148 1206 1270 

Test #282
56 180 304 471 494 507 564 569 572 

Test #283
304 622 698 

Test #284
56 180 304 471 507 560 569 572 595 618 622 

Test #285
304 595 622 

Test #286
56 180 304 471 507 560 564 569 572 595 599 

Test #287
304 428 565 618 705 783 786 800 

Test #288
56 180 304 471 494 507 564 569 

Test #289
574 612 737 800 825 850 851 

Test #290
56 171 180 207 304 319 386 420 471 494 

Test #291
800 931 1132 1148 1206 

Test #292
39 56 57 83 129 171 180 190 245 254 269 279 295 301 384 

Test #293
56 180 207 304 319 386 420 471 494 507 

Test #294
39 56 57 83 129 171 180 190 245 254 269 279 295 301 384 

Test #295
800 1132 1133 

Test #296
180 612 737 781 800 851 873 891 

Test #297
56 180 207 304 319 471 494 507 

Test #298
180 612 737 781 800 851 873 891 

Test #299
56 180 207 304 319 471 494 507 

Test #300
56 180 304 471 494 507 564 569 572 

Test #301
180 800 873 896 931 938 

Test #302
304 565 574 612 783 786 800 825 

Test #303
1148 1206 1270 

Test #304
800 931 1027 1148 1206 1270 

Test #305
728 800 843 896 1068 1132 1133 1142 

Test #306
56 180 304 471 507 560 569 572 595 618 622 

Test #307
304 698 705 715 717 

Test #308
180 800 873 896 931 938 

Test #309
1362 

Test #310
180 800 896 938 1001 1028 

Test #311
800 896 1066 1068 

Test #312
800 931 1027 1082 1132 1148 1206 

Test #313
800 1132 1133 1148 1206 

Test #314
39 56 57 83 129 138 171 180 190 245 254 269 279 295 301 351 384 

Test #315
56 129 171 180 304 319 386 420 471 

Test #316
56 83 129 171 180 190 255 279 319 384 420 432 

Test #317
56 180 304 471 507 560 564 569 572 595 599 

Test #318
304 574 612 737 800 825 851 

Test #319
56 180 304 471 507 560 569 572 595 599 618 

Test #320
180 800 896 1001 1028 1066 

Test #321
180 612 737 781 800 873 891 896 931 938 

Test #322
56 129 171 180 304 319 386 420 471 

Test #323
180 800 896 938 1001 1028 

Test #324
180 800 896 938 1001 1028 

Test #325
56 83 129 171 180 190 319 420 471 

Test #326
304 574 612 800 825 851 

Test #327
56 180 304 471 507 560 564 569 572 595 599 

Test #328
56 180 304 471 507 560 564 569 572 595 599 

Test #329
1270 

Test #330
304 698 705 

Test #331
304 698 705 717 

Test #332
180 612 737 781 800 851 873 891 

Test #333
728 800 1068 1132 1133 1142 

Test #334
304 595 622 

Test #335
304 428 565 618 705 783 786 800 

Test #336
574 612 737 800 825 850 851 

Test #337
574 612 737 800 825 850 851 

Test #338
800 896 1066 1068 

Test #339
56 83 129 171 180 190 255 279 319 384 420 432 

Test #340
574 612 737 800 825 850 851 

Test #341
304 698 705 717 

Test #342
728 800 1068 1132 1133 1142 

Test #343
304 698 705 717 

Test #344
56 180 207 304 319 471 494 507 

Test #345
728 800 1068 1132 1133 1142 

Test #346
304 428 565 618 705 783 786 800 

Test #347
56 180 304 471 494 507 560 564 569 572 

Test #348
1148 1206 1270 

Test #349
800 931 1027 1082 1132 1148 1206 1270 

Test #350
304 618 705 758 771 783 

Test #351
180 800 896 931 938 

Test #352
304 428 565 783 786 800 

Test #353
304 565 574 783 786 800 825 

Test #354
304 595 622 

Test #355
56 171 180 207 304 319 386 420 471 494 

Test #356
180 612 737 781 800 851 873 891 

Test #357
800 896 1066 1068 

Test #358
304 622 

Test #359
800 896 1028 1066 1068 

Test #360
180 800 896 1001 1028 1066 

Test #361
180 800 873 896 931 938 

Test #362
56 83 129 171 180 190 255 279 319 384 420 432 

Test #363
56 180 304 471 494 507 564 569 572 

Test #364
304 698 705 717 

Test #365
304 698 705 715 717 

Test #366
180 800 873 896 931 938 

Test #367
800 1132 1133 

Test #368
800 1132 1133 

Test #369
304 622 

Test #370
800 931 1132 1148 1206 

Test #371
304 336 471 560 569 595 622 

Test #372
180 800 896 938 1001 

Test #373
180 800 896 931 938 

Test #374
180 800 873 896 931 938 

Test #375
728 800 843 896 1068 1132 1133 

Test #376
304 698 705 717 

Test #377
1362 

Test #378
1148 1206 1270 

Test #379
304 622 

Test #380
800 931 1027 1082 1132 1148 1206 

Test #381
304 622 698 

Test #382
800 931 1027 1082 1132 1148 1206 

Test #383
304 622 

Test #384
728 800 843 896 1068 1132 1133 

Test #385
56 180 207 304 319 471 494 507 

Test #386
304 705 717 758 

Test #387
304 336 471 560 569 595 622 

Test #388
800 931 1132 1133 1148 1206 

Test #389
180 800 896 938 1001 1028 

Test #390
1270 

Test #391
574 612 737 800 825 850 851 

Test #392
56 180 304 471 507 560 564 569 572 595 599 

Test #393
1362 

Test #394
180 800 896 938 1001 1028 

Test #395
180 612 737 781 800 851 873 891 

Test #396
304 622 

Test #397
56 180 304 471 507 560 564 569 572 595 599 

Test #398
304 622 698 

Test #399
56 83 129 171 180 190 319 420 432 

Test #400
304 574 612 737 800 825 851 

Test #401
56 180 304 471 494 507 

Test #402
304 698 705 715 717 

Test #403
56 129 171 180 304 319 386 420 471 

Test #404
800 896 1068 

Test #405
800 931 1027 1148 1206 1270 

Test #406
800 1132 1133 1148 1206 

Test #407
56 129 171 180 304 319 386 420 471 

Test #408
800 931 1027 1082 1132 1148 1206 1270 

Test #409
800 896 1066 1068 

Test #410
304 698 705 717 

Test #411
800 896 1068 

Test #412
39 56 57 83 129 171 180 190 245 254 269 279 295 301 384 

Test #413
56 180 304 471 507 560 569 572 595 618 622 

Test #414
39 56 57 83 129 138 171 180 190 245 254 269 279 295 301 351 384 

Test #415
728 800 843 896 1068 1132 1133 1142 

Test #416
304 698 705 717 

Test #417
304 698 705 717 

Test #418
39 56 57 83 129 138 171 180 190 245 254 269 279 295 301 351 384 

Test #419
56 180 304 471 494 507 

Test #420
1362 

Test #421
1148 1206 1270 

Test #422
180 800 896 938 1001 1013 

Test #423
56 180 304 471 494 507 564 569 

Test #424
931 1148 1206 1270 

Test #425
304 336 471 560 569 595 622 

Test #426
180 800 896 1001 1028 1066 

Test #427
56 180 304 471 494 507 560 564 569 572 

Test #428
304 565 574 612 783 786 800 825 

Test #429
1362 

Test #430
56 180 304 336 471 507 560 569 572 595 618 622 

Test #431
1148 1206 1270 

Test #432
56 180 207 304 319 386 420 471 494 507 

Test #433
180 612 737 781 800 873 891 896 931 938 

Test #434
39 56 57 83 129 138 171 180 190 245 254 269 279 295 301 351 384 

Test #435
800 931 1132 1148 1206 

Test #436
304 428 565 574 783 786 800 

Test #437
800 1132 1133 1148 1206 

Test #438
931 1148 1206 1270 

Test #439
304 622 698 

Test #440
180 612 737 781 800 851 873 891 

Test #441
304 595 622 

Test #442
39 56 57 83 129 171 180 190 245 254 255 269 279 295 301 384 420 425 

Test #443
180 612 737 781 800 873 891 896 931 938 

Test #444
574 612 737 800 825 850 851 

Test #445
39 56 57 83 129 171 180 190 245 255 269 279 319 384 420 425 432 

Test #446
304 622 

Test #447
800 931 1132 1133 1148 1206 

Test #448
304 705 717 758 

Test #449
304 595 622 

Test #450
1270 

Test #451
304 698 705 717 

Test #452
56 180 304 471 507 560 564 569 572 595 599 

Test #453
180 800 873 896 931 938 

Test #454
180 612 737 781 800 851 873 891 

Test #455
56 129 171 180 304 319 386 420 471 

Test #456
800 931 1132 1133 1148 1206 

Test #457
56 180 304 471 494 507 564 569 572 

Test #458
180 304 336 471 560 569 572 595 618 622 

Test #459
304 622 

Test #460
56 180 207 304 319 471 494 507 

Test #461
304 574 612 737 800 825 851 

Test #462
56 180 304 471 507 560 564 569 572 595 599 

Test #463
56 180 304 336 471 507 560 569 572 595 618 622 

Test #464
39 56 57 83 129 171 180 190 245 255 269 279 319 384 420 425 432 

Test #465
56 180 304 471 507 560 564 569 572 595 599 

Test #466
56 83 129 171 180 190 319 420 432 

Test #467
304 565 574 783 786 800 825 

Test #468
39 56 57 83 129 138 171 180 190 245 254 269 279 295 301 351 384 

Test #469
1270 1362 

Test #470
728 800 843 896 1068 1132 1133 1142 

Test #471
180 574 612 737 800 850 851 891 

Test #472
180 304 336 471 560 569 572 595 618 622 

Test #473
728 800 843 896 1068 1132 1133 1142 

Test #474
39 56 57 83 129 171 180 190 245 254 255 269 279 295 301 384 420 425 

Test #475
800 896 1066 1068 

Test #476
728 800 1068 1132 1133 1142 

Test #477
304 698 705 

Test #478
180 612 737 781 800 851 873 891 

Test #479
56 180 207 304 319 386 420 471 494 507 

Test #480
180 612 737 781 800 873 891 896 931 938 

Test #481
304 574 612 800 825 851 

Test #482
304 565 574 612 783 786 800 825 

Test #483
800 896 1066 1068 

Test #484
39 56 57 83 129 171 180 190 245 255 269 279 319 384 420 425 432 

Test #485
1270 

Test #486
800 1132 1133 

Test #487
800 931 1132 1148 1206 

Test #488
56 180 207 304 319 386 420 471 494 507 

Test #489
39 56 57 83 129 171 180 190 245 255 269 279 319 384 420 425 432 

Test #490
56 180 207 304 319 386 420 471 494 507 

Test #491
180 304 336 471 560 569 572 595 618 622 

Test #492
180 612 737 781 800 851 873 891 

Test #493
304 698 705 715 717 

Test #494
304 574 612 737 800 825 851 

Test #495
180 612 737 781 800 873 891 896 931 938 

Test #496
180 574 612 737 800 850 851 891 

Test #497
180 612 737 781 800 873 891 896 931 938 

Test #498
1270 

Test #499
574 612 737 800 825 850 851 

Test #500
180 574 612 737 800 850 851 891 

