Test #1
86 3865 3958 

Test #2
86 187 1865 2040 2415 

Test #3
86 1561 1566 1966 2840 3526 3598 

Test #4
86 3206 3670 

Test #5
86 1668 2040 2590 2776 2823 

Test #6
86 389 731 946 1105 1207 1497 

Test #7
86 187 745 1205 1610 1865 2040 2415 

Test #8
86 812 946 1105 1576 1673 1755 1845 1863 1865 1889 

Test #9
86 389 472 508 633 731 946 1014 1079 1086 1105 1207 1210 1286 

Test #10
86 1593 1668 2040 2590 2776 2803 2876 2987 2998 3012 

Test #11
4062 

Test #12
86 389 633 731 946 1105 1207 

Test #13
86 1593 1668 2040 2590 2776 2803 2876 3012 

Test #14
86 389 731 946 1105 1207 1497 

Test #15
86 733 946 1105 1207 1497 1576 

Test #16
86 1561 1566 1966 2840 3526 3670 

Test #17
86 1668 2040 2590 2776 2803 2876 3012 

Test #18
86 187 203 745 1686 1865 2040 

Test #19
86 1668 2040 2590 2776 2803 2876 3012 

Test #20
86 2040 2590 2668 2776 2823 

Test #21
86 187 203 745 1205 1610 1865 2040 

Test #22
86 3865 3958 

Test #23
71 86 203 228 745 1466 1865 2040 2093 2174 

Test #24
86 203 228 540 745 812 1865 2007 2025 2040 2093 2128 

Test #25
86 203 540 812 1105 1576 1755 1865 1889 

Test #26
86 1566 1966 2896 

Test #27
86 733 946 1105 1576 

Test #28
86 389 731 733 946 1105 1207 1497 1576 

Test #29
86 2040 2590 2668 2776 

Test #30
86 1431 1593 1668 2040 2590 2776 

Test #31
86 2040 2590 2668 2776 2823 

Test #32
86 187 1865 2040 2415 

Test #33
86 389 472 508 633 731 946 1014 1079 1086 1105 1207 1210 1286 

Test #34
86 203 228 745 1686 1865 2040 

Test #35
86 203 228 540 745 812 1865 2007 2025 2040 2093 2128 

Test #36
86 1431 1593 1668 2040 2590 2776 2803 2876 2987 2998 3012 

Test #37
86 1446 2040 2370 2590 

Test #38
86 1966 2590 2715 2803 2896 3074 3154 3281 

Test #39
86 1561 1566 3526 3670 

Test #40
86 1446 2040 2370 2590 2668 

Test #41
71 86 203 228 745 1466 1865 2040 2093 2174 

Test #42
86 1561 1566 1966 2840 3524 3526 3564 3598 

Test #43
86 1668 2040 2590 2668 2776 2823 

Test #44
3280 3299 3515 3958 3979 4058 4062 4076 

Test #45
86 3839 3865 

Test #46
86 1668 1966 2590 2715 2803 2896 3154 3263 3281 

Test #47
86 1561 1566 1966 2840 3524 3526 3564 

Test #48
86 1349 2040 2370 2590 2668 

Test #49
86 389 633 731 946 1105 1207 

Test #50
86 187 745 1205 1610 1865 2040 2415 

Test #51
86 389 472 633 731 946 1079 1105 1207 

Test #52
86 187 1865 2040 2415 

Test #53
71 86 203 228 745 1466 1865 2040 2093 2174 

Test #54
86 187 203 745 1686 1865 2040 

Test #55
86 1566 1966 

Test #56
86 1431 1593 1668 2040 2590 2776 

Test #57
86 389 731 946 1105 1207 1497 

Test #58
86 3865 3958 

Test #59
86 1966 2590 2715 2803 2896 3074 3154 3281 

Test #60
86 1668 2040 2590 2776 2803 2876 3012 

Test #61
86 1446 2040 2370 2590 2668 

Test #62
86 135 812 946 1105 1576 1755 1845 1865 1889 

Test #63
86 389 633 731 946 1105 1207 

Test #64
86 2040 2590 2668 2776 2823 

Test #65
86 1431 1593 1668 2040 2590 2776 2803 2876 2987 2998 3012 

Test #66
86 203 228 745 1686 1865 2040 

Test #67
86 733 946 1105 1207 1497 1576 

Test #68
86 389 633 731 946 1105 1207 

Test #69
86 389 633 731 946 1105 1207 

Test #70
3280 3299 3515 3865 3958 3979 

Test #71
86 1668 2040 2590 2776 2823 

Test #72
86 187 203 745 1205 1610 1865 2040 

Test #73
86 1566 1966 

Test #74
86 389 731 946 1105 1207 1497 

Test #75
71 86 203 228 745 1466 1865 2040 2093 2174 

Test #76
86 1593 1668 2040 2590 2776 2803 2876 2987 2998 3012 

Test #77
86 1561 1566 1966 2840 3526 3598 

Test #78
86 389 731 946 1105 1207 1497 

Test #79
86 733 946 1105 1207 1497 1576 1632 

Test #80
86 3206 3670 

Test #81
86 2040 2590 2668 2776 

Test #82
86 733 812 946 1105 1576 1673 1755 

Test #83
86 203 228 540 745 812 1466 1865 2007 2040 2093 

Test #84
86 3206 3670 

Test #85
86 1668 2040 2590 2776 2823 

Test #86
86 389 633 731 946 1105 1207 

Test #87
86 187 745 1205 1610 1865 2040 2415 

Test #88
86 1668 2040 2590 2776 2803 3154 

Test #89
4062 

Test #90
86 389 731 946 1105 1207 1497 

Test #91
86 203 812 1105 1865 2007 2020 2025 2040 

Test #92
86 1446 1865 2040 2590 

Test #93
71 86 203 228 745 1466 1865 2040 2093 2174 

Test #94
71 86 203 228 745 1466 1865 2040 2093 2174 

Test #95
86 108 389 459 508 633 639 731 857 919 946 1014 1079 1086 1105 1207 1210 

Test #96
86 3280 3515 3865 3958 3979 

Test #97
86 1668 2040 2590 2715 2803 2896 3154 3263 

Test #98
86 389 731 733 946 1105 1207 1497 1576 

Test #99
4062 

Test #100
86 1566 1966 

Test #101
86 389 731 946 1105 1207 

Test #102
86 2040 2590 2668 2776 

Test #103
86 733 946 1105 1207 1497 1576 

Test #104
86 1561 1566 1966 2840 3526 3670 

Test #105
86 1668 2040 2590 2776 2803 2876 3012 

Test #106
86 1446 2040 2370 2590 

Test #107
86 187 1865 2040 2415 

Test #108
86 187 745 1205 1610 1865 2040 2415 

Test #109
86 1431 1593 1668 2040 2590 2776 

Test #110
86 1431 1593 1668 2040 2590 2776 

Test #111
86 203 228 540 745 812 1865 2007 2025 2040 2093 

Test #112
86 389 731 946 1105 1207 1497 

Test #113
86 1566 1966 

Test #114
86 1431 1593 1668 2040 2590 2776 

Test #115
86 3280 3515 3865 3958 3979 

Test #116
86 203 228 540 745 812 1865 2007 2025 2040 2093 

Test #117
86 1668 2040 2590 2776 2803 2876 3012 

Test #118
86 203 228 745 1686 1865 2040 

Test #119
3280 3515 3865 3958 3979 

Test #120
86 1431 1593 1668 2040 2590 2776 2803 2876 2987 2998 3012 

Test #121
86 187 1865 2040 2415 

Test #122
86 812 946 1105 1576 1673 1755 1845 1863 1865 1889 

Test #123
86 389 633 731 946 1105 1207 

Test #124
86 1561 1566 1966 2840 

Test #125
86 2040 2590 2668 2776 2823 

Test #126
86 389 633 731 946 1105 1207 

Test #127
86 1966 2590 2715 2803 2896 3074 3154 3281 

Test #128
86 135 812 946 1105 1576 1755 1845 1865 1889 

Test #129
86 733 812 946 1105 1576 1673 1755 

Test #130
86 1668 2040 2590 2776 2803 3154 

Test #131
3299 4058 4062 

Test #132
86 203 540 812 1105 1865 2007 2020 2025 

Test #133
86 733 812 946 1105 1576 1673 1755 

Test #134
86 389 731 946 1105 1207 1497 

Test #135
86 389 731 946 1105 1207 

Test #136
86 1561 1566 1966 2840 3526 3598 

Test #137
86 1668 2040 2590 2776 2823 

Test #138
86 1349 2040 2370 2590 2668 

Test #139
86 203 812 1105 1576 1755 1845 1865 1889 

Test #140
86 733 946 1105 1207 1497 1576 

Test #141
86 389 633 731 946 1105 1207 

Test #142
86 1349 2040 2370 2590 2668 

Test #143
86 812 946 1105 1576 1673 1755 1845 1863 1865 1889 

Test #144
86 1561 1566 1966 2840 3526 3598 

Test #145
86 389 731 946 1105 1207 1497 

Test #146
86 733 946 1105 1207 1497 1576 

Test #147
86 389 731 733 946 1105 1207 1497 1576 

Test #148
86 1566 1966 2590 2715 2803 2896 3074 3154 3281 

Test #149
86 1446 2040 2370 2590 2668 

Test #150
86 389 633 731 946 1105 1207 

Test #151
71 86 203 228 745 1466 1865 2040 2093 2174 

Test #152
86 3865 

Test #153
86 203 540 812 1105 1865 2007 2020 2025 

Test #154
86 187 203 745 1610 1686 1865 2040 

Test #155
86 1668 2040 2590 2715 2803 3154 

Test #156
86 1561 1566 1966 2840 3524 3526 3564 3598 

Test #157
86 187 1865 2040 2415 

Test #158
86 203 228 745 1686 1865 2040 

Test #159
86 108 389 459 508 633 731 946 1014 1079 1086 1105 1207 1210 

Test #160
86 1593 1668 2040 2590 2776 2803 2876 3012 

Test #161
86 389 472 508 633 731 857 946 1014 1079 1086 1105 1207 1210 

Test #162
4062 

Test #163
86 3206 3839 

Test #164
86 812 946 1105 1576 1673 1755 1845 

Test #165
86 389 633 731 946 1105 1207 

Test #166
3280 3515 3865 3958 3979 

Test #167
86 108 389 459 508 633 639 731 857 919 946 1014 1079 1086 1105 1207 1210 

Test #168
86 1593 1668 2040 2590 2776 2803 2876 3012 

Test #169
86 187 1865 2040 2415 

Test #170
86 135 812 946 1105 1576 1755 1845 1865 1889 

Test #171
86 1566 1966 2896 

Test #172
86 1349 2040 2370 2590 2668 

Test #173
86 1566 1966 

Test #174
3280 3515 3865 3958 3979 

Test #175
71 86 203 228 745 1466 1865 2040 2093 2174 

Test #176
86 1561 1566 3670 

Test #177
86 389 633 731 946 1105 1207 

Test #178
86 187 1865 2040 2415 

Test #179
86 1668 2040 2590 2776 2823 

Test #180
86 2040 2590 2668 2776 

Test #181
86 1446 2040 2370 2590 2668 

Test #182
86 3206 3839 

Test #183
86 187 1865 2040 2415 

Test #184
86 1566 1966 

Test #185
86 203 540 812 1105 1865 2007 2020 2025 

Test #186
86 389 731 946 1105 1207 1497 

Test #187
86 1668 2040 2590 2776 2823 

Test #188
86 1966 2590 2715 2803 2896 3074 3154 3281 

Test #189
86 1446 2040 2370 2590 

Test #190
86 1431 1593 1668 2040 2590 2776 

Test #191
86 203 228 540 745 812 1466 1865 2007 2040 2093 

Test #192
86 1446 2040 2370 2557 2590 2668 

Test #193
86 1668 2040 2590 2668 2776 2823 

Test #194
86 733 946 1105 1576 

Test #195
86 1668 2040 2590 2715 2803 2896 3154 3263 

Test #196
86 1593 1668 2040 2590 2776 2803 2876 3012 

Test #197
86 389 731 946 1105 1207 1497 

Test #198
86 1668 1966 2590 2715 2803 2896 3154 3263 3281 

Test #199
86 135 812 946 1105 1576 1755 1845 1865 1889 

Test #200
86 1668 2040 2590 2668 2776 2823 

Test #201
86 3865 

Test #202
4062 

Test #203
86 389 731 946 1105 1207 

Test #204
86 1668 2040 2590 2776 2803 3154 

Test #205
86 3839 3865 

Test #206
86 187 745 1205 1610 1865 2040 2409 2415 

Test #207
86 1446 2040 2370 2557 2590 2668 

Test #208
3280 3299 3515 3958 3979 4058 4062 4076 

Test #209
86 1561 1566 3670 

Test #210
86 389 472 633 731 946 1079 1105 1207 

Test #211
86 1446 2040 2370 2557 2590 2668 

Test #212
71 86 203 228 745 1466 1865 2040 2093 2174 

Test #213
86 3280 3515 3865 3958 3979 

Test #214
86 3280 3515 3865 3958 3979 

Test #215
86 389 731 946 1105 1207 1497 

Test #216
86 733 812 946 1105 1576 1755 

Test #217
86 389 472 508 633 731 946 1014 1079 1086 1105 1207 1210 1286 

Test #218
86 1668 2040 2590 2776 2803 3154 

Test #219
86 3206 

Test #220
86 1446 2040 2370 2557 2590 2668 

Test #221
86 135 812 946 1105 1576 1755 1845 1865 1889 

Test #222
86 733 812 946 1105 1576 1755 

Test #223
4062 

Test #224
86 1561 1566 1966 2840 3524 3526 3564 

Test #225
86 203 228 745 1686 1865 2040 

Test #226
86 1668 2040 2590 2776 2803 3154 

Test #227
86 187 745 1205 1610 1865 2040 2415 

Test #228
86 187 1865 2040 2415 

Test #229
71 86 203 228 745 1466 1865 2040 2093 2174 

Test #230
86 1668 2040 2590 2776 2803 3154 

Test #231
86 108 389 459 508 633 639 731 857 919 946 1014 1079 1086 1105 1207 1210 

Test #232
86 203 540 812 1105 1576 1755 1865 1889 

Test #233
86 1593 1668 2040 2590 2776 2803 2876 2987 2998 3012 

Test #234
86 389 633 731 946 1105 1207 

Test #235
86 3865 3958 

Test #236
86 1349 2040 2370 2590 2668 

Test #237
86 1446 2040 2370 2590 

Test #238
86 187 745 1205 1610 1865 2040 2409 2415 

Test #239
86 187 1865 2040 2415 

Test #240
86 203 228 540 745 812 1865 2007 2025 2040 2093 2128 

Test #241
86 187 1865 2040 2415 

Test #242
3280 3299 3515 3958 3979 4058 4062 4076 

Test #243
86 1668 2040 2590 2776 2803 2876 3012 

Test #244
86 203 228 745 1686 1865 2040 

Test #245
86 3206 

Test #246
86 1566 1966 2590 2896 3074 3281 

Test #247
86 1668 2040 2590 2668 2776 2823 

Test #248
86 3865 

Test #249
86 187 203 745 1205 1610 1865 2040 

Test #250
86 187 745 1205 1610 1865 2040 2415 

Test #251
86 187 203 745 1610 1686 1865 2040 

Test #252
86 1593 1668 2040 2590 2776 2803 2876 3012 

Test #253
86 1431 1593 1668 2040 2590 2776 2876 2987 2998 

Test #254
86 187 203 745 1610 1686 1865 2040 

Test #255
86 187 203 745 1205 1610 1865 2040 

Test #256
86 3280 3515 3865 3958 3979 

Test #257
86 108 389 459 508 633 731 946 1014 1079 1086 1105 1207 1210 

Test #258
86 1561 1566 1966 2840 3526 3598 

Test #259
86 187 203 745 1610 1686 1865 2040 

Test #260
86 203 228 745 1686 1865 2040 

Test #261
86 187 1865 2040 2415 

Test #262
86 187 203 745 1610 1686 1865 2040 

Test #263
86 1593 1668 2040 2590 2776 2803 2876 2987 2998 3012 

Test #264
86 389 633 731 946 1105 1207 

Test #265
86 187 1865 2040 2415 

Test #266
86 1349 2040 2370 2590 2668 

Test #267
86 1668 2040 2590 2776 2823 

Test #268
86 3865 3958 

Test #269
86 3839 3865 

Test #270
86 389 472 508 633 731 857 946 1014 1079 1086 1105 1207 1210 

Test #271
86 812 946 1105 1576 1673 1755 1845 1863 1865 1889 

Test #272
86 203 228 745 1686 1865 2040 

Test #273
3299 4058 4062 

Test #274
86 1561 1566 3670 

Test #275
86 1566 1966 2590 2896 3074 3281 

Test #276
86 1561 1566 3526 3670 

Test #277
86 1431 1593 1668 2040 2590 2776 

Test #278
86 203 540 812 1105 1755 1865 

Test #279
86 1566 1966 2590 2896 3074 3281 

Test #280
3280 3299 3515 3865 3958 3979 

Test #281
86 1668 2040 2590 2776 2803 3154 

Test #282
86 389 731 946 1105 1207 1497 

Test #283
86 1668 2040 2590 2668 2776 2823 

Test #284
86 203 540 812 1105 1755 1865 

Test #285
86 1446 2040 2370 2590 

Test #286
3280 3299 3515 3958 3979 4058 4062 4076 

Test #287
86 733 812 946 1105 1576 1755 

Test #288
86 1446 2040 2370 2590 2668 

Test #289
86 1561 1566 1966 2840 3524 3526 

Test #290
86 1668 2040 2590 2776 2823 

Test #291
86 1561 1566 3670 

Test #292
86 812 946 1105 1576 1673 1755 1845 

Test #293
86 3280 3515 3865 3958 3979 

Test #294
86 1446 1865 2040 2590 

Test #295
86 203 812 1105 1865 2007 2020 2025 2040 

Test #296
86 187 203 745 1686 1865 2040 

Test #297
3280 3299 3515 3958 3979 4058 4062 4076 

Test #298
86 1561 1566 1966 2840 3526 3670 

Test #299
86 203 228 540 745 812 1865 2007 2025 2040 2093 

Test #300
86 3206 

Test #301
86 1561 1566 3526 3670 

Test #302
86 1446 2040 2370 2557 2590 2668 

Test #303
86 733 812 946 1105 1576 1673 1755 

Test #304
86 1561 1566 1966 2840 3526 3598 

Test #305
71 86 203 228 745 1466 1865 2040 2093 2174 

Test #306
86 3865 

Test #307
86 1593 1668 2040 2590 2776 2803 2876 3012 

Test #308
86 3865 

Test #309
86 733 946 1105 1576 

Test #310
86 203 228 745 1686 1865 2040 

Test #311
86 1561 1566 3670 

Test #312
86 1561 1566 1966 2840 3526 3670 

Test #313
86 187 1865 2040 2415 

Test #314
86 187 745 1205 1610 1865 2040 2409 2415 

Test #315
86 389 633 731 946 1105 1207 

Test #316
86 3280 3515 3865 3958 3979 

Test #317
86 203 228 745 1686 1865 2040 

Test #318
86 203 540 812 1105 1576 1755 1865 1889 

Test #319
86 187 1865 2040 2415 

Test #320
86 389 731 733 946 1105 1207 1497 1576 

Test #321
86 1561 1566 1966 2840 3526 3598 

Test #322
86 203 812 1105 1865 2007 2020 2025 2040 

Test #323
71 86 203 228 745 1466 1865 2040 2093 2174 

Test #324
86 1566 1966 2896 

Test #325
86 1566 1966 2590 2896 3074 3281 

Test #326
86 1431 1593 1668 2040 2590 2776 2876 2987 2998 

Test #327
86 389 731 946 1105 1207 1497 

Test #328
86 1668 2040 2590 2715 2803 3154 

Test #329
86 187 745 1205 1610 1865 2040 2415 

Test #330
86 187 203 745 1610 1686 1865 2040 

Test #331
86 2040 2590 2668 2776 

Test #332
86 135 812 946 1105 1576 1755 1845 1865 1889 

Test #333
86 3839 3865 

Test #334
86 1966 2590 2715 2803 2896 3074 3154 3281 

Test #335
86 389 472 633 731 946 1079 1105 1207 

Test #336
86 733 812 946 1105 1576 1673 1755 

Test #337
86 1593 1668 2040 2590 2776 2803 2876 3012 

Test #338
86 1668 2040 2590 2776 2803 3154 

Test #339
86 389 731 946 1105 1207 1497 

Test #340
86 1561 1566 1966 2840 3524 3526 

Test #341
86 108 142 250 275 321 389 459 508 562 633 639 731 857 898 919 1014 1079 1105 1207 1210 

Test #342
3280 3515 3865 3958 3979 

Test #343
86 1431 1593 1668 2040 2590 2776 2803 2876 2987 2998 3012 

Test #344
86 187 1865 2040 2415 

Test #345
86 203 228 745 1686 1865 2040 

Test #346
86 1668 2040 2590 2776 2803 3154 

Test #347
86 187 203 745 1610 1686 1865 2040 

Test #348
86 1668 1966 2590 2715 2803 2896 3154 3263 3281 

Test #349
86 3865 3958 

Test #350
86 1561 1566 1966 2840 3526 3598 

Test #351
86 1561 1566 1966 2840 3526 3598 

Test #352
86 1566 1966 2590 2896 3074 3281 

Test #353
86 389 731 946 1105 1207 1497 

Test #354
86 389 731 733 946 1105 1207 1497 1576 

Test #355
86 187 1865 2040 2415 

Test #356
86 1561 1566 1966 2840 3526 3598 

Test #357
86 1966 2590 2715 2803 2896 3074 3154 3281 

Test #358
86 1668 2040 2590 2776 2823 

Test #359
86 1446 1865 2040 2590 

Test #360
86 389 731 946 1105 1207 1497 

Test #361
3280 3299 3515 3958 3979 4058 4062 4076 

Test #362
4062 

Test #363
71 86 203 228 745 1466 1865 2040 2093 2174 

Test #364
86 1561 1566 1966 2840 3526 3670 

Test #365
86 1668 1966 2590 2715 2803 2896 3154 3263 3281 

Test #366
86 203 228 745 1686 1865 2040 

Test #367
86 108 389 459 508 633 639 731 857 919 946 1014 1079 1086 1105 1207 1210 

Test #368
86 203 228 540 745 812 1865 2007 2025 2040 2093 2128 

Test #369
86 389 472 508 633 731 857 946 1014 1079 1086 1105 1207 1210 

Test #370
86 389 731 946 1105 1207 1497 

Test #371
86 389 731 946 1105 1207 1497 

Test #372
86 389 472 508 633 731 857 946 1014 1079 1086 1105 1207 1210 

Test #373
86 389 472 633 731 946 1079 1105 1207 

Test #374
86 1668 2040 2590 2715 2803 3154 

Test #375
86 1446 2040 2370 2590 2668 

Test #376
86 187 203 745 1610 1686 1865 2040 

Test #377
71 86 203 228 745 1466 1865 2040 2093 2174 

Test #378
86 1561 1566 3670 

Test #379
86 389 633 731 946 1105 1207 

Test #380
86 203 540 812 1105 1865 2007 2020 2025 

Test #381
86 1668 2040 2590 2776 2803 3154 

Test #382
86 3206 

Test #383
4062 

Test #384
86 1566 1966 2896 

Test #385
4062 

Test #386
86 187 1865 2040 2415 

Test #387
86 2040 2590 2668 2776 2823 

Test #388
86 1668 2040 2590 2715 2803 2896 3154 3263 

Test #389
4062 

Test #390
86 108 389 459 508 633 639 731 857 919 946 1014 1079 1086 1105 1207 1210 

Test #391
86 1561 1566 1966 2840 3524 3526 3564 

Test #392
86 3280 3515 3865 3958 3979 

Test #393
4062 

Test #394
86 389 731 733 946 1105 1207 1497 1576 

Test #395
86 1566 1966 

Test #396
86 1668 2040 2590 2776 2803 3154 

Test #397
86 1446 2040 2370 2557 2590 2668 

Test #398
86 1566 1966 

Test #399
3299 4058 4062 

Test #400
86 1446 2040 2370 2590 2668 

Test #401
86 1561 1566 3670 

Test #402
86 389 633 731 946 1105 1207 

Test #403
86 1349 2040 2370 2590 2668 

Test #404
86 3839 3865 

Test #405
86 1566 1966 2590 2715 2803 2896 3074 3154 3281 

Test #406
4062 

Test #407
86 203 540 812 1105 1755 1865 

Test #408
86 389 633 731 946 1105 1207 

Test #409
86 1561 1566 1966 2840 3526 3670 

Test #410
71 86 203 228 745 1466 1865 2040 2093 2174 

Test #411
71 86 203 228 745 1466 1865 2040 2093 2174 

Test #412
86 1446 2040 2370 2557 2590 2668 

Test #413
86 733 812 946 1105 1576 1755 

Test #414
86 203 812 1105 1865 2007 2020 2025 2040 

Test #415
86 135 812 946 1105 1576 1755 1845 1865 1889 

Test #416
86 733 946 1105 1207 1497 1576 1632 

Test #417
86 1566 1966 2590 2896 3074 3281 

Test #418
86 1566 1966 

Test #419
86 1561 1566 1966 2840 3526 3670 

Test #420
86 1566 1966 2590 2715 2803 2896 3074 3154 3281 

Test #421
86 1566 1966 

Test #422
86 1431 1593 1668 2040 2590 2776 2876 2987 2998 

Test #423
86 1593 1668 2040 2590 2776 2803 2876 3012 

Test #424
86 1966 2590 2715 2803 2896 3074 3154 3281 

Test #425
86 1966 2590 2715 2803 2896 3074 3154 3281 

Test #426
86 187 203 745 1610 1686 1865 2040 

Test #427
86 203 228 745 1686 1865 2040 

Test #428
86 733 812 946 1105 1576 1755 

Test #429
86 733 946 1105 1207 1497 1576 

Test #430
71 86 203 228 745 1466 1865 2040 2093 2174 

Test #431
86 1668 2040 2590 2715 2803 2896 3154 3263 

Test #432
3280 3299 3515 3958 3979 4058 4062 4076 

Test #433
86 187 203 745 1686 1865 2040 

Test #434
86 733 812 946 1105 1576 1755 

Test #435
86 1561 1566 3670 

Test #436
86 389 731 946 1105 1207 1497 

Test #437
86 733 946 1105 1576 

Test #438
86 389 731 946 1105 1207 1497 

Test #439
86 733 946 1105 1497 1576 1632 

Test #440
4062 

Test #441
86 187 745 1205 1610 1865 2040 2415 

Test #442
86 1446 2040 2370 2590 

Test #443
86 1446 1865 2040 2590 

Test #444
86 1431 1593 1668 2040 2590 2776 2876 2987 2998 

Test #445
86 1566 1966 

Test #446
86 1668 2040 2590 2715 2803 3154 

Test #447
86 1566 1966 2896 

Test #448
86 1446 1865 2040 2590 

Test #449
86 187 745 1205 1610 1865 2040 2415 

Test #450
86 1668 2040 2590 2668 2776 2823 

Test #451
86 733 946 1105 1576 

Test #452
86 733 946 1105 1576 

Test #453
86 733 946 1105 1207 1497 1576 

Test #454
86 1561 1566 1966 2840 3524 3526 3564 

Test #455
86 1561 1566 3670 

Test #456
86 1561 1566 3526 3670 

Test #457
86 733 946 1105 1497 1576 1632 

Test #458
86 812 946 1105 1576 1673 1755 1845 1863 1865 1889 

Test #459
86 108 142 250 275 321 389 459 508 562 633 639 731 857 898 919 1014 1079 1105 1207 1210 

Test #460
86 203 540 812 1105 1755 1865 

Test #461
86 2040 2590 2668 2776 

Test #462
86 1668 2040 2590 2776 2803 3154 

Test #463
86 135 812 946 1105 1576 1755 1845 1865 1889 

Test #464
86 3865 3958 

Test #465
86 1561 1566 3670 

Test #466
86 389 731 946 1105 1207 

Test #467
86 108 389 459 508 633 731 946 1014 1079 1086 1105 1207 1210 

Test #468
86 108 389 459 508 633 639 731 857 919 946 1014 1079 1086 1105 1207 1210 

Test #469
86 733 946 1105 1576 

Test #470
86 733 946 1105 1576 

Test #471
4062 

Test #472
86 1431 1593 1668 2040 2590 2776 

Test #473
86 1593 1668 2040 2590 2776 2803 2876 3012 

Test #474
86 187 1865 2040 2415 

Test #475
86 733 812 946 1105 1576 1755 

Test #476
86 187 203 745 1610 1686 1865 2040 

Test #477
86 733 946 1105 1207 1497 1576 1632 

Test #478
86 3839 3865 

Test #479
86 1561 1566 3526 3670 

Test #480
86 1668 2040 2590 2668 2776 2823 

Test #481
86 187 1865 2040 2415 

Test #482
86 108 142 250 275 321 389 459 508 562 633 639 731 857 898 919 1014 1079 1105 1207 1210 

Test #483
86 1966 2590 2715 2803 2896 3074 3154 3281 

Test #484
86 1431 1593 1668 2040 2590 2776 

Test #485
86 1561 1566 1966 2840 3524 3526 3564 3598 

Test #486
86 1668 2040 2590 2668 2776 2823 

Test #487
86 187 745 1205 1610 1865 2040 2415 

Test #488
3280 3299 3515 3865 3958 3979 

Test #489
86 1566 1966 

Test #490
86 187 745 1205 1610 1865 2040 2415 

Test #491
86 812 946 1105 1576 1673 1755 1845 1863 1865 1889 

Test #492
86 203 228 540 745 812 1865 2007 2025 2040 2093 2128 

Test #493
86 389 731 946 1105 1207 1497 

Test #494
86 187 1865 2040 2415 

Test #495
86 812 946 1105 1576 1673 1755 1845 1863 1865 1889 

Test #496
86 3280 3515 3865 3958 3979 

Test #497
86 1349 2040 2370 2590 2668 

Test #498
86 812 946 1105 1576 1673 1755 1845 1863 1865 1889 

Test #499
3280 3515 3865 3958 3979 

Test #500
86 1668 2040 2590 2715 2803 2896 3154 3263 

