Test #1
4363 4561 5127 5208 5256 5354 5443 5508 

Test #2
85 161 165 196 206 229 268 280 285 316 339 359 368 411 429 446 500 517 606 669 691 718 727 904 941 960 990 992 1011 1110 1157 1197 1235 1252 1320 1338 1351 1359 1426 1474 1486 1499 1648 1652 1655 1675 1719 

Test #3
161 339 763 802 833 1171 1224 1400 1782 2123 2173 2640 2828 2859 2902 2932 2965 3001 3041 3064 3144 

Test #4
161 294 339 763 771 833 1224 1551 1782 2033 2123 2168 2173 2213 2226 2243 2318 2381 2396 2469 2640 2657 2828 2859 2902 2932 2965 

Test #5
54 85 161 165 185 206 229 266 268 316 332 339 359 368 411 429 446 469 500 517 606 613 669 718 727 797 904 941 990 992 1110 1157 1197 1235 1320 1351 1359 1404 1474 1486 1499 

Test #6
339 517 1959 2123 2286 2287 2596 2635 2902 3081 3193 3433 3458 3515 3584 3588 3737 3773 3793 3850 3906 3931 3939 3951 3964 3990 

Test #7
737 2123 2520 2902 3513 3793 3951 3986 4075 4192 4295 4298 4300 4370 4469 4488 4558 4566 

Test #8
161 339 763 802 833 1171 1224 1400 1782 2123 2173 2640 2828 2859 2902 2932 2965 3001 3041 3064 3144 

Test #9
46 161 339 392 412 763 833 1224 1455 1782 1836 1844 2033 2123 2168 2193 2213 2226 2243 2318 2345 2381 2396 2407 2469 2507 2619 2629 2640 2657 2667 2697 2747 2753 

Test #10
155 161 339 491 667 833 956 1832 1945 2123 2156 2497 2557 2828 2859 2902 2965 2971 3169 3193 3212 3214 3221 3260 3302 3316 3339 3391 3458 

Test #11
161 339 564 763 802 833 1224 1400 1782 2123 2173 2362 2640 2828 2859 2902 2965 3001 3041 3064 3144 3165 3214 3221 3227 

Test #12
161 339 763 802 833 1224 1400 1782 2123 2173 2640 2828 2859 2902 2965 3001 3041 3064 3144 3165 

Test #13
85 161 165 196 206 229 268 280 285 316 339 359 368 411 429 446 500 517 606 669 691 718 727 904 941 960 990 992 1011 1110 1157 1197 1235 1252 1320 1338 1351 1359 1426 1474 1486 1499 1648 1652 1655 1675 1719 

Test #14
545 2123 2772 2939 3235 3718 3746 4298 4504 4505 4681 4721 4724 4791 4794 4828 4845 4886 4901 4905 4935 4959 4964 

Test #15
81 161 280 285 316 339 397 446 638 691 718 763 833 990 1011 1110 1197 1252 1320 1338 1432 1455 1625 1719 1739 1782 1836 1844 1917 1924 1969 2033 2075 2110 2123 2187 

Test #16
339 1959 2123 2287 2583 2596 2902 2923 3081 3193 3224 3433 3458 3531 3584 3588 3737 3773 3793 3850 3931 3939 3951 3964 3990 4010 4030 4069 4075 

Test #17
46 115 161 316 339 397 446 456 470 691 763 833 1110 1432 1455 1625 1674 1782 1836 1844 2033 2123 2168 2213 2226 2243 2318 2344 2345 2346 2350 2381 2396 2453 2469 2507 

Test #18
155 161 339 491 667 833 956 1832 1945 2123 2156 2497 2557 2828 2859 2902 2965 2971 3169 3193 3212 3214 3221 3260 3302 3316 3339 3391 3458 

Test #19
2123 3235 3666 3718 3746 4298 4488 4721 4724 4783 4791 4901 4905 4941 4947 4964 5027 5037 5057 5101 5126 5135 5139 

Test #20
545 2123 2772 2902 3566 3718 3746 4192 4193 4298 4505 4652 4681 4696 4721 4724 4760 4794 4828 

Test #21
85 161 165 185 196 206 229 266 268 316 332 339 359 368 411 429 446 469 500 517 606 613 669 718 727 797 904 941 960 990 992 1011 1110 1157 1197 1235 1320 1351 1359 1426 1474 1486 1499 1648 1652 1655 1675 

Test #22
339 737 2123 2575 2583 2902 3531 3773 3793 3951 4075 4121 4170 4178 4192 4263 4284 4298 4300 

Test #23
545 2123 3235 3718 3746 4298 4488 4681 4721 4724 4791 4845 4886 4901 4905 4935 4941 4947 4964 5027 5037 5057 5078 

Test #24
161 339 491 564 763 802 833 1400 1782 2123 2173 2362 2416 2828 2859 2902 2965 2971 3001 3041 3064 3144 3165 3169 3212 3214 3221 3227 3251 3260 3302 3315 3316 

Test #25
339 1959 2123 2287 2583 2596 2902 2923 3081 3193 3224 3433 3458 3531 3584 3588 3737 3773 3793 3850 3931 3939 3951 3964 3990 4010 4030 4069 4075 

Test #26
339 737 2123 2583 2902 3377 3793 3951 4075 4138 4178 4192 4284 4295 4298 4300 4469 

Test #27
161 294 339 763 771 833 1224 1551 1782 2033 2123 2168 2173 2213 2243 2318 2381 2396 2469 2640 2657 2828 2859 2902 2932 2965 3001 

Test #28
48 85 161 206 280 285 316 339 359 397 411 429 446 500 606 669 691 718 727 904 960 990 992 1011 1110 1157 1197 1252 1320 1338 1359 1426 1432 1455 1486 1499 1593 1625 1648 1652 1655 1675 1719 1833 1836 

Test #29
154 161 167 257 339 491 763 802 833 2123 2156 2173 2362 2416 2828 2859 2902 2965 2971 3001 3041 3064 3144 3165 3169 3193 3212 3214 3221 3227 3251 3260 3302 3315 3316 

Test #30
4298 4363 4405 4561 4721 4724 4783 4791 5101 5131 5139 5170 5196 5208 5230 5253 5256 5281 5324 5352 5354 

Test #31
46 115 161 316 339 397 446 456 470 763 833 1110 1432 1455 1625 1674 1782 1836 1844 2033 2123 2168 2213 2226 2243 2318 2345 2350 2381 2396 2453 2469 2507 2619 

Test #32
161 339 564 763 802 833 1224 1400 1782 2123 2173 2362 2416 2640 2828 2859 2902 2965 2971 3001 3041 3064 3144 3165 3169 3214 3221 3227 3251 3260 

Test #33
54 85 161 165 185 206 229 266 268 316 332 339 359 368 411 429 446 469 500 517 606 613 669 718 727 797 904 941 990 992 1110 1157 1197 1235 1320 1351 1359 1404 1474 1486 1499 

Test #34
339 737 1959 2123 2287 2583 2902 2923 3081 3193 3224 3531 3584 3773 3793 3850 3939 3951 3964 3990 4010 4030 4069 4075 4079 4118 4121 

Test #35
737 2123 2520 2902 3513 3951 4075 4192 4295 4298 4300 4370 4469 4488 4558 4566 

Test #36
4290 4363 4561 4721 4791 5127 5131 5170 5208 5230 5256 5281 5324 5354 5443 5508 

Test #37
46 115 161 316 339 382 397 446 456 470 691 763 833 1110 1338 1432 1455 1625 1674 1719 1782 1836 1844 2033 2049 2123 2168 2213 2226 2243 2318 2344 2345 2346 2350 2381 2396 2427 2453 2507 

Test #38
155 161 339 491 517 667 833 841 956 1832 1844 2123 2497 2557 2859 2902 2971 3169 3193 3212 3316 3339 3458 3547 3584 3588 3597 3614 

Test #39
161 294 339 763 833 1224 1551 1782 2123 2168 2173 2243 2318 2381 2396 2469 2640 2657 2828 2859 2902 2932 2965 3001 3041 3064 

Test #40
155 161 339 491 517 667 833 841 956 1832 1945 2123 2156 2497 2557 2859 2902 2965 2971 3169 3193 3212 3214 3221 3316 3339 3458 3547 3584 3597 

Test #41
4290 4298 4363 4405 4561 4721 4724 4791 5127 5131 5170 5208 5230 5253 5256 5281 5324 5354 5443 

Test #42
545 737 2123 2520 2772 2902 3513 3566 3718 3951 4192 4193 4295 4298 4300 4370 4469 4488 4558 4566 4646 4652 4686 4696 

Test #43
2123 3235 3666 3718 3746 4298 4488 4721 4724 4783 4791 4901 4905 4941 4947 4964 5027 5037 5057 5101 5126 5135 5139 

Test #44
54 85 161 165 185 206 229 266 268 316 332 339 359 368 411 429 446 469 500 517 606 613 669 718 727 797 904 941 990 992 1110 1157 1197 1235 1320 1351 1359 1404 1474 1486 1499 

Test #45
339 1959 2123 2286 2287 2596 2635 2902 3081 3193 3433 3458 3515 3531 3584 3588 3737 3773 3793 3850 3931 3939 3951 3964 3990 4010 4030 

Test #46
85 161 165 196 206 229 268 280 285 316 339 359 368 411 429 446 469 500 517 606 669 718 727 904 941 960 990 992 1011 1110 1157 1197 1235 1320 1351 1359 1426 1474 1486 1499 1648 1652 1655 1675 1719 

Test #47
339 1959 2123 2287 2583 2596 2902 2923 3081 3193 3224 3433 3458 3531 3584 3588 3737 3773 3793 3850 3931 3939 3951 3964 3990 4010 4030 4069 4075 

Test #48
545 2123 2772 2939 3235 3718 3746 4298 4504 4505 4681 4721 4724 4791 4794 4828 4845 4886 4901 4905 4935 4959 4964 

Test #49
155 161 339 491 517 667 833 841 956 1832 1945 2123 2156 2497 2557 2859 2902 2965 2971 3169 3193 3212 3214 3221 3316 3339 3458 3547 3584 3597 

Test #50
155 161 339 491 517 833 956 1832 1844 2105 2123 2497 2557 2859 2902 3169 3193 3339 3458 3547 3565 3584 3588 3614 3657 3672 

Test #51
339 737 2123 2287 2583 2902 3081 3139 3224 3531 3584 3773 3793 3850 3951 3964 3990 4069 4075 4079 4118 4121 4170 4192 

Test #52
155 161 339 491 517 667 833 841 956 1832 1844 2123 2497 2557 2859 2902 2971 3169 3193 3212 3316 3339 3458 3547 3584 3588 3597 3614 

Test #53
51 161 280 316 339 382 397 446 691 718 763 833 990 1110 1197 1252 1320 1338 1432 1455 1540 1625 1719 1782 1836 1844 2019 2033 2049 2110 2123 2168 2213 2226 2241 2243 2345 2346 2350 

Test #54
155 161 339 491 517 833 956 1832 1844 2105 2123 2497 2557 2859 2902 3169 3193 3339 3458 3547 3565 3584 3588 3614 3657 3672 

Test #55
3235 3666 3746 4298 4488 4721 4724 4783 4791 4901 4941 4947 4964 5027 5057 5069 5101 5126 5131 5135 5139 5170 5196 5203 5208 5230 

Test #56
545 737 2123 2520 2772 2902 3513 3566 3718 3951 4192 4193 4295 4298 4300 4370 4469 4488 4558 4566 4646 4652 4686 4696 

Test #57
46 115 161 316 339 397 446 456 470 691 763 833 1110 1338 1432 1455 1625 1674 1782 1836 1844 2033 2049 2123 2168 2213 2226 2243 2318 2344 2345 2346 2350 2381 2396 2427 2453 2469 2507 2528 

Test #58
46 115 161 316 339 412 446 456 470 763 833 1110 1432 1455 1625 1782 1836 1844 2033 2123 2168 2193 2213 2226 2243 2318 2345 2350 2381 2396 2453 2469 2507 2619 2640 2667 

Test #59
545 2123 2772 2939 3718 3746 4193 4298 4505 4681 4721 4724 4760 4791 4794 4828 4886 4905 

Test #60
339 737 2123 2287 2583 2902 3081 3139 3193 3224 3531 3584 3773 3793 3850 3951 3964 3990 4010 4030 4069 4075 4079 4118 4121 4167 4170 4192 

Test #61
46 115 161 316 339 382 397 446 456 470 691 763 833 1110 1338 1432 1455 1625 1674 1719 1782 1836 1844 2033 2049 2123 2168 2213 2226 2243 2318 2344 2345 2346 2350 2381 2396 2427 2453 2507 

Test #62
48 85 161 206 280 285 316 339 397 411 429 446 500 606 638 669 691 718 727 904 960 990 992 1011 1110 1157 1197 1252 1320 1338 1359 1432 1455 1486 1499 1593 1625 1648 1655 1675 1719 1782 1833 1836 

Test #63
48 85 161 206 280 285 316 339 397 411 429 446 500 606 638 669 691 718 727 904 960 990 992 1011 1110 1157 1197 1252 1320 1338 1359 1432 1455 1486 1499 1593 1625 1648 1655 1675 1719 1782 1833 1836 

Test #64
46 161 316 339 345 382 397 446 691 763 833 1110 1197 1252 1320 1338 1432 1455 1540 1625 1719 1782 1836 1844 2019 2033 2049 2110 2123 2168 2213 2226 2241 2243 2318 2344 2345 2346 2350 2381 2383 2396 2427 

Test #65
339 737 2123 2583 2902 3377 3773 3793 3951 4075 4138 4178 4192 4284 4295 4298 4300 

Test #66
545 737 2123 2520 2772 2902 3566 3718 4192 4193 4295 4298 4300 4370 4469 4652 4681 4696 4721 4724 4760 4794 

Test #67
46 51 161 316 339 382 397 446 691 718 763 833 1110 1197 1252 1320 1338 1432 1455 1540 1625 1719 1782 1836 1844 2019 2033 2049 2110 2123 2168 2213 2226 2241 2243 2344 2345 2346 2350 2383 2396 

Test #68
3235 3666 4298 4488 4721 4724 4783 4791 4868 4947 4964 5057 5069 5101 5126 5131 5135 5139 5170 5196 5208 5230 5256 5262 5281 5291 

Test #69
46 161 339 392 412 763 833 1224 1455 1782 1836 1844 2033 2123 2168 2193 2213 2226 2243 2318 2345 2381 2396 2407 2469 2507 2619 2629 2640 2657 2667 2697 2747 2753 

Test #70
339 517 956 1832 1844 2105 2123 2286 2497 2902 3157 3193 3339 3458 3560 3565 3584 3588 3614 3657 3672 3747 3751 

Test #71
161 339 491 564 763 802 833 1400 1782 2123 2173 2362 2416 2828 2859 2902 2965 2971 3001 3041 3064 3144 3165 3169 3212 3214 3221 3227 3251 3260 3302 3315 3316 

Test #72
46 115 161 316 339 412 446 456 470 763 833 1110 1432 1455 1625 1782 1836 1844 2033 2123 2168 2193 2213 2226 2243 2318 2345 2350 2381 2396 2453 2469 2507 2619 2640 2667 

Test #73
46 161 339 392 412 763 833 1224 1455 1782 1836 1844 2033 2123 2168 2193 2213 2226 2243 2318 2345 2381 2396 2407 2469 2507 2619 2629 2640 2657 2667 2697 2747 2753 

Test #74
46 161 339 392 763 833 1224 1455 1782 1836 1844 2033 2123 2168 2193 2213 2226 2243 2318 2345 2381 2396 2407 2469 2507 2629 2640 2657 2667 2697 2747 2753 

Test #75
46 115 161 316 339 397 446 456 470 691 763 833 1110 1432 1455 1625 1674 1782 1836 1844 2033 2123 2168 2213 2226 2243 2318 2344 2345 2346 2350 2381 2396 2453 2469 2507 

Test #76
3235 3666 3718 3746 4298 4488 4721 4724 4783 4791 4901 4905 4941 4947 4964 5027 5057 5101 5126 5135 5139 5196 

Test #77
46 161 339 392 763 833 1224 1455 1782 1836 1844 2033 2123 2168 2193 2213 2226 2243 2318 2345 2381 2396 2407 2469 2507 2629 2640 2657 2667 2697 2747 2753 

Test #78
545 2123 3235 3718 3746 4298 4488 4681 4721 4724 4791 4845 4886 4901 4905 4935 4941 4947 4964 5027 5037 5057 5078 

Test #79
737 2123 2520 2902 3513 3793 3951 3986 4075 4192 4295 4298 4300 4370 4469 4488 4558 4566 

Test #80
545 737 2123 2520 2772 2902 3513 3566 3718 3951 4192 4193 4295 4298 4300 4370 4469 4488 4558 4566 4646 4652 4686 4696 

Test #81
161 294 339 763 833 1224 1551 1782 2123 2168 2173 2243 2318 2381 2396 2469 2640 2657 2828 2859 2902 2932 2965 3001 3041 3064 

Test #82
161 339 763 802 833 1224 1400 1782 2123 2173 2640 2828 2859 2902 2965 3001 3041 3064 3144 3165 

Test #83
46 161 339 392 412 446 763 833 1455 1625 1782 1836 1844 2033 2123 2168 2193 2213 2226 2243 2318 2345 2381 2396 2407 2469 2507 2619 2640 2657 2667 2697 2753 

Test #84
161 339 517 833 956 1832 1844 2105 2123 2497 2859 2902 3193 3339 3458 3560 3565 3584 3588 3614 3657 3672 

Test #85
2123 3235 3666 3718 3746 4298 4488 4721 4724 4783 4791 4901 4905 4941 4947 4964 5027 5037 5057 5101 5126 5135 5139 

Test #86
51 161 280 316 339 397 446 691 718 763 833 990 1110 1197 1252 1320 1338 1432 1455 1540 1625 1719 1782 1836 1844 2033 2049 2075 2110 2123 2168 2213 2226 2241 

Test #87
46 161 339 392 763 833 1224 1455 1782 1836 1844 2033 2123 2168 2193 2213 2226 2243 2318 2345 2381 2396 2407 2469 2507 2629 2640 2657 2667 2697 2747 2753 

Test #88
81 161 280 285 316 339 397 446 591 638 691 718 763 833 990 1011 1110 1197 1252 1261 1320 1338 1432 1455 1499 1625 1626 1641 1719 1739 1782 1836 1844 1917 1950 1969 2033 2072 2110 

Test #89
154 161 167 257 339 491 763 802 833 2123 2156 2173 2362 2416 2828 2859 2902 2965 2971 3001 3041 3064 3144 3165 3169 3193 3212 3214 3221 3227 3251 3260 3302 3315 3316 

Test #90
81 161 280 285 316 339 397 446 591 638 691 718 763 833 990 1011 1110 1197 1252 1261 1320 1338 1432 1455 1499 1625 1626 1641 1719 1739 1782 1836 1844 1917 1950 1969 2033 2072 2110 

Test #91
545 737 2123 2520 2902 3513 3718 3951 4177 4192 4295 4298 4300 4370 4469 4488 4558 4566 4646 4652 

Test #92
339 737 2123 2287 2583 2902 3081 3139 3224 3531 3584 3773 3793 3850 3951 3964 3990 4069 4075 4079 4118 4121 4170 4192 

Test #93
51 161 280 316 339 382 397 446 691 718 763 833 990 1110 1197 1252 1320 1338 1432 1455 1540 1625 1719 1782 1836 1844 2019 2033 2049 2110 2123 2168 2213 2226 2241 2243 2345 2346 2350 

Test #94
545 2123 2772 2902 3566 3718 3746 4192 4193 4298 4505 4681 4721 4724 4760 4794 4828 

Test #95
545 2123 2772 2939 3235 3718 3746 4298 4504 4505 4681 4721 4724 4791 4794 4828 4845 4886 4901 4905 4935 4959 4964 

Test #96
545 2123 3235 3718 3746 4298 4488 4681 4721 4724 4791 4845 4886 4901 4905 4935 4941 4947 4964 5027 5037 5057 5078 

Test #97
339 1959 2123 2287 2583 2596 2902 2923 3081 3193 3224 3433 3458 3531 3584 3588 3737 3773 3793 3850 3931 3939 3951 3964 3990 4010 4030 4069 4075 

Test #98
85 161 165 196 206 229 280 285 316 339 359 368 397 411 429 446 500 606 669 691 718 727 904 941 960 990 992 1011 1110 1157 1197 1252 1320 1338 1351 1359 1426 1455 1486 1499 1593 1648 1652 1655 1675 1719 

Test #99
545 737 2123 2520 2772 2902 3513 3566 3718 3951 4192 4193 4295 4298 4300 4370 4469 4488 4558 4566 4646 4652 4686 4696 

Test #100
2123 3235 3666 3718 3746 4298 4488 4721 4724 4783 4791 4901 4905 4941 4947 4964 5027 5037 5057 5101 5126 5135 5139 

Test #101
339 517 956 1832 1959 2105 2123 2286 2635 2902 3157 3193 3339 3433 3458 3560 3565 3584 3588 3657 3672 3737 3747 3751 3773 3793 3829 

Test #102
46 51 161 316 339 382 397 446 691 718 763 833 1110 1197 1252 1320 1338 1432 1455 1540 1625 1719 1782 1836 1844 2019 2033 2049 2110 2123 2168 2213 2226 2241 2243 2344 2345 2346 2350 2383 2396 

Test #103
81 161 280 285 316 339 397 446 638 691 718 763 833 990 1011 1110 1197 1252 1320 1338 1432 1455 1625 1719 1739 1782 1836 1844 1969 2033 2075 2110 2123 2187 2213 2226 

Test #104
545 2123 2939 3235 3718 3746 4298 4681 4721 4724 4791 4794 4828 4845 4886 4901 4905 4935 4964 5027 5037 

Test #105
155 161 339 491 667 833 956 1832 1945 2123 2156 2497 2557 2828 2859 2902 2965 2971 3169 3193 3212 3214 3221 3260 3302 3316 3339 3391 3458 

Test #106
161 339 564 763 802 833 1224 1400 1782 2123 2173 2362 2640 2828 2859 2902 2965 3001 3041 3064 3144 3165 3214 3221 3227 

Test #107
737 2123 2520 2902 3513 3951 4075 4192 4295 4298 4300 4370 4469 4488 4558 4566 

Test #108
545 737 2123 2520 2772 2902 3513 3566 3718 3951 4192 4193 4295 4298 4300 4370 4469 4488 4558 4566 4646 4652 4686 4696 

Test #109
46 115 161 316 339 397 446 456 470 763 833 1110 1432 1455 1625 1674 1782 1836 1844 2033 2123 2168 2213 2226 2243 2318 2345 2350 2381 2396 2453 2469 2507 2619 

Test #110
155 161 339 491 517 667 833 841 956 1832 1945 2123 2156 2497 2557 2859 2902 2965 2971 3169 3193 3212 3214 3221 3316 3339 3458 3547 3584 3597 

Test #111
339 517 956 1832 1959 2105 2123 2286 2635 2902 3157 3193 3339 3433 3458 3560 3565 3584 3588 3657 3672 3737 3747 3751 3773 3793 3829 

Test #112
339 517 1959 2123 2286 2287 2596 2635 2902 3081 3193 3433 3458 3515 3584 3588 3737 3773 3793 3850 3906 3931 3939 3951 3964 3990 

Test #113
545 2123 3235 3718 3746 4298 4488 4681 4721 4724 4791 4845 4886 4901 4905 4935 4941 4947 4964 5027 5037 5057 5078 

Test #114
545 2123 2772 2902 3566 3718 3746 4192 4193 4298 4505 4681 4721 4724 4760 4794 4828 

Test #115
81 161 280 285 316 339 397 446 591 638 691 718 763 833 990 1011 1110 1197 1252 1261 1320 1338 1432 1455 1499 1625 1626 1641 1719 1739 1782 1836 1844 1917 1950 1969 2033 2072 2110 

Test #116
737 2123 2520 2902 3513 3951 4075 4192 4295 4298 4300 4370 4469 4488 4558 4566 

Test #117
4363 4561 5127 5208 5256 5354 5443 5508 

Test #118
161 339 564 763 802 833 1224 1400 1782 2123 2173 2362 2640 2828 2859 2902 2965 3001 3041 3064 3144 3165 3214 3221 3227 

Test #119
2123 3235 3718 3746 4298 4488 4681 4721 4724 4791 4845 4901 4905 4941 4947 4964 5027 5037 5057 5078 5101 

Test #120
161 339 491 564 763 802 833 1400 1782 2123 2173 2362 2416 2828 2859 2902 2965 2971 3001 3041 3064 3144 3165 3169 3212 3214 3221 3227 3251 3260 3302 3315 3316 

Test #121
161 339 517 833 956 1832 1844 2105 2123 2497 2859 2902 3193 3339 3458 3560 3565 3584 3588 3614 3657 3672 

Test #122
339 1959 2123 2287 2583 2902 2923 3081 3193 3224 3458 3531 3584 3588 3737 3773 3793 3850 3931 3939 3951 3964 3990 4010 4030 4069 4075 4118 

Test #123
48 85 161 206 280 285 316 339 397 411 429 446 500 606 638 669 691 718 727 904 960 990 992 1011 1110 1157 1197 1252 1320 1338 1359 1432 1455 1486 1499 1593 1625 1648 1655 1675 1719 1782 1833 1836 

Test #124
339 737 2123 2583 2902 3377 3531 3773 3793 3951 4075 4121 4170 4178 4192 4263 4284 4295 4298 4300 

Test #125
154 161 167 257 339 491 667 763 802 833 2123 2156 2173 2362 2416 2828 2859 2902 2965 2971 3001 3064 3144 3169 3193 3212 3214 3221 3251 3260 3302 3315 3316 3391 3396 

Test #126
3235 3666 3746 4298 4488 4721 4724 4783 4791 4901 4941 4947 4964 5027 5057 5069 5101 5126 5131 5135 5139 5170 5196 5203 5208 5230 

Test #127
339 517 956 1959 2105 2123 2286 2600 2635 2902 2918 3193 3339 3433 3458 3515 3560 3565 3584 3588 3657 3737 3747 3751 3773 3793 3829 3850 

Test #128
48 85 161 206 280 285 316 339 359 397 411 429 446 500 606 669 691 718 727 904 960 990 992 1011 1110 1157 1197 1252 1320 1338 1359 1426 1432 1455 1486 1499 1593 1625 1648 1652 1655 1675 1719 1833 1836 

Test #129
3235 3666 4298 4488 4721 4724 4783 4791 4868 4947 4964 5057 5069 5101 5126 5131 5135 5139 5170 5196 5208 5230 5256 5262 5281 5291 

Test #130
161 294 339 763 771 833 1224 1551 1782 2033 2123 2168 2173 2213 2243 2318 2381 2396 2469 2640 2657 2828 2859 2902 2932 2965 3001 

Test #131
3235 4298 4488 4721 4724 4783 4791 4868 5057 5101 5126 5131 5135 5139 5170 5196 5208 5230 5253 5256 5281 5291 5324 5352 5354 

Test #132
155 161 339 491 667 833 956 1832 1945 2123 2156 2497 2557 2828 2859 2902 2965 2971 3169 3193 3212 3214 3221 3260 3302 3316 3339 3391 3458 

Test #133
339 517 956 1832 1844 2105 2123 2286 2902 3157 3193 3339 3433 3458 3560 3565 3584 3588 3657 3672 3747 3751 3773 3793 

Test #134
48 161 206 280 285 316 339 382 397 411 429 446 500 638 691 718 763 904 960 990 1011 1110 1197 1252 1261 1320 1338 1359 1432 1455 1499 1593 1625 1626 1641 1675 1719 1782 1833 1836 1844 1908 1917 1952 

Test #135
161 294 339 763 771 833 1224 1551 1782 1844 2033 2123 2168 2193 2213 2226 2243 2318 2381 2396 2469 2629 2640 2657 2667 2697 2747 2753 2828 2859 2902 2932 2933 

Test #136
85 161 165 196 206 229 268 280 285 316 339 359 368 411 429 446 469 500 517 606 669 718 727 904 941 960 990 992 1011 1110 1157 1197 1235 1320 1351 1359 1426 1474 1486 1499 1648 1652 1655 1675 1719 

Test #137
154 155 161 339 491 667 668 833 956 2123 2156 2362 2497 2828 2859 2902 2965 2971 3169 3193 3212 3214 3221 3251 3260 3302 3315 3316 3339 3391 3404 3458 

Test #138
48 161 280 285 316 339 382 397 411 429 446 500 591 638 691 718 763 833 904 990 1011 1110 1197 1252 1261 1320 1338 1432 1455 1499 1625 1626 1641 1675 1719 1782 1836 1844 1908 1917 1950 1952 1969 

Test #139
545 737 2123 2520 2772 2902 3513 3566 3718 3951 4192 4193 4295 4298 4300 4370 4469 4488 4558 4566 4646 4652 4686 4696 

Test #140
339 737 2123 2583 2902 3377 3531 3773 3793 3951 4075 4121 4170 4178 4192 4263 4284 4295 4298 4300 

Test #141
339 517 956 1959 2105 2123 2286 2600 2635 2902 2918 3193 3339 3433 3458 3515 3560 3565 3584 3588 3657 3737 3747 3751 3773 3793 3829 3850 

Test #142
161 294 339 763 771 833 1224 1551 1782 1844 2033 2123 2168 2193 2213 2226 2243 2318 2381 2396 2469 2629 2640 2657 2667 2697 2747 2753 2828 2859 2902 2932 2933 

Test #143
46 161 339 392 412 763 833 1224 1455 1782 1836 1844 2033 2123 2168 2193 2213 2226 2243 2318 2345 2381 2396 2407 2469 2507 2619 2629 2640 2657 2667 2697 2747 2753 

Test #144
154 161 167 257 339 491 763 802 833 2123 2156 2173 2362 2416 2828 2859 2902 2965 2971 3001 3041 3064 3144 3165 3169 3193 3212 3214 3221 3227 3251 3260 3302 3315 3316 

Test #145
81 161 280 285 316 339 397 446 591 638 691 718 763 833 990 1011 1110 1197 1252 1320 1338 1432 1455 1625 1719 1739 1782 1836 1844 1917 1924 1950 1969 2033 2075 2110 2123 

Test #146
161 339 564 763 802 833 1224 1400 1782 2123 2173 2362 2416 2640 2828 2859 2902 2965 2971 3001 3041 3064 3144 3165 3169 3214 3221 3227 3251 3260 

Test #147
46 51 161 316 339 382 397 446 691 718 763 833 1110 1197 1252 1320 1338 1432 1455 1540 1625 1719 1782 1836 1844 2019 2033 2049 2110 2123 2168 2213 2226 2241 2243 2344 2345 2346 2350 2383 2396 

Test #148
81 161 280 285 316 339 397 446 591 638 691 718 763 833 990 1011 1110 1197 1252 1261 1320 1338 1432 1455 1499 1625 1626 1641 1719 1739 1782 1836 1844 1917 1950 1969 2033 2072 2110 

Test #149
545 737 2123 2520 2772 2902 3566 3718 4192 4193 4295 4298 4300 4370 4469 4652 4681 4696 4721 4724 4760 4794 

Test #150
48 85 161 206 280 285 316 339 359 397 411 429 446 500 606 669 691 718 727 904 960 990 992 1011 1110 1157 1197 1252 1320 1338 1359 1426 1432 1455 1486 1499 1593 1625 1648 1652 1655 1675 1719 1833 1836 

Test #151
161 339 517 833 956 1832 1844 2105 2123 2497 2859 2902 3193 3339 3458 3560 3565 3584 3588 3614 3657 3672 

Test #152
46 161 339 392 763 833 1224 1455 1782 1844 2033 2123 2168 2193 2213 2226 2243 2318 2345 2381 2396 2469 2507 2629 2640 2657 2667 2697 2747 2753 2859 

Test #153
339 737 2123 2575 2583 2902 3531 3773 3793 3951 4075 4121 4170 4178 4192 4263 4284 4298 4300 

Test #154
339 517 956 1959 2105 2123 2286 2600 2635 2902 2918 3193 3339 3433 3458 3515 3560 3565 3584 3588 3657 3737 3747 3751 3773 3793 3829 3850 

Test #155
85 161 165 185 196 206 229 266 268 316 332 339 359 368 411 429 446 469 500 517 606 613 669 718 727 797 904 941 960 990 992 1011 1110 1157 1197 1235 1320 1351 1359 1426 1474 1486 1499 1648 1652 1655 1675 

Test #156
161 280 285 316 339 382 397 446 591 638 691 718 763 833 990 1011 1110 1197 1252 1261 1320 1338 1432 1455 1499 1625 1626 1641 1719 1739 1782 1836 1844 1917 1950 1952 1969 2006 2033 2072 

Test #157
154 155 161 339 491 667 668 833 956 2123 2156 2362 2497 2828 2859 2902 2965 2971 3169 3193 3212 3214 3221 3251 3260 3302 3315 3316 3339 3391 3404 3458 

Test #158
339 517 956 1832 1959 2105 2123 2286 2635 2902 3157 3193 3339 3433 3458 3560 3565 3584 3588 3657 3672 3737 3747 3751 3773 3793 3829 

Test #159
81 161 280 285 316 339 397 446 638 691 718 763 833 990 1011 1110 1197 1252 1320 1338 1432 1455 1625 1719 1739 1782 1836 1844 1917 1924 1969 2033 2075 2110 2123 2187 

Test #160
161 339 763 802 833 1224 1551 1782 2123 2173 2318 2381 2396 2640 2828 2859 2902 2932 2965 3001 3041 3064 

Test #161
3235 3666 3746 4298 4488 4721 4724 4783 4791 4901 4941 4947 4964 5027 5057 5069 5101 5126 5131 5135 5139 5170 5196 5203 5208 5230 

Test #162
48 161 280 285 316 339 382 397 411 429 446 500 591 638 691 718 763 833 904 990 1011 1110 1197 1252 1261 1320 1338 1432 1455 1499 1625 1626 1641 1675 1719 1782 1836 1844 1908 1917 1950 1952 1969 

Test #163
545 2123 2772 2939 3235 3718 3746 4298 4504 4505 4681 4721 4724 4791 4794 4828 4845 4886 4901 4905 4935 4959 4964 

Test #164
154 161 167 257 339 491 763 802 833 2123 2156 2173 2362 2416 2828 2859 2902 2965 2971 3001 3041 3064 3144 3165 3169 3193 3212 3214 3221 3227 3251 3260 3302 3315 3316 

Test #165
81 161 280 285 316 339 397 446 638 691 718 763 833 990 1011 1110 1197 1252 1320 1338 1432 1455 1625 1719 1739 1782 1836 1844 1969 2033 2075 2110 2123 2187 2213 2226 

Test #166
51 81 161 280 285 316 339 397 446 638 691 718 763 833 990 1110 1197 1252 1320 1338 1432 1455 1540 1625 1719 1782 1836 1844 1969 2033 2049 2075 2110 2123 2168 2187 2213 2226 2241 

Test #167
154 161 167 257 339 491 763 802 833 2123 2156 2173 2362 2416 2828 2859 2902 2965 2971 3001 3041 3064 3144 3165 3169 3193 3212 3214 3221 3227 3251 3260 3302 3315 3316 

Test #168
339 517 1959 2123 2286 2287 2596 2635 2902 3081 3193 3433 3458 3515 3584 3588 3737 3773 3793 3850 3906 3931 3939 3951 3964 3990 

Test #169
46 115 161 316 339 412 446 456 470 763 833 1110 1432 1455 1625 1782 1836 1844 2033 2123 2168 2193 2213 2226 2243 2318 2345 2350 2381 2396 2453 2469 2507 2619 2640 2667 

Test #170
46 51 161 316 339 382 397 446 691 718 763 833 1110 1197 1252 1320 1338 1432 1455 1540 1625 1719 1782 1836 1844 2019 2033 2049 2110 2123 2168 2213 2226 2241 2243 2344 2345 2346 2350 2383 2396 

Test #171
46 161 339 392 412 763 833 1224 1455 1782 1836 1844 2033 2123 2168 2193 2213 2226 2243 2318 2345 2381 2396 2407 2469 2507 2619 2629 2640 2657 2667 2697 2747 2753 

Test #172
545 2123 2772 2902 3566 3718 3746 4192 4193 4298 4505 4652 4681 4696 4721 4724 4760 4794 4828 

Test #173
155 161 339 491 517 667 833 841 956 1832 1844 2123 2497 2557 2859 2902 2971 3169 3193 3212 3316 3339 3458 3547 3584 3588 3597 3614 

Test #174
339 517 1959 2105 2123 2286 2596 2635 2902 2918 3193 3433 3458 3515 3560 3565 3584 3588 3737 3747 3773 3793 3829 3850 3906 3931 3939 3946 3951 

Test #175
46 115 161 316 339 397 446 456 470 763 833 1110 1432 1455 1625 1674 1782 1836 1844 2033 2123 2168 2213 2226 2243 2318 2345 2350 2381 2396 2453 2469 2507 2619 

Test #176
339 737 1959 2123 2287 2583 2902 2923 3081 3193 3224 3531 3584 3773 3793 3850 3939 3951 3964 3990 4010 4030 4069 4075 4079 4118 4121 

Test #177
4290 4363 4561 4721 4791 5127 5131 5170 5208 5230 5256 5281 5324 5354 5443 5508 

Test #178
161 339 491 564 763 802 833 1400 1782 2123 2173 2362 2416 2828 2859 2902 2965 2971 3001 3041 3064 3144 3165 3169 3212 3214 3221 3227 3251 3260 3302 3315 3316 

Test #179
737 2123 2902 3377 3513 3793 3951 4075 4138 4178 4192 4284 4295 4298 4300 4370 4469 4488 4558 

Test #180
545 737 2123 2520 2772 2902 3513 3566 3718 3951 4192 4193 4295 4298 4300 4370 4469 4488 4558 4566 4646 4652 4686 4696 

Test #181
155 161 339 491 517 667 833 841 956 1832 1945 2123 2156 2497 2557 2859 2902 2965 2971 3169 3193 3212 3214 3221 3260 3316 3339 3458 3547 

Test #182
46 115 161 316 339 397 446 456 470 691 763 833 1110 1432 1455 1625 1674 1782 1836 1844 2033 2123 2168 2213 2226 2243 2318 2344 2345 2346 2350 2381 2396 2453 2469 2507 

Test #183
48 161 280 285 316 339 382 397 411 429 446 500 591 638 691 718 763 833 904 990 1011 1110 1197 1252 1261 1320 1338 1432 1455 1499 1625 1626 1641 1675 1719 1782 1836 1844 1908 1917 1950 1952 1969 

Test #184
81 161 280 285 316 339 397 446 638 691 718 763 833 990 1011 1110 1197 1252 1320 1338 1432 1455 1625 1719 1739 1782 1836 1844 1969 2033 2075 2110 2123 2187 2213 2226 

Test #185
545 737 2123 2520 2772 2902 3566 3718 4192 4193 4295 4298 4300 4370 4469 4652 4681 4696 4721 4724 4760 4794 

Test #186
48 161 206 280 285 316 339 382 397 411 429 446 500 638 691 718 763 904 960 990 1011 1110 1197 1252 1261 1320 1338 1359 1432 1455 1499 1593 1625 1626 1641 1675 1719 1782 1833 1836 1844 1908 1917 1952 

Test #187
46 115 161 316 339 412 446 456 470 763 833 1110 1432 1455 1625 1782 1836 1844 2033 2123 2168 2193 2213 2226 2243 2318 2345 2350 2381 2396 2453 2469 2507 2619 2640 2667 

Test #188
46 115 161 316 339 397 446 456 470 691 763 833 1110 1432 1455 1625 1674 1782 1836 1844 2033 2123 2168 2213 2226 2243 2318 2344 2345 2346 2350 2381 2396 2453 2469 2507 

Test #189
339 737 2123 2287 2583 2902 3081 3139 3193 3224 3531 3584 3773 3793 3850 3951 3964 3990 4010 4030 4069 4075 4079 4118 4121 4167 4170 4192 

Test #190
161 339 564 763 802 833 1224 1400 1782 2123 2173 2362 2416 2640 2828 2859 2902 2965 2971 3001 3041 3064 3144 3165 3169 3214 3221 3227 3251 3260 

Test #191
339 517 1959 2123 2286 2287 2596 2635 2902 3081 3193 3433 3458 3515 3584 3588 3737 3773 3793 3850 3906 3931 3939 3951 3964 3990 

Test #192
339 517 956 1832 1844 2105 2123 2286 2497 2902 3157 3193 3339 3458 3560 3565 3584 3588 3614 3657 3672 3747 3751 

Test #193
155 161 339 491 517 667 833 841 956 1832 1945 2123 2156 2497 2557 2859 2902 2965 2971 3169 3193 3212 3214 3221 3260 3316 3339 3458 3547 

Test #194
154 161 339 491 667 668 833 2123 2156 2173 2362 2497 2828 2859 2902 2965 2971 3001 3144 3169 3193 3212 3214 3221 3251 3260 3302 3315 3316 3391 3396 3404 

Test #195
4298 4363 4405 4561 4721 4724 4783 4791 5101 5131 5139 5170 5196 5208 5230 5253 5256 5281 5324 5352 5354 

Test #196
339 1959 2123 2287 2583 2596 2902 2923 3081 3193 3224 3433 3458 3531 3584 3588 3737 3773 3793 3850 3931 3939 3951 3964 3990 4010 4030 4069 4075 

Test #197
339 517 1959 2123 2286 2287 2596 2635 2902 3081 3193 3433 3458 3515 3584 3588 3737 3773 3793 3850 3906 3931 3939 3951 3964 3990 

Test #198
161 339 763 802 833 1224 1551 1782 2123 2173 2318 2381 2396 2640 2828 2859 2902 2932 2965 3001 3041 3064 

Test #199
46 161 316 339 345 382 397 446 456 691 763 833 1110 1252 1338 1432 1455 1540 1625 1674 1719 1782 1836 1844 2033 2049 2123 2168 2213 2226 2241 2243 2318 2344 2345 2346 2350 2381 2396 2427 2453 

Test #200
545 2123 2939 3235 3718 3746 4298 4681 4721 4724 4791 4794 4828 4845 4886 4901 4905 4935 4964 5027 5037 

Test #201
339 517 1959 2105 2123 2286 2596 2600 2635 2902 2918 3193 3433 3458 3515 3560 3565 3584 3588 3657 3737 3747 3773 3793 3829 3850 3906 

Test #202
155 161 339 491 517 667 833 841 956 1832 1844 2123 2497 2557 2859 2902 2971 3169 3193 3212 3316 3339 3458 3547 3584 3588 3597 3614 

Test #203
339 737 2123 2287 2583 2902 3081 3139 3224 3531 3584 3773 3793 3850 3951 3964 3990 4069 4075 4079 4118 4121 4170 4192 

Test #204
48 161 206 280 285 316 339 382 397 411 429 446 500 638 691 718 763 904 960 990 1011 1110 1197 1252 1261 1320 1338 1359 1432 1455 1499 1593 1625 1626 1641 1675 1719 1782 1833 1836 1844 1908 1917 1952 

Test #205
48 161 280 285 316 339 382 397 411 429 446 500 591 638 691 718 763 833 904 990 1011 1110 1197 1252 1261 1320 1338 1432 1455 1499 1625 1626 1641 1675 1719 1782 1836 1844 1908 1917 1950 1952 1969 

Test #206
3235 3666 3746 4298 4488 4721 4724 4783 4791 4901 4941 4947 4964 5027 5057 5069 5101 5126 5131 5135 5139 5170 5196 5203 5208 5230 

Test #207
339 737 2123 2583 2902 3377 3773 3793 3951 4075 4138 4178 4192 4284 4295 4298 4300 

Test #208
48 85 161 206 280 285 316 339 359 397 411 429 446 500 606 669 691 718 727 904 960 990 992 1011 1110 1157 1197 1252 1320 1338 1359 1426 1432 1455 1486 1499 1593 1625 1648 1652 1655 1675 1719 1833 1836 

Test #209
161 294 339 763 771 833 1224 1551 1782 1844 2033 2123 2168 2193 2213 2226 2243 2318 2381 2396 2469 2629 2640 2657 2667 2697 2747 2753 2828 2859 2902 2932 2933 

Test #210
154 161 167 257 339 491 667 763 802 833 2123 2156 2173 2362 2416 2828 2859 2902 2965 2971 3001 3064 3144 3169 3193 3212 3214 3221 3251 3260 3302 3315 3316 3391 3396 

Test #211
545 2123 2772 2939 3718 3746 4193 4298 4505 4681 4721 4724 4760 4791 4794 4828 4886 4905 

Test #212
545 737 2123 2520 2772 2902 3566 3718 4192 4193 4295 4298 4300 4370 4469 4652 4681 4696 4721 4724 4760 4794 

Test #213
339 737 2123 2583 2902 3139 3224 3531 3584 3773 3793 3951 4075 4121 4170 4178 4192 4263 4284 4298 4300 

Test #214
3235 3666 3746 4298 4488 4721 4724 4783 4791 4901 4941 4947 4964 5027 5057 5069 5101 5126 5131 5135 5139 5170 5196 5203 5208 5230 

Test #215
3235 4298 4488 4561 4721 4724 4783 4791 4868 5101 5131 5135 5139 5170 5196 5208 5230 5253 5256 5281 5291 5324 5352 5354 

Test #216
154 161 339 491 667 668 833 2123 2156 2173 2362 2497 2828 2859 2902 2965 2971 3001 3144 3169 3193 3212 3214 3221 3251 3260 3302 3315 3316 3391 3396 3404 

Test #217
4363 4561 5127 5208 5256 5354 5443 5508 

Test #218
46 161 316 339 345 382 397 446 691 763 833 1110 1197 1252 1320 1338 1432 1455 1540 1625 1719 1782 1836 1844 2019 2033 2049 2110 2123 2168 2213 2226 2241 2243 2318 2344 2345 2346 2350 2381 2383 2396 2427 

Test #219
339 737 2123 2583 2902 3377 3531 3773 3793 3951 4075 4121 4170 4178 4192 4263 4284 4295 4298 4300 

Test #220
339 1959 2123 2287 2583 2596 2902 2923 3081 3193 3224 3433 3458 3531 3584 3588 3737 3773 3793 3850 3931 3939 3951 3964 3990 4010 4030 4069 4075 

Test #221
339 517 1959 2123 2286 2287 2596 2635 2902 3081 3193 3433 3458 3515 3584 3588 3737 3773 3793 3850 3906 3931 3939 3951 3964 3990 

Test #222
46 161 339 392 412 763 833 1224 1455 1782 1836 1844 2033 2123 2168 2193 2213 2226 2243 2318 2345 2381 2396 2407 2469 2507 2619 2629 2640 2657 2667 2697 2747 2753 

Test #223
51 81 161 280 285 316 339 397 446 638 691 718 763 833 990 1110 1197 1252 1320 1338 1432 1455 1540 1625 1719 1782 1836 1844 1969 2033 2049 2075 2110 2123 2168 2187 2213 2226 2241 

Test #224
48 85 161 206 280 285 316 339 397 411 429 446 500 606 638 669 691 718 727 904 960 990 992 1011 1110 1157 1197 1252 1320 1338 1359 1432 1455 1486 1499 1593 1625 1648 1655 1675 1719 1782 1833 1836 

Test #225
339 737 2123 2902 3377 3793 3951 4075 4138 4178 4192 4284 4295 4298 4300 4370 4469 

Test #226
48 161 280 285 316 339 382 397 411 446 591 638 691 718 763 833 990 1011 1110 1197 1252 1261 1320 1338 1432 1455 1499 1625 1626 1641 1675 1719 1739 1782 1836 1844 1917 1950 1952 1969 2006 

Test #227
339 737 2123 2287 2583 2902 3081 3139 3224 3531 3584 3773 3793 3850 3951 3964 3990 4069 4075 4079 4118 4121 4170 4192 

Test #228
161 294 339 763 771 833 1224 1551 1782 1844 2033 2123 2168 2193 2213 2226 2243 2318 2381 2396 2469 2629 2640 2657 2667 2697 2747 2753 2828 2859 2902 2932 2933 

Test #229
155 161 339 491 667 833 956 1832 1945 2123 2156 2497 2557 2828 2859 2902 2965 2971 3169 3193 3212 3214 3221 3260 3302 3316 3339 3391 3458 

Test #230
545 2123 3235 3718 3746 4298 4488 4681 4721 4724 4791 4845 4886 4901 4905 4935 4941 4947 4964 5027 5037 5057 5078 

Test #231
51 161 280 316 339 397 446 691 718 763 833 990 1110 1197 1252 1320 1338 1432 1455 1540 1625 1719 1782 1836 1844 2033 2049 2075 2110 2123 2168 2213 2226 2241 

Test #232
48 85 161 206 280 285 316 339 359 397 411 429 446 500 606 669 691 718 727 904 960 990 992 1011 1110 1157 1197 1252 1320 1338 1359 1426 1432 1455 1486 1499 1593 1625 1648 1652 1655 1675 1719 1833 1836 

Test #233
161 294 339 763 771 833 1224 1551 1782 2033 2123 2168 2173 2213 2243 2318 2381 2396 2469 2640 2657 2828 2859 2902 2932 2965 3001 

Test #234
545 2123 2772 2939 3718 3746 4193 4298 4505 4681 4721 4724 4760 4791 4794 4828 4886 4905 

Test #235
81 161 280 285 316 339 397 446 591 638 691 718 763 833 990 1011 1110 1197 1252 1261 1320 1338 1432 1455 1499 1625 1626 1641 1719 1739 1782 1836 1844 1917 1950 1969 2033 2072 2110 

Test #236
154 161 167 257 339 491 667 763 802 833 2123 2156 2173 2362 2416 2828 2859 2902 2965 2971 3001 3064 3144 3169 3193 3212 3214 3221 3251 3260 3302 3315 3316 3391 3396 

Test #237
339 737 2123 2583 2902 3377 3793 3951 4075 4138 4178 4192 4284 4295 4298 4300 4469 

Test #238
545 2123 2772 2939 3718 3746 4193 4298 4505 4681 4721 4724 4760 4791 4794 4828 4886 4905 

Test #239
155 161 339 491 667 833 956 1832 1945 2123 2156 2497 2557 2828 2859 2902 2965 2971 3169 3193 3212 3214 3221 3260 3302 3316 3339 3391 3458 

Test #240
85 161 165 196 206 229 280 285 316 339 359 368 397 411 429 446 500 606 669 691 718 727 904 941 960 990 992 1011 1110 1157 1197 1252 1320 1338 1351 1359 1426 1455 1486 1499 1593 1648 1652 1655 1675 1719 

Test #241
46 115 161 316 339 397 446 456 470 763 833 1110 1432 1455 1625 1674 1782 1836 1844 2033 2123 2168 2213 2226 2243 2318 2345 2350 2381 2396 2453 2469 2507 2619 

Test #242
46 161 339 392 763 833 1224 1455 1782 1836 1844 2033 2123 2168 2193 2213 2226 2243 2318 2345 2381 2396 2407 2469 2507 2629 2640 2657 2667 2697 2747 2753 

Test #243
545 2123 2772 2939 3718 3746 4193 4298 4504 4505 4681 4721 4724 4791 4794 4828 4845 4886 4905 4935 4959 

Test #244
3235 3666 3746 4298 4488 4721 4724 4783 4791 4901 4941 4947 4964 5027 5057 5069 5101 5126 5131 5135 5139 5170 5196 5203 5208 5230 

Test #245
46 51 161 316 339 382 397 446 691 718 763 833 1110 1197 1252 1320 1338 1432 1455 1540 1625 1719 1782 1836 1844 2019 2033 2049 2110 2123 2168 2213 2226 2241 2243 2344 2345 2346 2350 2383 2396 

Test #246
545 737 2123 2520 2772 2902 3513 3566 3718 3951 4192 4193 4295 4298 4300 4370 4469 4488 4558 4566 4646 4652 4686 4696 

Test #247
161 294 339 763 833 1224 1551 1782 2123 2168 2173 2243 2318 2381 2396 2469 2640 2657 2828 2859 2902 2932 2965 3001 3041 3064 

Test #248
46 51 161 316 339 382 397 446 691 718 763 833 1110 1197 1252 1320 1338 1432 1455 1540 1625 1719 1782 1836 1844 2019 2033 2049 2110 2123 2168 2213 2226 2241 2243 2344 2345 2346 2350 2383 2396 

Test #249
4298 4363 4405 4561 4721 4724 4783 4791 5101 5131 5139 5170 5196 5208 5230 5253 5256 5281 5324 5352 5354 

Test #250
85 161 165 196 206 229 280 285 316 339 359 368 397 411 429 446 500 606 669 691 718 727 904 941 960 990 992 1011 1110 1157 1197 1252 1320 1338 1351 1359 1426 1455 1486 1499 1593 1648 1652 1655 1675 1719 

Test #251
545 737 2123 2520 2772 2902 3566 3718 4192 4193 4295 4298 4300 4370 4469 4488 4566 4646 4652 4681 4686 4696 4721 4724 

Test #252
339 517 956 1832 1959 2105 2123 2286 2635 2902 3157 3193 3339 3433 3458 3560 3565 3584 3588 3657 3672 3737 3747 3751 3773 3793 3829 

Test #253
161 294 339 763 771 833 1224 1551 1782 2033 2123 2168 2173 2213 2226 2243 2318 2381 2396 2469 2640 2657 2828 2859 2902 2932 2965 

Test #254
3235 4298 4488 4561 4721 4724 4783 4791 4868 5101 5131 5135 5139 5170 5196 5208 5230 5253 5256 5281 5291 5324 5352 5354 

Test #255
339 517 1959 2123 2286 2287 2596 2635 2902 3081 3193 3433 3458 3515 3584 3588 3737 3773 3793 3850 3906 3931 3939 3951 3964 3990 

Test #256
48 85 161 206 280 285 316 339 359 397 411 429 446 500 606 669 691 718 727 904 960 990 992 1011 1110 1157 1197 1252 1320 1338 1359 1426 1432 1455 1486 1499 1593 1625 1648 1652 1655 1675 1719 1833 1836 

Test #257
48 85 161 206 280 285 316 339 359 397 411 429 446 500 606 669 691 718 727 904 960 990 992 1011 1110 1157 1197 1252 1320 1338 1359 1426 1432 1455 1486 1499 1593 1625 1648 1652 1655 1675 1719 1833 1836 

Test #258
46 115 161 316 339 397 446 456 470 763 833 1110 1432 1455 1625 1674 1782 1836 1844 2033 2123 2168 2213 2226 2243 2318 2345 2350 2381 2396 2453 2469 2507 2619 

Test #259
161 339 763 802 833 1171 1224 1400 1782 2123 2173 2640 2828 2859 2902 2932 2965 3001 3041 3064 3144 

Test #260
155 161 339 491 517 833 956 1832 1844 2105 2123 2497 2557 2859 2902 3169 3193 3339 3458 3547 3565 3584 3588 3614 3657 3672 

Test #261
81 161 280 285 316 339 397 446 591 638 691 718 763 833 990 1011 1110 1197 1252 1261 1320 1338 1432 1455 1499 1625 1626 1641 1719 1739 1782 1836 1844 1917 1950 1969 2033 2072 2110 

Test #262
339 517 956 1959 2105 2123 2286 2600 2635 2902 2918 3193 3339 3433 3458 3515 3560 3565 3584 3588 3657 3737 3747 3751 3773 3793 3829 3850 

Test #263
339 517 956 1832 1844 2105 2123 2286 2902 3157 3193 3339 3433 3458 3560 3565 3584 3588 3657 3672 3747 3751 3773 3793 

Test #264
154 161 339 491 667 668 833 2123 2156 2173 2362 2497 2828 2859 2902 2965 2971 3001 3144 3169 3193 3212 3214 3221 3251 3260 3302 3315 3316 3391 3396 3404 

Test #265
161 339 763 802 833 1224 1551 1782 2123 2173 2318 2381 2396 2640 2828 2859 2902 2932 2965 3001 3041 3064 

Test #266
339 737 2123 2287 2583 2902 3139 3224 3531 3584 3773 3793 3951 3964 3990 4075 4079 4118 4121 4170 4178 4192 4263 

Test #267
2123 3235 3718 3746 4298 4488 4681 4721 4724 4791 4845 4901 4905 4941 4947 4964 5027 5037 5057 5078 5101 

Test #268
48 161 280 285 316 339 382 397 411 446 591 638 691 718 763 833 990 1011 1110 1197 1252 1261 1320 1338 1432 1455 1499 1625 1626 1641 1675 1719 1739 1782 1836 1844 1917 1950 1952 1969 2006 

Test #269
155 161 339 491 667 833 956 1832 1945 2123 2156 2497 2557 2828 2859 2902 2965 2971 3169 3193 3212 3214 3221 3260 3302 3316 3339 3391 3458 

Test #270
161 294 339 763 771 833 1224 1551 1782 2033 2123 2168 2173 2213 2243 2318 2381 2396 2469 2640 2657 2828 2859 2902 2932 2965 3001 

Test #271
81 161 280 285 316 339 397 446 638 691 718 763 833 990 1011 1110 1197 1252 1320 1338 1432 1455 1625 1719 1739 1782 1836 1844 1917 1924 1969 2033 2075 2110 2123 2187 

Test #272
339 737 2123 2583 2902 3377 3793 3951 4075 4138 4178 4192 4284 4295 4298 4300 4469 

Test #273
339 737 2123 2287 2583 2902 3081 3139 3224 3531 3584 3773 3793 3850 3951 3964 3990 4069 4075 4079 4118 4121 4170 4192 

Test #274
4298 4363 4405 4561 4721 4724 4783 4791 5101 5131 5139 5170 5196 5208 5230 5253 5256 5281 5324 5352 5354 

Test #275
339 1959 2123 2286 2287 2596 2635 2902 3081 3193 3433 3458 3515 3531 3584 3588 3737 3773 3793 3850 3931 3939 3951 3964 3990 4010 4030 

Test #276
545 2123 2772 2939 3718 3746 4193 4298 4504 4505 4681 4721 4724 4791 4794 4828 4845 4886 4905 4935 4959 

Test #277
737 2123 2902 3377 3513 3793 3951 4075 4138 4178 4192 4284 4295 4298 4300 4370 4469 4488 4558 

Test #278
4290 4363 4561 4721 4791 5127 5131 5170 5208 5230 5256 5281 5324 5354 5443 5508 

Test #279
85 161 165 196 206 229 268 280 285 316 339 359 368 411 429 446 500 517 606 669 691 718 727 904 941 960 990 992 1011 1110 1157 1197 1235 1252 1320 1338 1351 1359 1426 1474 1486 1499 1648 1652 1655 1675 1719 

Test #280
339 737 2123 2583 2902 3377 3531 3773 3793 3951 4075 4121 4170 4178 4192 4263 4284 4295 4298 4300 

Test #281
85 161 165 196 206 229 268 280 285 316 339 359 368 411 429 446 469 500 517 606 669 718 727 904 941 960 990 992 1011 1110 1157 1197 1235 1320 1351 1359 1426 1474 1486 1499 1648 1652 1655 1675 1719 

Test #282
545 2123 2772 2902 3566 3718 3746 4192 4193 4298 4505 4681 4721 4724 4760 4794 4828 

Test #283
46 115 161 316 339 397 446 456 470 691 763 833 1110 1338 1432 1455 1625 1674 1782 1836 1844 2033 2049 2123 2168 2213 2226 2243 2318 2344 2345 2346 2350 2381 2396 2427 2453 2469 2507 2528 

Test #284
161 294 339 763 771 833 1224 1551 1782 2033 2123 2168 2173 2213 2226 2243 2318 2381 2396 2469 2640 2657 2828 2859 2902 2932 2965 

Test #285
737 2123 2520 2902 3513 3951 4075 4192 4295 4298 4300 4370 4469 4488 4558 4566 

Test #286
545 2123 2772 2939 3718 3746 4193 4298 4505 4681 4721 4724 4760 4791 4794 4828 4886 4905 

Test #287
161 339 564 763 802 833 1224 1400 1782 2123 2173 2362 2640 2828 2859 2902 2965 3001 3041 3064 3144 3165 3214 3221 3227 

Test #288
545 737 2123 2520 2772 2902 3566 3718 4192 4193 4295 4298 4300 4370 4469 4488 4566 4646 4652 4681 4686 4696 4721 4724 

Test #289
48 161 206 280 285 316 339 382 397 411 429 446 500 638 691 718 763 904 960 990 1011 1110 1197 1252 1261 1320 1338 1359 1432 1455 1499 1593 1625 1626 1641 1675 1719 1782 1833 1836 1844 1908 1917 1952 

Test #290
545 737 2123 2520 2772 2902 3566 3718 4192 4193 4295 4298 4300 4370 4469 4488 4566 4646 4652 4681 4686 4696 4721 4724 

Test #291
46 161 339 392 763 833 1224 1455 1782 1836 1844 2033 2123 2168 2193 2213 2226 2243 2318 2345 2381 2396 2407 2469 2507 2629 2640 2657 2667 2697 2747 2753 

Test #292
51 161 280 316 339 382 397 446 691 718 763 833 990 1110 1197 1252 1320 1338 1432 1455 1540 1625 1719 1782 1836 1844 2019 2033 2049 2110 2123 2168 2213 2226 2241 2243 2345 2346 2350 

Test #293
161 294 339 763 771 833 1224 1551 1782 1844 2033 2123 2168 2193 2213 2226 2243 2318 2381 2396 2469 2629 2640 2657 2667 2697 2747 2753 2828 2859 2902 2932 2933 

Test #294
545 2123 2939 3235 3718 3746 4298 4681 4721 4724 4791 4794 4828 4845 4886 4901 4905 4935 4964 5027 5037 

Test #295
339 737 1959 2123 2287 2583 2902 2923 3081 3193 3224 3531 3584 3773 3793 3850 3939 3951 3964 3990 4010 4030 4069 4075 4079 4118 4121 

Test #296
339 737 2123 2583 2902 3377 3531 3773 3793 3951 4075 4121 4170 4178 4192 4263 4284 4295 4298 4300 

Test #297
155 161 339 491 517 667 833 841 956 1832 1844 2123 2497 2557 2859 2902 2971 3169 3193 3212 3316 3339 3458 3547 3584 3588 3597 3614 

Test #298
155 161 339 491 517 833 956 1832 1844 2105 2123 2497 2557 2859 2902 3169 3193 3339 3458 3547 3565 3584 3588 3614 3657 3672 

Test #299
545 737 2123 2520 2772 2902 3566 3718 4192 4193 4295 4298 4300 4370 4469 4652 4681 4696 4721 4724 4760 4794 

Test #300
4290 4298 4363 4405 4561 4721 4724 4791 5127 5131 5170 5208 5230 5253 5256 5281 5324 5354 5443 

Test #301
545 2123 3235 3718 3746 4298 4488 4681 4721 4724 4791 4845 4886 4901 4905 4935 4941 4947 4964 5027 5037 5057 5078 

Test #302
3235 3666 3746 4298 4488 4721 4724 4783 4791 4868 4947 4964 5027 5057 5069 5101 5126 5131 5135 5139 5170 5196 5208 5230 5256 5262 

Test #303
339 737 2123 2575 2583 2902 3531 3773 3793 3951 4075 4121 4170 4178 4192 4263 4284 4298 4300 

Test #304
155 161 339 491 517 833 956 1832 1844 2105 2123 2497 2557 2859 2902 3169 3193 3339 3458 3547 3565 3584 3588 3614 3657 3672 

Test #305
2123 3235 3718 3746 4298 4488 4681 4721 4724 4791 4845 4901 4905 4941 4947 4964 5027 5037 5057 5078 5101 

Test #306
46 161 339 392 412 763 833 1224 1455 1782 1836 1844 2033 2123 2168 2193 2213 2226 2243 2318 2345 2381 2396 2407 2469 2507 2619 2629 2640 2657 2667 2697 2747 2753 

Test #307
161 294 339 763 771 833 1224 1551 1782 2033 2123 2168 2173 2213 2243 2318 2381 2396 2469 2640 2657 2828 2859 2902 2932 2965 3001 

Test #308
339 1959 2123 2287 2583 2902 2923 3081 3193 3224 3458 3531 3584 3588 3737 3773 3793 3850 3931 3939 3951 3964 3990 4010 4030 4069 4075 4118 

Test #309
46 115 161 316 339 397 446 456 470 763 833 1110 1432 1455 1625 1674 1782 1836 1844 2033 2123 2168 2213 2226 2243 2318 2345 2350 2381 2396 2453 2469 2507 2619 

Test #310
161 294 339 763 833 1224 1551 1782 2123 2168 2173 2243 2318 2381 2396 2469 2640 2657 2828 2859 2902 2932 2965 3001 3041 3064 

Test #311
46 161 294 339 392 763 771 833 1224 1455 1551 1782 1844 2033 2123 2168 2193 2213 2226 2243 2318 2381 2396 2469 2507 2629 2640 2657 2667 2697 2747 2753 2828 2859 2902 

Test #312
46 115 161 316 339 412 446 456 470 763 833 1110 1432 1455 1625 1782 1836 1844 2033 2123 2168 2193 2213 2226 2243 2318 2345 2350 2381 2396 2453 2469 2507 2619 2640 2667 

Test #313
51 81 161 280 285 316 339 397 446 638 691 718 763 833 990 1110 1197 1252 1320 1338 1432 1455 1540 1625 1719 1782 1836 1844 1969 2033 2049 2075 2110 2123 2168 2187 2213 2226 2241 

Test #314
339 517 956 1959 2105 2123 2286 2600 2635 2902 2918 3193 3339 3433 3458 3515 3560 3565 3584 3588 3657 3737 3747 3751 3773 3793 3829 3850 

Test #315
339 1959 2123 2286 2287 2596 2635 2902 3081 3193 3433 3458 3515 3531 3584 3588 3737 3773 3793 3850 3931 3939 3951 3964 3990 4010 4030 

Test #316
3235 3666 3718 3746 4298 4488 4721 4724 4783 4791 4901 4905 4941 4947 4964 5027 5057 5101 5126 5135 5139 5196 

Test #317
161 339 763 802 833 1224 1551 1782 2123 2173 2318 2381 2396 2640 2828 2859 2902 2932 2965 3001 3041 3064 

Test #318
4363 4561 5127 5208 5256 5354 5443 5508 

Test #319
339 737 2123 2583 2902 3377 3531 3773 3793 3951 4075 4121 4170 4178 4192 4263 4284 4295 4298 4300 

Test #320
154 155 161 339 491 667 668 833 956 2123 2156 2362 2497 2828 2859 2902 2965 2971 3169 3193 3212 3214 3221 3251 3260 3302 3315 3316 3339 3391 3404 3458 

Test #321
545 737 2123 2520 2902 3513 3718 3951 4177 4192 4295 4298 4300 4370 4469 4488 4558 4566 4646 4652 

Test #322
4290 4363 4561 4721 4791 5127 5131 5170 5208 5230 5256 5281 5324 5354 5443 5508 

Test #323
339 1959 2123 2287 2583 2902 2923 3081 3193 3224 3458 3531 3584 3588 3737 3773 3793 3850 3931 3939 3951 3964 3990 4010 4030 4069 4075 4118 

Test #324
48 161 206 280 285 316 339 382 397 411 429 446 500 638 691 718 763 904 960 990 1011 1110 1197 1252 1261 1320 1338 1359 1432 1455 1499 1593 1625 1626 1641 1675 1719 1782 1833 1836 1844 1908 1917 1952 

Test #325
545 2123 2772 2902 3566 3718 3746 4192 4193 4298 4505 4681 4721 4724 4760 4794 4828 

Test #326
46 115 161 316 339 397 446 456 470 763 833 1110 1432 1455 1625 1674 1782 1836 1844 2033 2123 2168 2213 2226 2243 2318 2345 2350 2381 2396 2453 2469 2507 2619 

Test #327
545 737 2123 2520 2772 2902 3513 3566 3718 3951 4192 4193 4295 4298 4300 4370 4469 4488 4558 4566 4646 4652 4686 4696 

Test #328
46 161 339 392 763 833 1224 1455 1782 1844 2033 2123 2168 2193 2213 2226 2243 2318 2345 2381 2396 2469 2507 2629 2640 2657 2667 2697 2747 2753 2859 

Test #329
545 737 2123 2520 2902 3513 3718 3951 4177 4192 4295 4298 4300 4370 4469 4488 4558 4566 4646 4652 

Test #330
339 517 956 1832 1959 2105 2123 2286 2635 2902 3157 3193 3339 3433 3458 3560 3565 3584 3588 3657 3672 3737 3747 3751 3773 3793 3829 

Test #331
46 161 339 392 412 446 763 833 1455 1625 1782 1836 1844 2033 2123 2168 2193 2213 2226 2243 2318 2345 2381 2396 2407 2469 2507 2619 2640 2657 2667 2697 2753 

Test #332
339 1959 2123 2287 2583 2902 2923 3081 3193 3224 3458 3531 3584 3588 3737 3773 3793 3850 3931 3939 3951 3964 3990 4010 4030 4069 4075 4118 

Test #333
155 161 339 491 667 833 956 1832 1945 2123 2156 2497 2557 2828 2859 2902 2965 2971 3169 3193 3212 3214 3221 3260 3302 3316 3339 3391 3458 

Test #334
3235 4298 4488 4561 4721 4724 4783 4791 4868 5101 5131 5135 5139 5170 5196 5208 5230 5253 5256 5281 5291 5324 5352 5354 

Test #335
81 161 280 285 316 339 397 446 591 638 691 718 763 833 990 1011 1110 1197 1252 1261 1320 1338 1432 1455 1499 1625 1626 1641 1719 1739 1782 1836 1844 1917 1950 1969 2033 2072 2110 

Test #336
161 294 339 763 833 1224 1551 1782 2123 2168 2173 2243 2318 2381 2396 2469 2640 2657 2828 2859 2902 2932 2965 3001 3041 3064 

Test #337
46 115 161 316 339 382 397 446 456 470 691 763 833 1110 1338 1432 1455 1625 1674 1719 1782 1836 1844 2033 2049 2123 2168 2213 2226 2243 2318 2344 2345 2346 2350 2381 2396 2427 2453 2507 

Test #338
154 161 339 491 667 668 833 2123 2156 2173 2362 2497 2828 2859 2902 2965 2971 3001 3144 3169 3193 3212 3214 3221 3251 3260 3302 3315 3316 3391 3396 3404 

Test #339
4290 4298 4363 4405 4561 4721 4724 4791 5127 5131 5170 5208 5230 5253 5256 5281 5324 5354 5443 

Test #340
155 161 339 491 517 667 833 841 956 1832 1945 2123 2156 2497 2557 2859 2902 2965 2971 3169 3193 3212 3214 3221 3260 3316 3339 3458 3547 

Test #341
545 2123 2772 2902 3566 3718 3746 4192 4193 4298 4505 4681 4721 4724 4760 4794 4828 

Test #342
46 161 339 392 412 446 456 470 763 833 1432 1455 1625 1782 1836 1844 2033 2123 2168 2193 2213 2226 2243 2318 2345 2381 2396 2407 2453 2469 2507 2619 2640 2667 2697 

Test #343
339 737 2123 2902 3377 3793 3951 4075 4138 4178 4192 4284 4295 4298 4300 4370 4469 

Test #344
4298 4363 4405 4561 4721 4724 4783 4791 5101 5131 5139 5170 5196 5208 5230 5253 5256 5281 5324 5352 5354 

Test #345
545 2123 2772 2902 3566 3718 3746 4192 4193 4298 4505 4681 4721 4724 4760 4794 4828 

Test #346
46 161 339 392 763 833 1224 1455 1782 1844 2033 2123 2168 2193 2213 2226 2243 2318 2345 2381 2396 2469 2507 2629 2640 2657 2667 2697 2747 2753 2859 

Test #347
545 2123 3235 3718 3746 4298 4488 4681 4721 4724 4791 4845 4886 4901 4905 4935 4941 4947 4964 5027 5037 5057 5078 

Test #348
46 161 316 339 345 382 397 446 691 763 833 1110 1197 1252 1320 1338 1432 1455 1540 1625 1719 1782 1836 1844 2019 2033 2049 2110 2123 2168 2213 2226 2241 2243 2318 2344 2345 2346 2350 2381 2383 2396 2427 

Test #349
46 161 339 392 763 833 1224 1455 1782 1844 2033 2123 2168 2193 2213 2226 2243 2318 2345 2381 2396 2469 2507 2629 2640 2657 2667 2697 2747 2753 2859 

Test #350
339 517 956 1832 1844 2105 2123 2286 2902 3157 3193 3339 3433 3458 3560 3565 3584 3588 3657 3672 3747 3751 3773 3793 

Test #351
339 737 2123 2287 2583 2902 3081 3139 3193 3224 3531 3584 3773 3793 3850 3951 3964 3990 4010 4030 4069 4075 4079 4118 4121 4167 4170 4192 

Test #352
48 85 161 206 280 285 316 339 397 411 429 446 500 606 638 669 691 718 727 904 960 990 992 1011 1110 1157 1197 1252 1320 1338 1359 1432 1455 1486 1499 1593 1625 1648 1655 1675 1719 1782 1833 1836 

Test #353
161 339 517 833 956 1832 1844 2105 2123 2497 2859 2902 3193 3339 3458 3560 3565 3584 3588 3614 3657 3672 

Test #354
46 115 161 316 339 397 446 456 470 763 833 1110 1432 1455 1625 1674 1782 1836 1844 2033 2123 2168 2213 2226 2243 2318 2345 2350 2381 2396 2453 2469 2507 2619 

Test #355
81 161 280 285 316 339 397 446 638 691 718 763 833 990 1011 1110 1197 1252 1320 1338 1432 1455 1625 1719 1739 1782 1836 1844 1917 1924 1969 2033 2075 2110 2123 2187 

Test #356
161 294 339 763 771 833 1224 1551 1782 1844 2033 2123 2168 2193 2213 2226 2243 2318 2381 2396 2469 2629 2640 2657 2667 2697 2747 2753 2828 2859 2902 2932 2933 

Test #357
155 161 339 491 517 667 833 841 956 1832 1844 2123 2497 2557 2859 2902 2971 3169 3193 3212 3316 3339 3458 3547 3584 3588 3597 3614 

Test #358
3235 3666 3746 4298 4488 4721 4724 4783 4791 4901 4941 4947 4964 5027 5057 5069 5101 5126 5131 5135 5139 5170 5196 5203 5208 5230 

Test #359
339 737 2123 2287 2583 2902 3081 3139 3193 3224 3531 3584 3773 3793 3850 3951 3964 3990 4010 4030 4069 4075 4079 4118 4121 4167 4170 4192 

Test #360
46 115 161 316 339 412 446 456 470 763 833 1110 1432 1455 1625 1782 1836 1844 2033 2123 2168 2193 2213 2226 2243 2318 2345 2350 2381 2396 2453 2469 2507 2619 2640 2667 

Test #361
154 155 161 339 491 667 668 833 956 2123 2156 2362 2497 2828 2859 2902 2965 2971 3169 3193 3212 3214 3221 3251 3260 3302 3315 3316 3339 3391 3404 3458 

Test #362
3235 3666 3746 4298 4488 4721 4724 4783 4791 4901 4941 4947 4964 5027 5057 5069 5101 5126 5131 5135 5139 5170 5196 5203 5208 5230 

Test #363
545 2123 3235 3718 3746 4298 4488 4681 4721 4724 4791 4845 4886 4901 4905 4935 4941 4947 4964 5027 5037 5057 5078 

Test #364
3235 4298 4488 4561 4721 4724 4783 4791 4868 5101 5131 5135 5139 5170 5196 5208 5230 5253 5256 5281 5291 5324 5352 5354 

Test #365
545 2123 2939 3235 3718 3746 4298 4681 4721 4724 4791 4794 4828 4845 4886 4901 4905 4935 4964 5027 5037 

Test #366
4363 4561 5127 5208 5256 5354 5443 5508 

Test #367
46 161 339 392 412 763 833 1224 1455 1782 1836 1844 2033 2123 2168 2193 2213 2226 2243 2318 2345 2381 2396 2407 2469 2507 2619 2629 2640 2657 2667 2697 2747 2753 

Test #368
48 161 206 280 285 316 339 382 397 411 429 446 500 638 691 718 763 904 960 990 1011 1110 1197 1252 1261 1320 1338 1359 1432 1455 1499 1593 1625 1626 1641 1675 1719 1782 1833 1836 1844 1908 1917 1952 

Test #369
154 161 167 257 339 491 667 763 802 833 2123 2156 2173 2362 2416 2828 2859 2902 2965 2971 3001 3064 3144 3169 3193 3212 3214 3221 3251 3260 3302 3315 3316 3391 3396 

Test #370
46 115 161 316 339 397 446 456 470 691 763 833 1110 1432 1455 1625 1674 1782 1836 1844 2033 2123 2168 2213 2226 2243 2318 2344 2345 2346 2350 2381 2396 2453 2469 2507 

Test #371
339 517 956 1832 1844 2105 2123 2286 2902 3157 3193 3339 3433 3458 3560 3565 3584 3588 3657 3672 3747 3751 3773 3793 

Test #372
46 115 161 316 339 397 446 456 470 691 763 833 1110 1432 1455 1625 1674 1782 1836 1844 2033 2123 2168 2213 2226 2243 2318 2344 2345 2346 2350 2381 2396 2453 2469 2507 

Test #373
155 161 339 491 517 667 833 841 956 1832 1945 2123 2156 2497 2557 2859 2902 2965 2971 3169 3193 3212 3214 3221 3316 3339 3458 3547 3584 3597 

Test #374
46 161 339 392 412 446 456 470 763 833 1432 1455 1625 1782 1836 1844 2033 2123 2168 2193 2213 2226 2243 2318 2345 2381 2396 2407 2453 2469 2507 2619 2640 2667 2697 

Test #375
46 161 316 339 345 382 397 446 691 763 833 1110 1197 1252 1320 1338 1432 1455 1540 1625 1719 1782 1836 1844 2019 2033 2049 2110 2123 2168 2213 2226 2241 2243 2318 2344 2345 2346 2350 2381 2383 2396 2427 

Test #376
46 161 294 339 392 763 771 833 1224 1455 1551 1782 1844 2033 2123 2168 2193 2213 2226 2243 2318 2381 2396 2469 2507 2629 2640 2657 2667 2697 2747 2753 2828 2859 2902 

Test #377
339 517 1959 2105 2123 2286 2596 2600 2635 2902 2918 3193 3433 3458 3515 3560 3565 3584 3588 3657 3737 3747 3773 3793 3829 3850 3906 

Test #378
48 85 161 206 280 285 316 339 382 397 411 429 446 500 638 669 691 718 727 904 960 990 1011 1110 1157 1197 1252 1320 1338 1359 1432 1455 1486 1499 1593 1625 1641 1675 1719 1782 1833 1836 1884 1908 1917 

Test #379
155 161 339 491 517 667 833 841 956 1832 1844 2123 2497 2557 2859 2902 2971 3169 3193 3212 3316 3339 3458 3547 3584 3588 3597 3614 

Test #380
545 2123 3235 3718 3746 4298 4488 4681 4721 4724 4791 4845 4886 4901 4905 4935 4941 4947 4964 5027 5037 5057 5078 

Test #381
339 517 1959 2123 2286 2287 2596 2635 2902 3081 3193 3433 3458 3515 3584 3588 3737 3773 3793 3850 3906 3931 3939 3951 3964 3990 

Test #382
81 161 280 285 316 339 397 446 591 638 691 718 763 833 990 1011 1110 1197 1252 1320 1338 1432 1455 1625 1719 1739 1782 1836 1844 1917 1924 1950 1969 2033 2075 2110 2123 

Test #383
3235 3666 4298 4488 4721 4724 4783 4791 4868 4947 4964 5057 5069 5101 5126 5131 5135 5139 5170 5196 5208 5230 5256 5262 5281 5291 

Test #384
81 161 280 285 316 339 397 446 591 638 691 718 763 833 990 1011 1110 1197 1252 1320 1338 1432 1455 1625 1719 1739 1782 1836 1844 1917 1924 1950 1969 2033 2075 2110 2123 

Test #385
161 339 763 802 833 1171 1224 1400 1782 2123 2173 2640 2828 2859 2902 2932 2965 3001 3041 3064 3144 

Test #386
48 85 161 206 280 285 316 339 359 397 411 429 446 500 606 669 691 718 727 904 960 990 992 1011 1110 1157 1197 1252 1320 1338 1359 1426 1432 1455 1486 1499 1593 1625 1648 1652 1655 1675 1719 1833 1836 

Test #387
154 161 167 257 339 491 667 763 802 833 2123 2156 2173 2362 2416 2828 2859 2902 2965 2971 3001 3064 3144 3169 3193 3212 3214 3221 3251 3260 3302 3315 3316 3391 3396 

Test #388
3235 3666 3718 3746 4298 4488 4721 4724 4783 4791 4901 4905 4941 4947 4964 5027 5057 5101 5126 5135 5139 5196 

Test #389
4298 4363 4405 4561 4721 4724 4783 4791 5101 5131 5139 5170 5196 5208 5230 5253 5256 5281 5324 5352 5354 

Test #390
48 85 161 206 280 285 316 339 382 397 411 429 446 500 638 669 691 718 727 904 960 990 1011 1110 1157 1197 1252 1320 1338 1359 1432 1455 1486 1499 1593 1625 1641 1675 1719 1782 1833 1836 1884 1908 1917 

Test #391
81 161 280 285 316 339 397 446 638 691 718 763 833 990 1011 1110 1197 1252 1320 1338 1432 1455 1625 1719 1739 1782 1836 1844 1917 1924 1969 2033 2075 2110 2123 2187 

Test #392
154 161 167 257 339 491 763 802 833 2123 2156 2173 2362 2416 2828 2859 2902 2965 2971 3001 3041 3064 3144 3165 3169 3193 3212 3214 3221 3227 3251 3260 3302 3315 3316 

Test #393
4290 4363 4561 4721 4791 5127 5131 5170 5208 5230 5256 5281 5324 5354 5443 5508 

Test #394
85 161 165 185 196 206 229 266 268 316 332 339 359 368 411 429 446 469 500 517 606 613 669 718 727 797 904 941 960 990 992 1011 1110 1157 1197 1235 1320 1351 1359 1426 1474 1486 1499 1648 1652 1655 1675 

Test #395
161 294 339 763 833 1224 1551 1782 2123 2168 2173 2243 2318 2381 2396 2469 2640 2657 2828 2859 2902 2932 2965 3001 3041 3064 

Test #396
545 2123 2772 2939 3718 3746 4193 4298 4504 4505 4681 4721 4724 4791 4794 4828 4845 4886 4905 4935 4959 

Test #397
54 85 161 165 185 206 229 266 268 316 332 339 359 368 411 429 446 469 500 517 606 613 669 718 727 797 904 941 990 992 1110 1157 1197 1235 1320 1351 1359 1404 1474 1486 1499 

Test #398
339 737 1959 2123 2287 2583 2902 2923 3081 3193 3224 3531 3584 3773 3793 3850 3939 3951 3964 3990 4010 4030 4069 4075 4079 4118 4121 

Test #399
3235 3666 3718 3746 4298 4488 4721 4724 4783 4791 4901 4905 4941 4947 4964 5027 5057 5101 5126 5135 5139 5196 

Test #400
161 339 491 564 763 802 833 1400 1782 2123 2173 2362 2416 2828 2859 2902 2965 2971 3001 3041 3064 3144 3165 3169 3212 3214 3221 3227 3251 3260 3302 3315 3316 

Test #401
2123 3235 3718 3746 4298 4488 4681 4721 4724 4791 4845 4901 4905 4941 4947 4964 5027 5037 5057 5078 5101 

Test #402
154 161 167 257 339 491 763 802 833 2123 2156 2173 2362 2416 2828 2859 2902 2965 2971 3001 3041 3064 3144 3165 3169 3193 3212 3214 3221 3227 3251 3260 3302 3315 3316 

Test #403
339 737 2123 2287 2583 2902 3139 3224 3531 3584 3773 3793 3951 3964 3990 4075 4079 4118 4121 4170 4178 4192 4263 

Test #404
161 339 763 802 833 1224 1551 1782 2123 2173 2318 2381 2396 2640 2828 2859 2902 2932 2965 3001 3041 3064 

Test #405
339 737 2123 2575 2583 2902 3531 3773 3793 3951 4075 4121 4170 4178 4192 4263 4284 4298 4300 

Test #406
545 2123 2772 2939 3235 3718 3746 4298 4504 4505 4681 4721 4724 4791 4794 4828 4845 4886 4901 4905 4935 4959 4964 

Test #407
339 737 2123 2583 2902 3139 3224 3531 3584 3773 3793 3951 4075 4121 4170 4178 4192 4263 4284 4298 4300 

Test #408
46 115 161 316 339 412 446 456 470 763 833 1110 1432 1455 1625 1782 1836 1844 2033 2123 2168 2193 2213 2226 2243 2318 2345 2350 2381 2396 2453 2469 2507 2619 2640 2667 

Test #409
3235 3666 3746 4298 4488 4721 4724 4783 4791 4901 4941 4947 4964 5027 5057 5069 5101 5126 5131 5135 5139 5170 5196 5203 5208 5230 

Test #410
51 161 280 316 339 382 397 446 691 718 763 833 990 1110 1197 1252 1320 1338 1432 1455 1540 1625 1719 1782 1836 1844 2019 2033 2049 2110 2123 2168 2213 2226 2241 2243 2345 2346 2350 

Test #411
81 161 280 285 316 339 397 446 591 638 691 718 763 833 990 1011 1110 1197 1252 1320 1338 1432 1455 1625 1719 1739 1782 1836 1844 1917 1924 1950 1969 2033 2075 2110 2123 

Test #412
155 161 339 491 517 667 833 841 956 1832 1844 2123 2497 2557 2859 2902 2971 3169 3193 3212 3316 3339 3458 3547 3584 3588 3597 3614 

Test #413
46 161 339 392 763 833 1224 1455 1782 1844 2033 2123 2168 2193 2213 2226 2243 2318 2345 2381 2396 2469 2507 2629 2640 2657 2667 2697 2747 2753 2859 

Test #414
85 161 165 196 206 229 280 285 316 339 359 368 397 411 429 446 500 606 669 691 718 727 904 941 960 990 992 1011 1110 1157 1197 1252 1320 1338 1351 1359 1426 1455 1486 1499 1593 1648 1652 1655 1675 1719 

Test #415
339 1959 2123 2287 2583 2596 2902 2923 3081 3193 3224 3433 3458 3531 3584 3588 3737 3773 3793 3850 3931 3939 3951 3964 3990 4010 4030 4069 4075 

Test #416
339 737 2123 2575 2583 2902 3531 3773 3793 3951 4075 4121 4170 4178 4192 4263 4284 4298 4300 

Test #417
48 161 280 285 316 339 382 397 411 446 591 638 691 718 763 833 990 1011 1110 1197 1252 1261 1320 1338 1432 1455 1499 1625 1626 1641 1675 1719 1739 1782 1836 1844 1917 1950 1952 1969 2006 

Test #418
48 85 161 206 280 285 316 339 397 411 429 446 500 606 638 669 691 718 727 904 960 990 992 1011 1110 1157 1197 1252 1320 1338 1359 1432 1455 1486 1499 1593 1625 1648 1655 1675 1719 1782 1833 1836 

Test #419
339 517 956 1959 2105 2123 2286 2600 2635 2902 2918 3193 3339 3433 3458 3515 3560 3565 3584 3588 3657 3737 3747 3751 3773 3793 3829 3850 

Test #420
48 85 161 206 280 285 316 339 397 411 429 446 500 606 638 669 691 718 727 904 960 990 992 1011 1110 1157 1197 1252 1320 1338 1359 1432 1455 1486 1499 1593 1625 1648 1655 1675 1719 1782 1833 1836 

Test #421
81 161 280 285 316 339 397 446 591 638 691 718 763 833 990 1011 1110 1197 1252 1320 1338 1432 1455 1625 1719 1739 1782 1836 1844 1917 1924 1950 1969 2033 2075 2110 2123 

Test #422
339 737 2123 2583 2902 3377 3773 3793 3951 4075 4138 4178 4192 4284 4295 4298 4300 

Test #423
155 161 339 491 667 833 956 1832 1945 2123 2156 2497 2557 2828 2859 2902 2965 2971 3169 3193 3212 3214 3221 3260 3302 3316 3339 3391 3458 

Test #424
48 161 280 285 316 339 382 397 411 429 446 500 591 638 691 718 763 833 904 990 1011 1110 1197 1252 1261 1320 1338 1432 1455 1499 1625 1626 1641 1675 1719 1782 1836 1844 1908 1917 1950 1952 1969 

Test #425
339 737 2123 2583 2902 3377 3531 3773 3793 3951 4075 4121 4170 4178 4192 4263 4284 4295 4298 4300 

Test #426
545 2123 2772 2939 3718 3746 4193 4298 4504 4505 4681 4721 4724 4791 4794 4828 4845 4886 4905 4935 4959 

Test #427
3235 3666 3746 4298 4488 4721 4724 4783 4791 4901 4941 4947 4964 5027 5057 5069 5101 5126 5131 5135 5139 5170 5196 5203 5208 5230 

Test #428
339 737 2123 2583 2902 3139 3224 3531 3584 3773 3793 3951 4075 4121 4170 4178 4192 4263 4284 4298 4300 

Test #429
155 161 339 491 667 833 956 1832 1945 2123 2156 2497 2557 2828 2859 2902 2965 2971 3169 3193 3212 3214 3221 3260 3302 3316 3339 3391 3458 

Test #430
545 2123 2772 2902 3566 3718 3746 4192 4193 4298 4505 4681 4721 4724 4760 4794 4828 

Test #431
48 161 280 285 316 339 382 397 411 446 591 638 691 718 763 833 990 1011 1110 1197 1252 1261 1320 1338 1432 1455 1499 1625 1626 1641 1675 1719 1739 1782 1836 1844 1917 1950 1952 1969 2006 

Test #432
161 294 339 763 771 833 1224 1551 1782 1844 2033 2123 2168 2193 2213 2226 2243 2318 2381 2396 2469 2629 2640 2657 2667 2697 2747 2753 2828 2859 2902 2932 2933 

Test #433
46 115 161 316 339 397 446 456 470 763 833 1110 1432 1455 1625 1674 1782 1836 1844 2033 2123 2168 2213 2226 2243 2318 2345 2350 2381 2396 2453 2469 2507 2619 

Test #434
737 2123 2520 2902 3513 3793 3951 3986 4075 4192 4295 4298 4300 4370 4469 4488 4558 4566 

Test #435
339 737 2123 2583 2902 3377 3531 3773 3793 3951 4075 4121 4170 4178 4192 4263 4284 4295 4298 4300 

Test #436
3235 3666 3746 4298 4488 4721 4724 4783 4791 4868 4947 4964 5027 5057 5069 5101 5126 5131 5135 5139 5170 5196 5208 5230 5256 5262 

Test #437
339 517 1959 2105 2123 2286 2596 2600 2635 2902 2918 3193 3433 3458 3515 3560 3565 3584 3588 3657 3737 3747 3773 3793 3829 3850 3906 

Test #438
161 339 763 802 833 1224 1551 1782 2123 2173 2318 2381 2396 2640 2828 2859 2902 2932 2965 3001 3041 3064 

Test #439
46 51 161 316 339 382 397 446 691 718 763 833 1110 1197 1252 1320 1338 1432 1455 1540 1625 1719 1782 1836 1844 2019 2033 2049 2110 2123 2168 2213 2226 2241 2243 2344 2345 2346 2350 2383 2396 

Test #440
155 161 339 491 517 667 833 841 956 1832 1945 2123 2156 2497 2557 2859 2902 2965 2971 3169 3193 3212 3214 3221 3260 3316 3339 3458 3547 

Test #441
339 517 956 1832 1844 2105 2123 2286 2902 3157 3193 3339 3433 3458 3560 3565 3584 3588 3657 3672 3747 3751 3773 3793 

Test #442
46 161 339 392 763 833 1224 1455 1782 1836 1844 2033 2123 2168 2193 2213 2226 2243 2318 2345 2381 2396 2407 2469 2507 2629 2640 2657 2667 2697 2747 2753 

Test #443
54 85 161 165 185 206 229 266 268 316 332 339 359 368 411 429 446 469 500 517 606 613 669 718 727 797 904 941 990 992 1110 1157 1197 1235 1320 1351 1359 1404 1474 1486 1499 

Test #444
545 2123 2772 2939 3718 3746 4193 4298 4504 4505 4681 4721 4724 4791 4794 4828 4845 4886 4905 4935 4959 

Test #445
161 294 339 763 771 833 1224 1551 1782 2033 2123 2168 2173 2213 2243 2318 2381 2396 2469 2640 2657 2828 2859 2902 2932 2965 3001 

Test #446
339 517 1959 2123 2286 2287 2596 2635 2902 3081 3193 3433 3458 3515 3584 3588 3737 3773 3793 3850 3906 3931 3939 3951 3964 3990 

Test #447
161 339 517 833 956 1832 1844 2105 2123 2497 2859 2902 3193 3339 3458 3560 3565 3584 3588 3614 3657 3672 

Test #448
154 161 167 257 339 491 763 802 833 2123 2156 2173 2362 2416 2828 2859 2902 2965 2971 3001 3041 3064 3144 3165 3169 3193 3212 3214 3221 3227 3251 3260 3302 3315 3316 

Test #449
339 737 2123 2287 2583 2902 3081 3139 3193 3224 3531 3584 3773 3793 3850 3951 3964 3990 4010 4030 4069 4075 4079 4118 4121 4167 4170 4192 

Test #450
48 85 161 206 280 285 316 339 382 397 411 429 446 500 638 669 691 718 727 904 960 990 1011 1110 1157 1197 1252 1320 1338 1359 1432 1455 1486 1499 1593 1625 1641 1675 1719 1782 1833 1836 1884 1908 1917 

Test #451
155 161 339 491 517 667 833 841 956 1832 1945 2123 2156 2497 2557 2859 2902 2965 2971 3169 3193 3212 3214 3221 3316 3339 3458 3547 3584 3597 

Test #452
737 2123 2520 2902 3513 3951 4075 4192 4295 4298 4300 4370 4469 4488 4558 4566 

Test #453
545 737 2123 2520 2772 2902 3513 3566 3718 3951 4192 4193 4295 4298 4300 4370 4469 4488 4558 4566 4646 4652 4686 4696 

Test #454
4298 4363 4405 4561 4721 4724 4783 4791 5101 5131 5139 5170 5196 5208 5230 5253 5256 5281 5324 5352 5354 

Test #455
545 2123 2939 3235 3718 3746 4298 4681 4721 4724 4791 4794 4828 4845 4886 4901 4905 4935 4964 5027 5037 

Test #456
154 161 339 491 667 668 833 2123 2156 2173 2362 2497 2828 2859 2902 2965 2971 3001 3144 3169 3193 3212 3214 3221 3251 3260 3302 3315 3316 3391 3396 3404 

Test #457
545 737 2123 2520 2772 2902 3566 3718 4192 4193 4295 4298 4300 4370 4469 4652 4681 4696 4721 4724 4760 4794 

Test #458
545 737 2123 2520 2902 3513 3718 3951 4177 4192 4295 4298 4300 4370 4469 4488 4558 4566 4646 4652 

Test #459
81 161 280 285 316 339 397 446 591 638 691 718 763 833 990 1011 1110 1197 1252 1320 1338 1432 1455 1625 1719 1739 1782 1836 1844 1917 1924 1950 1969 2033 2075 2110 2123 

Test #460
46 115 161 316 339 412 446 456 470 763 833 1110 1432 1455 1625 1782 1836 1844 2033 2123 2168 2193 2213 2226 2243 2318 2345 2350 2381 2396 2453 2469 2507 2619 2640 2667 

Test #461
339 517 956 1959 2105 2123 2286 2600 2635 2902 2918 3193 3339 3433 3458 3515 3560 3565 3584 3588 3657 3737 3747 3751 3773 3793 3829 3850 

Test #462
46 115 161 316 339 397 446 456 470 691 763 833 1110 1338 1432 1455 1625 1674 1782 1836 1844 2033 2049 2123 2168 2213 2226 2243 2318 2344 2345 2346 2350 2381 2396 2427 2453 2469 2507 2528 

Test #463
339 517 1959 2105 2123 2286 2596 2600 2635 2902 2918 3193 3433 3458 3515 3560 3565 3584 3588 3657 3737 3747 3773 3793 3829 3850 3906 

Test #464
545 737 2123 2520 2772 2902 3566 3718 4192 4193 4295 4298 4300 4370 4469 4652 4681 4696 4721 4724 4760 4794 

Test #465
4298 4363 4405 4561 4721 4724 4783 4791 5101 5131 5139 5170 5196 5208 5230 5253 5256 5281 5324 5352 5354 

Test #466
46 161 339 392 412 446 456 470 763 833 1432 1455 1625 1782 1836 1844 2033 2123 2168 2193 2213 2226 2243 2318 2345 2381 2396 2407 2453 2469 2507 2619 2640 2667 2697 

Test #467
339 737 2123 2902 3377 3793 3951 4075 4138 4178 4192 4284 4295 4298 4300 4370 4469 

Test #468
339 517 956 1832 1844 2105 2123 2286 2902 3157 3193 3339 3433 3458 3560 3565 3584 3588 3657 3672 3747 3751 3773 3793 

Test #469
339 737 1959 2123 2287 2583 2902 2923 3081 3193 3224 3531 3584 3773 3793 3850 3939 3951 3964 3990 4010 4030 4069 4075 4079 4118 4121 

Test #470
3235 3666 3746 4298 4488 4721 4724 4783 4791 4868 4947 4964 5027 5057 5069 5101 5126 5131 5135 5139 5170 5196 5208 5230 5256 5262 

Test #471
85 161 165 196 206 229 268 280 285 316 339 359 368 411 429 446 500 517 606 669 691 718 727 904 941 960 990 992 1011 1110 1157 1197 1235 1252 1320 1338 1351 1359 1426 1474 1486 1499 1648 1652 1655 1675 1719 

Test #472
51 161 280 316 339 382 397 446 691 718 763 833 990 1110 1197 1252 1320 1338 1432 1455 1540 1625 1719 1782 1836 1844 2019 2033 2049 2110 2123 2168 2213 2226 2241 2243 2345 2346 2350 

Test #473
46 161 316 339 345 382 397 446 691 763 833 1110 1197 1252 1320 1338 1432 1455 1540 1625 1719 1782 1836 1844 2019 2033 2049 2110 2123 2168 2213 2226 2241 2243 2318 2344 2345 2346 2350 2381 2383 2396 2427 

Test #474
85 161 165 185 196 206 229 266 268 316 332 339 359 368 411 429 446 469 500 517 606 613 669 718 727 797 904 941 960 990 992 1011 1110 1157 1197 1235 1320 1351 1359 1426 1474 1486 1499 1648 1652 1655 1675 

Test #475
54 85 161 165 185 206 229 266 268 316 332 339 359 368 411 429 446 469 500 517 606 613 669 718 727 797 904 941 990 992 1110 1157 1197 1235 1320 1351 1359 1404 1474 1486 1499 

Test #476
339 517 956 1832 1844 2105 2123 2286 2497 2902 3157 3193 3339 3458 3560 3565 3584 3588 3614 3657 3672 3747 3751 

Test #477
339 517 1959 2123 2286 2287 2596 2635 2902 3081 3193 3433 3458 3515 3584 3588 3737 3773 3793 3850 3906 3931 3939 3951 3964 3990 

Test #478
339 517 956 1832 1844 2105 2123 2286 2497 2902 3157 3193 3339 3458 3560 3565 3584 3588 3614 3657 3672 3747 3751 

Test #479
4290 4298 4363 4405 4561 4721 4724 4791 5127 5131 5170 5208 5230 5253 5256 5281 5324 5354 5443 

Test #480
46 115 161 316 339 397 446 456 470 691 763 833 1110 1432 1455 1625 1674 1782 1836 1844 2033 2123 2168 2213 2226 2243 2318 2344 2345 2346 2350 2381 2396 2453 2469 2507 

Test #481
339 1959 2123 2286 2287 2596 2635 2902 3081 3193 3433 3458 3515 3531 3584 3588 3737 3773 3793 3850 3931 3939 3951 3964 3990 4010 4030 

Test #482
154 161 339 491 667 668 833 2123 2156 2173 2362 2497 2828 2859 2902 2965 2971 3001 3144 3169 3193 3212 3214 3221 3251 3260 3302 3315 3316 3391 3396 3404 

Test #483
54 85 161 165 185 206 229 266 268 316 332 339 359 368 411 429 446 469 500 517 606 613 669 718 727 797 904 941 990 992 1110 1157 1197 1235 1320 1351 1359 1404 1474 1486 1499 

Test #484
161 339 763 802 833 1224 1551 1782 2123 2173 2318 2381 2396 2640 2828 2859 2902 2932 2965 3001 3041 3064 

Test #485
161 339 564 763 802 833 1224 1400 1782 2123 2173 2362 2416 2640 2828 2859 2902 2965 2971 3001 3041 3064 3144 3165 3169 3214 3221 3227 3251 3260 

Test #486
545 2123 2772 2939 3718 3746 4193 4298 4504 4505 4681 4721 4724 4791 4794 4828 4845 4886 4905 4935 4959 

Test #487
545 2123 2772 2939 3718 3746 4193 4298 4505 4681 4721 4724 4760 4791 4794 4828 4886 4905 

Test #488
46 51 161 316 339 382 397 446 691 718 763 833 1110 1197 1252 1320 1338 1432 1455 1540 1625 1719 1782 1836 1844 2019 2033 2049 2110 2123 2168 2213 2226 2241 2243 2344 2345 2346 2350 2383 2396 

Test #489
339 517 1959 2123 2286 2287 2596 2635 2902 3081 3193 3433 3458 3515 3584 3588 3737 3773 3793 3850 3906 3931 3939 3951 3964 3990 

Test #490
3235 4298 4488 4561 4721 4724 4783 4791 4868 5101 5131 5135 5139 5170 5196 5208 5230 5253 5256 5281 5291 5324 5352 5354 

Test #491
154 161 167 257 339 491 763 802 833 2123 2156 2173 2362 2416 2828 2859 2902 2965 2971 3001 3041 3064 3144 3165 3169 3193 3212 3214 3221 3227 3251 3260 3302 3315 3316 

Test #492
51 81 161 280 285 316 339 397 446 638 691 718 763 833 990 1110 1197 1252 1320 1338 1432 1455 1540 1625 1719 1782 1836 1844 1969 2033 2049 2075 2110 2123 2168 2187 2213 2226 2241 

Test #493
51 81 161 280 285 316 339 397 446 638 691 718 763 833 990 1110 1197 1252 1320 1338 1432 1455 1540 1625 1719 1782 1836 1844 1969 2033 2049 2075 2110 2123 2168 2187 2213 2226 2241 

Test #494
85 161 165 196 206 229 268 280 285 316 339 359 368 411 429 446 469 500 517 606 669 718 727 904 941 960 990 992 1011 1110 1157 1197 1235 1320 1351 1359 1426 1474 1486 1499 1648 1652 1655 1675 1719 

Test #495
4290 4298 4363 4405 4561 4721 4724 4791 5127 5131 5170 5208 5230 5253 5256 5281 5324 5354 5443 

Test #496
81 161 280 285 316 339 397 446 591 638 691 718 763 833 990 1011 1110 1197 1252 1320 1338 1432 1455 1625 1719 1739 1782 1836 1844 1917 1924 1950 1969 2033 2075 2110 2123 

Test #497
46 161 339 392 412 446 456 470 763 833 1432 1455 1625 1782 1836 1844 2033 2123 2168 2193 2213 2226 2243 2318 2345 2381 2396 2407 2453 2469 2507 2619 2640 2667 2697 

Test #498
339 737 2123 2583 2902 3377 3531 3773 3793 3951 4075 4121 4170 4178 4192 4263 4284 4295 4298 4300 

Test #499
339 737 2123 2287 2583 2902 3081 3139 3224 3531 3584 3773 3793 3850 3951 3964 3990 4069 4075 4079 4118 4121 4170 4192 

Test #500
3235 3666 3746 4298 4488 4721 4724 4783 4791 4901 4941 4947 4964 5027 5057 5069 5101 5126 5131 5135 5139 5170 5196 5203 5208 5230 

