Test #1
155 161 339 491 517 667 833 841 956 1832 1844 2123 2497 2557 2859 2902 2971 3169 3193 3212 3316 3339 3458 3547 3584 3588 3597 3614 

Test #2
339 517 1959 2123 2286 2287 2596 2635 2902 3081 3193 3433 3458 3515 3584 3588 3737 3773 3793 3850 3906 3931 3939 3951 3964 3990 

Test #3
161 339 564 763 802 833 1224 1400 1782 2123 2173 2362 2640 2828 2859 2902 2965 3001 3041 3064 3144 3165 3214 3221 3227 

Test #4
339 737 2123 2583 2902 3139 3224 3531 3584 3773 3793 3951 4075 4121 4170 4178 4192 4263 4284 4298 4300 

Test #5
154 161 167 257 339 491 763 802 833 2123 2156 2173 2362 2416 2828 2859 2902 2965 2971 3001 3041 3064 3144 3165 3169 3193 3212 3214 3221 3227 3251 3260 3302 3315 3316 

Test #6
545 737 2123 2520 2772 2902 3566 3718 4192 4193 4295 4298 4300 4370 4469 4488 4566 4646 4652 4681 4686 4696 4721 4724 

Test #7
48 85 161 206 280 285 316 339 397 411 429 446 500 606 638 669 691 718 727 904 960 990 992 1011 1110 1157 1197 1252 1320 1338 1359 1432 1455 1486 1499 1593 1625 1648 1655 1675 1719 1782 1833 1836 

Test #8
2123 3235 3718 3746 4298 4488 4681 4721 4724 4791 4845 4901 4905 4941 4947 4964 5027 5037 5057 5078 5101 

Test #9
737 2123 2520 2902 3513 3793 3951 3986 4075 4192 4295 4298 4300 4370 4469 4488 4558 4566 

Test #10
339 737 2123 2583 2902 3139 3224 3531 3584 3773 3793 3951 4075 4121 4170 4178 4192 4263 4284 4298 4300 

Test #11
81 161 280 285 316 339 397 446 591 638 691 718 763 833 990 1011 1110 1197 1252 1261 1320 1338 1432 1455 1499 1625 1626 1641 1719 1739 1782 1836 1844 1917 1950 1969 2033 2072 2110 

Test #12
339 737 2123 2583 2902 3377 3773 3793 3951 4075 4138 4178 4192 4284 4295 4298 4300 

Test #13
737 2123 2520 2902 3513 3793 3951 3986 4075 4192 4295 4298 4300 4370 4469 4488 4558 4566 

Test #14
3235 3666 3746 4298 4488 4721 4724 4783 4791 4868 4947 4964 5027 5057 5069 5101 5126 5131 5135 5139 5170 5196 5208 5230 5256 5262 

Test #15
545 737 2123 2520 2772 2902 3513 3566 3718 3951 4192 4193 4295 4298 4300 4370 4469 4488 4558 4566 4646 4652 4686 4696 

Test #16
46 161 316 339 345 382 397 446 456 691 763 833 1110 1252 1338 1432 1455 1540 1625 1674 1719 1782 1836 1844 2033 2049 2123 2168 2213 2226 2241 2243 2318 2344 2345 2346 2350 2381 2396 2427 2453 

Test #17
3235 3666 3746 4298 4488 4721 4724 4783 4791 4901 4941 4947 4964 5027 5057 5069 5101 5126 5131 5135 5139 5170 5196 5203 5208 5230 

Test #18
339 517 956 1832 1844 2105 2123 2286 2497 2902 3157 3193 3339 3458 3560 3565 3584 3588 3614 3657 3672 3747 3751 

Test #19
46 161 339 392 763 833 1224 1455 1782 1836 1844 2033 2123 2168 2193 2213 2226 2243 2318 2345 2381 2396 2407 2469 2507 2629 2640 2657 2667 2697 2747 2753 

Test #20
85 161 165 196 206 229 268 280 285 316 339 359 368 411 429 446 469 500 517 606 669 718 727 904 941 960 990 992 1011 1110 1157 1197 1235 1320 1351 1359 1426 1474 1486 1499 1648 1652 1655 1675 1719 

Test #21
48 161 206 280 285 316 339 382 397 411 429 446 500 638 691 718 763 904 960 990 1011 1110 1197 1252 1261 1320 1338 1359 1432 1455 1499 1593 1625 1626 1641 1675 1719 1782 1833 1836 1844 1908 1917 1952 

Test #22
3235 3666 3718 3746 4298 4488 4721 4724 4783 4791 4901 4905 4941 4947 4964 5027 5057 5101 5126 5135 5139 5196 

Test #23
155 161 339 491 667 833 956 1832 1945 2123 2156 2497 2557 2828 2859 2902 2965 2971 3169 3193 3212 3214 3221 3260 3302 3316 3339 3391 3458 

Test #24
339 737 2123 2287 2583 2902 3081 3139 3224 3531 3584 3773 3793 3850 3951 3964 3990 4069 4075 4079 4118 4121 4170 4192 

Test #25
339 737 2123 2583 2902 3139 3224 3531 3584 3773 3793 3951 4075 4121 4170 4178 4192 4263 4284 4298 4300 

Test #26
339 737 2123 2287 2583 2902 3081 3139 3193 3224 3531 3584 3773 3793 3850 3951 3964 3990 4010 4030 4069 4075 4079 4118 4121 4167 4170 4192 

Test #27
2123 3235 3666 3718 3746 4298 4488 4721 4724 4783 4791 4901 4905 4941 4947 4964 5027 5037 5057 5101 5126 5135 5139 

Test #28
3235 3666 3746 4298 4488 4721 4724 4783 4791 4868 4947 4964 5027 5057 5069 5101 5126 5131 5135 5139 5170 5196 5208 5230 5256 5262 

Test #29
81 161 280 285 316 339 397 446 638 691 718 763 833 990 1011 1110 1197 1252 1320 1338 1432 1455 1625 1719 1739 1782 1836 1844 1917 1924 1969 2033 2075 2110 2123 2187 

Test #30
339 1959 2123 2287 2583 2596 2902 2923 3081 3193 3224 3433 3458 3531 3584 3588 3737 3773 3793 3850 3931 3939 3951 3964 3990 4010 4030 4069 4075 

Test #31
339 517 1959 2123 2286 2287 2596 2635 2902 3081 3193 3433 3458 3515 3584 3588 3737 3773 3793 3850 3906 3931 3939 3951 3964 3990 

Test #32
339 737 2123 2287 2583 2902 3081 3139 3193 3224 3531 3584 3773 3793 3850 3951 3964 3990 4010 4030 4069 4075 4079 4118 4121 4167 4170 4192 

Test #33
46 161 316 339 345 382 397 446 456 691 763 833 1110 1252 1338 1432 1455 1540 1625 1674 1719 1782 1836 1844 2033 2049 2123 2168 2213 2226 2241 2243 2318 2344 2345 2346 2350 2381 2396 2427 2453 

Test #34
85 161 165 185 196 206 229 266 268 316 332 339 359 368 411 429 446 469 500 517 606 613 669 718 727 797 904 941 960 990 992 1011 1110 1157 1197 1235 1320 1351 1359 1426 1474 1486 1499 1648 1652 1655 1675 

Test #35
46 161 339 392 763 833 1224 1455 1782 1844 2033 2123 2168 2193 2213 2226 2243 2318 2345 2381 2396 2469 2507 2629 2640 2657 2667 2697 2747 2753 2859 

Test #36
339 1959 2123 2287 2583 2902 2923 3081 3193 3224 3458 3531 3584 3588 3737 3773 3793 3850 3931 3939 3951 3964 3990 4010 4030 4069 4075 4118 

Test #37
545 737 2123 2520 2772 2902 3513 3566 3718 3951 4192 4193 4295 4298 4300 4370 4469 4488 4558 4566 4646 4652 4686 4696 

Test #38
161 294 339 763 771 833 1224 1551 1782 2033 2123 2168 2173 2213 2243 2318 2381 2396 2469 2640 2657 2828 2859 2902 2932 2965 3001 

Test #39
155 161 339 491 517 667 833 841 956 1832 1945 2123 2156 2497 2557 2859 2902 2965 2971 3169 3193 3212 3214 3221 3316 3339 3458 3547 3584 3597 

Test #40
155 161 339 491 517 667 833 841 956 1832 1844 2123 2497 2557 2859 2902 2971 3169 3193 3212 3316 3339 3458 3547 3584 3588 3597 3614 

Test #41
85 161 165 196 206 229 280 285 316 339 359 368 397 411 429 446 500 606 669 691 718 727 904 941 960 990 992 1011 1110 1157 1197 1252 1320 1338 1351 1359 1426 1455 1486 1499 1593 1648 1652 1655 1675 1719 

Test #42
339 517 1959 2123 2286 2287 2596 2635 2902 3081 3193 3433 3458 3515 3584 3588 3737 3773 3793 3850 3906 3931 3939 3951 3964 3990 

Test #43
46 161 316 339 345 382 397 446 691 763 833 1110 1197 1252 1320 1338 1432 1455 1540 1625 1719 1782 1836 1844 2019 2033 2049 2110 2123 2168 2213 2226 2241 2243 2318 2344 2345 2346 2350 2381 2383 2396 2427 

Test #44
545 737 2123 2520 2902 3513 3718 3951 4177 4192 4295 4298 4300 4370 4469 4488 4558 4566 4646 4652 

Test #45
155 161 339 491 517 833 956 1832 1844 2105 2123 2497 2557 2859 2902 3169 3193 3339 3458 3547 3565 3584 3588 3614 3657 3672 

Test #46
4290 4363 4561 4721 4791 5127 5131 5170 5208 5230 5256 5281 5324 5354 5443 5508 

Test #47
4363 4561 5127 5208 5256 5354 5443 5508 

Test #48
161 339 564 763 802 833 1224 1400 1782 2123 2173 2362 2640 2828 2859 2902 2965 3001 3041 3064 3144 3165 3214 3221 3227 

Test #49
155 161 339 491 517 833 956 1832 1844 2105 2123 2497 2557 2859 2902 3169 3193 3339 3458 3547 3565 3584 3588 3614 3657 3672 

Test #50
46 161 339 392 412 763 833 1224 1455 1782 1836 1844 2033 2123 2168 2193 2213 2226 2243 2318 2345 2381 2396 2407 2469 2507 2619 2629 2640 2657 2667 2697 2747 2753 

Test #51
161 339 491 564 763 802 833 1400 1782 2123 2173 2362 2416 2828 2859 2902 2965 2971 3001 3041 3064 3144 3165 3169 3212 3214 3221 3227 3251 3260 3302 3315 3316 

Test #52
339 517 1959 2105 2123 2286 2596 2600 2635 2902 2918 3193 3433 3458 3515 3560 3565 3584 3588 3657 3737 3747 3773 3793 3829 3850 3906 

Test #53
51 161 280 316 339 397 446 691 718 763 833 990 1110 1197 1252 1320 1338 1432 1455 1540 1625 1719 1782 1836 1844 2033 2049 2075 2110 2123 2168 2213 2226 2241 

Test #54
3235 3666 3718 3746 4298 4488 4721 4724 4783 4791 4901 4905 4941 4947 4964 5027 5057 5101 5126 5135 5139 5196 

Test #55
46 115 161 316 339 382 397 446 456 470 691 763 833 1110 1338 1432 1455 1625 1674 1719 1782 1836 1844 2033 2049 2123 2168 2213 2226 2243 2318 2344 2345 2346 2350 2381 2396 2427 2453 2507 

Test #56
545 2123 2772 2939 3235 3718 3746 4298 4504 4505 4681 4721 4724 4791 4794 4828 4845 4886 4901 4905 4935 4959 4964 

Test #57
339 517 956 1832 1844 2105 2123 2286 2497 2902 3157 3193 3339 3458 3560 3565 3584 3588 3614 3657 3672 3747 3751 

Test #58
161 280 285 316 339 382 397 446 591 638 691 718 763 833 990 1011 1110 1197 1252 1261 1320 1338 1432 1455 1499 1625 1626 1641 1719 1739 1782 1836 1844 1917 1950 1952 1969 2006 2033 2072 

Test #59
545 737 2123 2520 2772 2902 3513 3566 3718 3951 4192 4193 4295 4298 4300 4370 4469 4488 4558 4566 4646 4652 4686 4696 

Test #60
339 737 2123 2583 2902 3139 3224 3531 3584 3773 3793 3951 4075 4121 4170 4178 4192 4263 4284 4298 4300 

Test #61
339 737 2123 2902 3377 3793 3951 4075 4138 4178 4192 4284 4295 4298 4300 4370 4469 

Test #62
161 339 763 802 833 1224 1551 1782 2123 2173 2318 2381 2396 2640 2828 2859 2902 2932 2965 3001 3041 3064 

Test #63
46 161 339 392 763 833 1224 1455 1782 1844 2033 2123 2168 2193 2213 2226 2243 2318 2345 2381 2396 2469 2507 2629 2640 2657 2667 2697 2747 2753 2859 

Test #64
3235 3666 4298 4488 4721 4724 4783 4791 4868 4947 4964 5057 5069 5101 5126 5131 5135 5139 5170 5196 5208 5230 5256 5262 5281 5291 

Test #65
161 294 339 763 833 1224 1551 1782 2123 2168 2173 2243 2318 2381 2396 2469 2640 2657 2828 2859 2902 2932 2965 3001 3041 3064 

Test #66
339 1959 2123 2287 2583 2902 2923 3081 3193 3224 3458 3531 3584 3588 3737 3773 3793 3850 3931 3939 3951 3964 3990 4010 4030 4069 4075 4118 

Test #67
339 517 956 1832 1959 2105 2123 2286 2635 2902 3157 3193 3339 3433 3458 3560 3565 3584 3588 3657 3672 3737 3747 3751 3773 3793 3829 

Test #68
81 161 280 285 316 339 397 446 591 638 691 718 763 833 990 1011 1110 1197 1252 1261 1320 1338 1432 1455 1499 1625 1626 1641 1719 1739 1782 1836 1844 1917 1950 1969 2033 2072 2110 

Test #69
4290 4363 4561 4721 4791 5127 5131 5170 5208 5230 5256 5281 5324 5354 5443 5508 

Test #70
85 161 165 196 206 229 268 280 285 316 339 359 368 411 429 446 500 517 606 669 691 718 727 904 941 960 990 992 1011 1110 1157 1197 1235 1252 1320 1338 1351 1359 1426 1474 1486 1499 1648 1652 1655 1675 1719 

Test #71
339 737 1959 2123 2287 2583 2902 2923 3081 3193 3224 3531 3584 3773 3793 3850 3939 3951 3964 3990 4010 4030 4069 4075 4079 4118 4121 

Test #72
85 161 165 196 206 229 268 280 285 316 339 359 368 411 429 446 469 500 517 606 669 718 727 904 941 960 990 992 1011 1110 1157 1197 1235 1320 1351 1359 1426 1474 1486 1499 1648 1652 1655 1675 1719 

Test #73
339 1959 2123 2287 2583 2902 2923 3081 3193 3224 3458 3531 3584 3588 3737 3773 3793 3850 3931 3939 3951 3964 3990 4010 4030 4069 4075 4118 

Test #74
545 2123 2772 2939 3718 3746 4193 4298 4504 4505 4681 4721 4724 4791 4794 4828 4845 4886 4905 4935 4959 

Test #75
545 737 2123 2520 2772 2902 3566 3718 4192 4193 4295 4298 4300 4370 4469 4652 4681 4696 4721 4724 4760 4794 

Test #76
81 161 280 285 316 339 397 446 638 691 718 763 833 990 1011 1110 1197 1252 1320 1338 1432 1455 1625 1719 1739 1782 1836 1844 1917 1924 1969 2033 2075 2110 2123 2187 

Test #77
545 2123 2772 2902 3566 3718 3746 4192 4193 4298 4505 4681 4721 4724 4760 4794 4828 

Test #78
545 737 2123 2520 2902 3513 3718 3951 4177 4192 4295 4298 4300 4370 4469 4488 4558 4566 4646 4652 

Test #79
161 339 517 833 956 1832 1844 2105 2123 2497 2859 2902 3193 3339 3458 3560 3565 3584 3588 3614 3657 3672 

Test #80
46 161 339 392 763 833 1224 1455 1782 1844 2033 2123 2168 2193 2213 2226 2243 2318 2345 2381 2396 2469 2507 2629 2640 2657 2667 2697 2747 2753 2859 

Test #81
85 161 165 196 206 229 280 285 316 339 359 368 397 411 429 446 500 606 669 691 718 727 904 941 960 990 992 1011 1110 1157 1197 1252 1320 1338 1351 1359 1426 1455 1486 1499 1593 1648 1652 1655 1675 1719 

Test #82
3235 4298 4488 4561 4721 4724 4783 4791 4868 5101 5131 5135 5139 5170 5196 5208 5230 5253 5256 5281 5291 5324 5352 5354 

Test #83
2123 3235 3666 3718 3746 4298 4488 4721 4724 4783 4791 4901 4905 4941 4947 4964 5027 5037 5057 5101 5126 5135 5139 

Test #84
46 161 316 339 345 382 397 446 456 691 763 833 1110 1252 1338 1432 1455 1540 1625 1674 1719 1782 1836 1844 2033 2049 2123 2168 2213 2226 2241 2243 2318 2344 2345 2346 2350 2381 2396 2427 2453 

Test #85
545 2123 2772 2939 3718 3746 4193 4298 4504 4505 4681 4721 4724 4791 4794 4828 4845 4886 4905 4935 4959 

Test #86
161 280 285 316 339 382 397 446 591 638 691 718 763 833 990 1011 1110 1197 1252 1261 1320 1338 1432 1455 1499 1625 1626 1641 1719 1739 1782 1836 1844 1917 1950 1952 1969 2006 2033 2072 

Test #87
85 161 165 196 206 229 280 285 316 339 359 368 397 411 429 446 500 606 669 691 718 727 904 941 960 990 992 1011 1110 1157 1197 1252 1320 1338 1351 1359 1426 1455 1486 1499 1593 1648 1652 1655 1675 1719 

Test #88
161 294 339 763 771 833 1224 1551 1782 2033 2123 2168 2173 2213 2243 2318 2381 2396 2469 2640 2657 2828 2859 2902 2932 2965 3001 

Test #89
46 161 316 339 345 382 397 446 691 763 833 1110 1197 1252 1320 1338 1432 1455 1540 1625 1719 1782 1836 1844 2019 2033 2049 2110 2123 2168 2213 2226 2241 2243 2318 2344 2345 2346 2350 2381 2383 2396 2427 

Test #90
545 2123 2772 2902 3566 3718 3746 4192 4193 4298 4505 4681 4721 4724 4760 4794 4828 

Test #91
85 161 165 185 196 206 229 266 268 316 332 339 359 368 411 429 446 469 500 517 606 613 669 718 727 797 904 941 960 990 992 1011 1110 1157 1197 1235 1320 1351 1359 1426 1474 1486 1499 1648 1652 1655 1675 

Test #92
3235 4298 4488 4721 4724 4783 4791 4868 5057 5101 5126 5131 5135 5139 5170 5196 5208 5230 5253 5256 5281 5291 5324 5352 5354 

Test #93
51 161 280 316 339 382 397 446 691 718 763 833 990 1110 1197 1252 1320 1338 1432 1455 1540 1625 1719 1782 1836 1844 2019 2033 2049 2110 2123 2168 2213 2226 2241 2243 2345 2346 2350 

Test #94
46 161 294 339 392 763 771 833 1224 1455 1551 1782 1844 2033 2123 2168 2193 2213 2226 2243 2318 2381 2396 2469 2507 2629 2640 2657 2667 2697 2747 2753 2828 2859 2902 

Test #95
545 2123 3235 3718 3746 4298 4488 4681 4721 4724 4791 4845 4886 4901 4905 4935 4941 4947 4964 5027 5037 5057 5078 

Test #96
161 339 517 833 956 1832 1844 2105 2123 2497 2859 2902 3193 3339 3458 3560 3565 3584 3588 3614 3657 3672 

Test #97
3235 3666 4298 4488 4721 4724 4783 4791 4868 4947 4964 5057 5069 5101 5126 5131 5135 5139 5170 5196 5208 5230 5256 5262 5281 5291 

Test #98
161 339 564 763 802 833 1224 1400 1782 2123 2173 2362 2640 2828 2859 2902 2965 3001 3041 3064 3144 3165 3214 3221 3227 

Test #99
339 737 2123 2287 2583 2902 3081 3139 3224 3531 3584 3773 3793 3850 3951 3964 3990 4069 4075 4079 4118 4121 4170 4192 

Test #100
3235 3666 3718 3746 4298 4488 4721 4724 4783 4791 4901 4905 4941 4947 4964 5027 5057 5101 5126 5135 5139 5196 

Test #101
154 161 167 257 339 491 667 763 802 833 2123 2156 2173 2362 2416 2828 2859 2902 2965 2971 3001 3064 3144 3169 3193 3212 3214 3221 3251 3260 3302 3315 3316 3391 3396 

Test #102
46 161 339 392 412 446 456 470 763 833 1432 1455 1625 1782 1836 1844 2033 2123 2168 2193 2213 2226 2243 2318 2345 2381 2396 2407 2453 2469 2507 2619 2640 2667 2697 

Test #103
3235 3666 3718 3746 4298 4488 4721 4724 4783 4791 4901 4905 4941 4947 4964 5027 5057 5101 5126 5135 5139 5196 

Test #104
48 85 161 206 280 285 316 339 359 397 411 429 446 500 606 669 691 718 727 904 960 990 992 1011 1110 1157 1197 1252 1320 1338 1359 1426 1432 1455 1486 1499 1593 1625 1648 1652 1655 1675 1719 1833 1836 

Test #105
161 280 285 316 339 382 397 446 591 638 691 718 763 833 990 1011 1110 1197 1252 1261 1320 1338 1432 1455 1499 1625 1626 1641 1719 1739 1782 1836 1844 1917 1950 1952 1969 2006 2033 2072 

Test #106
339 737 2123 2583 2902 3139 3224 3531 3584 3773 3793 3951 4075 4121 4170 4178 4192 4263 4284 4298 4300 

Test #107
46 161 316 339 345 382 397 446 691 763 833 1110 1197 1252 1320 1338 1432 1455 1540 1625 1719 1782 1836 1844 2019 2033 2049 2110 2123 2168 2213 2226 2241 2243 2318 2344 2345 2346 2350 2381 2383 2396 2427 

Test #108
3235 3666 3746 4298 4488 4721 4724 4783 4791 4901 4941 4947 4964 5027 5057 5069 5101 5126 5131 5135 5139 5170 5196 5203 5208 5230 

Test #109
154 161 167 257 339 491 667 763 802 833 2123 2156 2173 2362 2416 2828 2859 2902 2965 2971 3001 3064 3144 3169 3193 3212 3214 3221 3251 3260 3302 3315 3316 3391 3396 

Test #110
339 737 2123 2583 2902 3377 3773 3793 3951 4075 4138 4178 4192 4284 4295 4298 4300 

Test #111
46 115 161 316 339 382 397 446 456 470 691 763 833 1110 1338 1432 1455 1625 1674 1719 1782 1836 1844 2033 2049 2123 2168 2213 2226 2243 2318 2344 2345 2346 2350 2381 2396 2427 2453 2507 

Test #112
155 161 339 491 517 667 833 841 956 1832 1945 2123 2156 2497 2557 2859 2902 2965 2971 3169 3193 3212 3214 3221 3260 3316 3339 3458 3547 

Test #113
339 737 2123 2287 2583 2902 3139 3224 3531 3584 3773 3793 3951 3964 3990 4075 4079 4118 4121 4170 4178 4192 4263 

Test #114
48 161 280 285 316 339 382 397 411 429 446 500 591 638 691 718 763 833 904 990 1011 1110 1197 1252 1261 1320 1338 1432 1455 1499 1625 1626 1641 1675 1719 1782 1836 1844 1908 1917 1950 1952 1969 

Test #115
339 737 2123 2583 2902 3139 3224 3531 3584 3773 3793 3951 4075 4121 4170 4178 4192 4263 4284 4298 4300 

Test #116
155 161 339 491 517 667 833 841 956 1832 1945 2123 2156 2497 2557 2859 2902 2965 2971 3169 3193 3212 3214 3221 3260 3316 3339 3458 3547 

Test #117
46 51 161 316 339 382 397 446 691 718 763 833 1110 1197 1252 1320 1338 1432 1455 1540 1625 1719 1782 1836 1844 2019 2033 2049 2110 2123 2168 2213 2226 2241 2243 2344 2345 2346 2350 2383 2396 

Test #118
339 737 2123 2902 3377 3793 3951 4075 4138 4178 4192 4284 4295 4298 4300 4370 4469 

Test #119
545 2123 2772 2939 3718 3746 4193 4298 4504 4505 4681 4721 4724 4791 4794 4828 4845 4886 4905 4935 4959 

Test #120
161 339 763 802 833 1224 1400 1782 2123 2173 2640 2828 2859 2902 2965 3001 3041 3064 3144 3165 

Test #121
161 339 517 833 956 1832 1844 2105 2123 2497 2859 2902 3193 3339 3458 3560 3565 3584 3588 3614 3657 3672 

Test #122
545 2123 2772 2939 3718 3746 4193 4298 4505 4681 4721 4724 4760 4791 4794 4828 4886 4905 

Test #123
46 161 339 392 763 833 1224 1455 1782 1844 2033 2123 2168 2193 2213 2226 2243 2318 2345 2381 2396 2469 2507 2629 2640 2657 2667 2697 2747 2753 2859 

Test #124
339 737 2123 2575 2583 2902 3531 3773 3793 3951 4075 4121 4170 4178 4192 4263 4284 4298 4300 

Test #125
81 161 280 285 316 339 397 446 638 691 718 763 833 990 1011 1110 1197 1252 1320 1338 1432 1455 1625 1719 1739 1782 1836 1844 1917 1924 1969 2033 2075 2110 2123 2187 

Test #126
51 81 161 280 285 316 339 397 446 638 691 718 763 833 990 1110 1197 1252 1320 1338 1432 1455 1540 1625 1719 1782 1836 1844 1969 2033 2049 2075 2110 2123 2168 2187 2213 2226 2241 

Test #127
46 115 161 316 339 382 397 446 456 470 691 763 833 1110 1338 1432 1455 1625 1674 1719 1782 1836 1844 2033 2049 2123 2168 2213 2226 2243 2318 2344 2345 2346 2350 2381 2396 2427 2453 2507 

Test #128
48 85 161 206 280 285 316 339 382 397 411 429 446 500 638 669 691 718 727 904 960 990 1011 1110 1157 1197 1252 1320 1338 1359 1432 1455 1486 1499 1593 1625 1641 1675 1719 1782 1833 1836 1884 1908 1917 

Test #129
339 517 956 1832 1959 2105 2123 2286 2635 2902 3157 3193 3339 3433 3458 3560 3565 3584 3588 3657 3672 3737 3747 3751 3773 3793 3829 

Test #130
2123 3235 3718 3746 4298 4488 4681 4721 4724 4791 4845 4901 4905 4941 4947 4964 5027 5037 5057 5078 5101 

Test #131
3235 4298 4488 4561 4721 4724 4783 4791 4868 5101 5131 5135 5139 5170 5196 5208 5230 5253 5256 5281 5291 5324 5352 5354 

Test #132
54 85 161 165 185 206 229 266 268 316 332 339 359 368 411 429 446 469 500 517 606 613 669 718 727 797 904 941 990 992 1110 1157 1197 1235 1320 1351 1359 1404 1474 1486 1499 

Test #133
81 161 280 285 316 339 397 446 638 691 718 763 833 990 1011 1110 1197 1252 1320 1338 1432 1455 1625 1719 1739 1782 1836 1844 1969 2033 2075 2110 2123 2187 2213 2226 

Test #134
545 2123 2939 3235 3718 3746 4298 4681 4721 4724 4791 4794 4828 4845 4886 4901 4905 4935 4964 5027 5037 

Test #135
48 85 161 206 280 285 316 339 359 397 411 429 446 500 606 669 691 718 727 904 960 990 992 1011 1110 1157 1197 1252 1320 1338 1359 1426 1432 1455 1486 1499 1593 1625 1648 1652 1655 1675 1719 1833 1836 

Test #136
46 115 161 316 339 397 446 456 470 691 763 833 1110 1432 1455 1625 1674 1782 1836 1844 2033 2123 2168 2213 2226 2243 2318 2344 2345 2346 2350 2381 2396 2453 2469 2507 

Test #137
339 517 956 1832 1844 2105 2123 2286 2497 2902 3157 3193 3339 3458 3560 3565 3584 3588 3614 3657 3672 3747 3751 

Test #138
46 115 161 316 339 397 446 456 470 691 763 833 1110 1338 1432 1455 1625 1674 1782 1836 1844 2033 2049 2123 2168 2213 2226 2243 2318 2344 2345 2346 2350 2381 2396 2427 2453 2469 2507 2528 

Test #139
81 161 280 285 316 339 397 446 591 638 691 718 763 833 990 1011 1110 1197 1252 1320 1338 1432 1455 1625 1719 1739 1782 1836 1844 1917 1924 1950 1969 2033 2075 2110 2123 

Test #140
4290 4298 4363 4405 4561 4721 4724 4791 5127 5131 5170 5208 5230 5253 5256 5281 5324 5354 5443 

Test #141
3235 3666 4298 4488 4721 4724 4783 4791 4868 4947 4964 5057 5069 5101 5126 5131 5135 5139 5170 5196 5208 5230 5256 5262 5281 5291 

Test #142
161 294 339 763 771 833 1224 1551 1782 1844 2033 2123 2168 2193 2213 2226 2243 2318 2381 2396 2469 2629 2640 2657 2667 2697 2747 2753 2828 2859 2902 2932 2933 

Test #143
154 161 167 257 339 491 763 802 833 2123 2156 2173 2362 2416 2828 2859 2902 2965 2971 3001 3041 3064 3144 3165 3169 3193 3212 3214 3221 3227 3251 3260 3302 3315 3316 

Test #144
339 517 1959 2105 2123 2286 2596 2600 2635 2902 2918 3193 3433 3458 3515 3560 3565 3584 3588 3657 3737 3747 3773 3793 3829 3850 3906 

Test #145
161 339 491 564 763 802 833 1400 1782 2123 2173 2362 2416 2828 2859 2902 2965 2971 3001 3041 3064 3144 3165 3169 3212 3214 3221 3227 3251 3260 3302 3315 3316 

Test #146
81 161 280 285 316 339 397 446 591 638 691 718 763 833 990 1011 1110 1197 1252 1261 1320 1338 1432 1455 1499 1625 1626 1641 1719 1739 1782 1836 1844 1917 1950 1969 2033 2072 2110 

Test #147
48 85 161 206 280 285 316 339 397 411 429 446 500 606 638 669 691 718 727 904 960 990 992 1011 1110 1157 1197 1252 1320 1338 1359 1432 1455 1486 1499 1593 1625 1648 1655 1675 1719 1782 1833 1836 

Test #148
339 517 1959 2123 2286 2287 2596 2635 2902 3081 3193 3433 3458 3515 3584 3588 3737 3773 3793 3850 3906 3931 3939 3951 3964 3990 

Test #149
545 2123 2772 2939 3718 3746 4193 4298 4505 4681 4721 4724 4760 4791 4794 4828 4886 4905 

Test #150
2123 3235 3718 3746 4298 4488 4681 4721 4724 4791 4845 4901 4905 4941 4947 4964 5027 5037 5057 5078 5101 

Test #151
4290 4363 4561 4721 4791 5127 5131 5170 5208 5230 5256 5281 5324 5354 5443 5508 

Test #152
161 294 339 763 771 833 1224 1551 1782 2033 2123 2168 2173 2213 2243 2318 2381 2396 2469 2640 2657 2828 2859 2902 2932 2965 3001 

Test #153
339 737 2123 2583 2902 3377 3773 3793 3951 4075 4138 4178 4192 4284 4295 4298 4300 

Test #154
46 161 339 392 412 763 833 1224 1455 1782 1836 1844 2033 2123 2168 2193 2213 2226 2243 2318 2345 2381 2396 2407 2469 2507 2619 2629 2640 2657 2667 2697 2747 2753 

Test #155
48 85 161 206 280 285 316 339 359 397 411 429 446 500 606 669 691 718 727 904 960 990 992 1011 1110 1157 1197 1252 1320 1338 1359 1426 1432 1455 1486 1499 1593 1625 1648 1652 1655 1675 1719 1833 1836 

Test #156
545 2123 2772 2939 3718 3746 4193 4298 4505 4681 4721 4724 4760 4791 4794 4828 4886 4905 

Test #157
154 161 167 257 339 491 667 763 802 833 2123 2156 2173 2362 2416 2828 2859 2902 2965 2971 3001 3064 3144 3169 3193 3212 3214 3221 3251 3260 3302 3315 3316 3391 3396 

Test #158
46 115 161 316 339 397 446 456 470 763 833 1110 1432 1455 1625 1674 1782 1836 1844 2033 2123 2168 2213 2226 2243 2318 2345 2350 2381 2396 2453 2469 2507 2619 

Test #159
3235 3666 3746 4298 4488 4721 4724 4783 4791 4901 4941 4947 4964 5027 5057 5069 5101 5126 5131 5135 5139 5170 5196 5203 5208 5230 

Test #160
54 85 161 165 185 206 229 266 268 316 332 339 359 368 411 429 446 469 500 517 606 613 669 718 727 797 904 941 990 992 1110 1157 1197 1235 1320 1351 1359 1404 1474 1486 1499 

Test #161
81 161 280 285 316 339 397 446 591 638 691 718 763 833 990 1011 1110 1197 1252 1320 1338 1432 1455 1625 1719 1739 1782 1836 1844 1917 1924 1950 1969 2033 2075 2110 2123 

Test #162
545 2123 2939 3235 3718 3746 4298 4681 4721 4724 4791 4794 4828 4845 4886 4901 4905 4935 4964 5027 5037 

Test #163
4290 4363 4561 4721 4791 5127 5131 5170 5208 5230 5256 5281 5324 5354 5443 5508 

Test #164
46 115 161 316 339 412 446 456 470 763 833 1110 1432 1455 1625 1782 1836 1844 2033 2123 2168 2193 2213 2226 2243 2318 2345 2350 2381 2396 2453 2469 2507 2619 2640 2667 

Test #165
339 737 2123 2583 2902 3377 3531 3773 3793 3951 4075 4121 4170 4178 4192 4263 4284 4295 4298 4300 

Test #166
85 161 165 196 206 229 268 280 285 316 339 359 368 411 429 446 500 517 606 669 691 718 727 904 941 960 990 992 1011 1110 1157 1197 1235 1252 1320 1338 1351 1359 1426 1474 1486 1499 1648 1652 1655 1675 1719 

Test #167
155 161 339 491 517 667 833 841 956 1832 1945 2123 2156 2497 2557 2859 2902 2965 2971 3169 3193 3212 3214 3221 3260 3316 3339 3458 3547 

Test #168
46 115 161 316 339 397 446 456 470 691 763 833 1110 1432 1455 1625 1674 1782 1836 1844 2033 2123 2168 2213 2226 2243 2318 2344 2345 2346 2350 2381 2396 2453 2469 2507 

Test #169
46 115 161 316 339 397 446 456 470 763 833 1110 1432 1455 1625 1674 1782 1836 1844 2033 2123 2168 2213 2226 2243 2318 2345 2350 2381 2396 2453 2469 2507 2619 

Test #170
339 1959 2123 2287 2583 2596 2902 2923 3081 3193 3224 3433 3458 3531 3584 3588 3737 3773 3793 3850 3931 3939 3951 3964 3990 4010 4030 4069 4075 

Test #171
46 51 161 316 339 382 397 446 691 718 763 833 1110 1197 1252 1320 1338 1432 1455 1540 1625 1719 1782 1836 1844 2019 2033 2049 2110 2123 2168 2213 2226 2241 2243 2344 2345 2346 2350 2383 2396 

Test #172
51 161 280 316 339 382 397 446 691 718 763 833 990 1110 1197 1252 1320 1338 1432 1455 1540 1625 1719 1782 1836 1844 2019 2033 2049 2110 2123 2168 2213 2226 2241 2243 2345 2346 2350 

Test #173
3235 4298 4488 4561 4721 4724 4783 4791 4868 5101 5131 5135 5139 5170 5196 5208 5230 5253 5256 5281 5291 5324 5352 5354 

Test #174
339 1959 2123 2287 2583 2902 2923 3081 3193 3224 3458 3531 3584 3588 3737 3773 3793 3850 3931 3939 3951 3964 3990 4010 4030 4069 4075 4118 

Test #175
737 2123 2520 2902 3513 3951 4075 4192 4295 4298 4300 4370 4469 4488 4558 4566 

Test #176
161 294 339 763 771 833 1224 1551 1782 2033 2123 2168 2173 2213 2243 2318 2381 2396 2469 2640 2657 2828 2859 2902 2932 2965 3001 

Test #177
339 737 2123 2902 3377 3793 3951 4075 4138 4178 4192 4284 4295 4298 4300 4370 4469 

Test #178
545 737 2123 2520 2772 2902 3566 3718 4192 4193 4295 4298 4300 4370 4469 4652 4681 4696 4721 4724 4760 4794 

Test #179
4298 4363 4405 4561 4721 4724 4783 4791 5101 5131 5139 5170 5196 5208 5230 5253 5256 5281 5324 5352 5354 

Test #180
339 517 956 1832 1959 2105 2123 2286 2635 2902 3157 3193 3339 3433 3458 3560 3565 3584 3588 3657 3672 3737 3747 3751 3773 3793 3829 

Test #181
339 737 2123 2583 2902 3139 3224 3531 3584 3773 3793 3951 4075 4121 4170 4178 4192 4263 4284 4298 4300 

Test #182
3235 3666 3746 4298 4488 4721 4724 4783 4791 4868 4947 4964 5027 5057 5069 5101 5126 5131 5135 5139 5170 5196 5208 5230 5256 5262 

Test #183
3235 3666 3718 3746 4298 4488 4721 4724 4783 4791 4901 4905 4941 4947 4964 5027 5057 5101 5126 5135 5139 5196 

Test #184
161 294 339 763 833 1224 1551 1782 2123 2168 2173 2243 2318 2381 2396 2469 2640 2657 2828 2859 2902 2932 2965 3001 3041 3064 

Test #185
46 161 316 339 345 382 397 446 456 691 763 833 1110 1252 1338 1432 1455 1540 1625 1674 1719 1782 1836 1844 2033 2049 2123 2168 2213 2226 2241 2243 2318 2344 2345 2346 2350 2381 2396 2427 2453 

Test #186
3235 4298 4488 4561 4721 4724 4783 4791 4868 5101 5131 5135 5139 5170 5196 5208 5230 5253 5256 5281 5291 5324 5352 5354 

Test #187
46 161 316 339 345 382 397 446 691 763 833 1110 1197 1252 1320 1338 1432 1455 1540 1625 1719 1782 1836 1844 2019 2033 2049 2110 2123 2168 2213 2226 2241 2243 2318 2344 2345 2346 2350 2381 2383 2396 2427 

Test #188
339 737 1959 2123 2287 2583 2902 2923 3081 3193 3224 3531 3584 3773 3793 3850 3939 3951 3964 3990 4010 4030 4069 4075 4079 4118 4121 

Test #189
46 161 316 339 345 382 397 446 691 763 833 1110 1197 1252 1320 1338 1432 1455 1540 1625 1719 1782 1836 1844 2019 2033 2049 2110 2123 2168 2213 2226 2241 2243 2318 2344 2345 2346 2350 2381 2383 2396 2427 

Test #190
48 161 280 285 316 339 382 397 411 429 446 500 591 638 691 718 763 833 904 990 1011 1110 1197 1252 1261 1320 1338 1432 1455 1499 1625 1626 1641 1675 1719 1782 1836 1844 1908 1917 1950 1952 1969 

Test #191
339 737 1959 2123 2287 2583 2902 2923 3081 3193 3224 3531 3584 3773 3793 3850 3939 3951 3964 3990 4010 4030 4069 4075 4079 4118 4121 

Test #192
46 161 339 392 763 833 1224 1455 1782 1844 2033 2123 2168 2193 2213 2226 2243 2318 2345 2381 2396 2469 2507 2629 2640 2657 2667 2697 2747 2753 2859 

Test #193
3235 3666 4298 4488 4721 4724 4783 4791 4868 4947 4964 5057 5069 5101 5126 5131 5135 5139 5170 5196 5208 5230 5256 5262 5281 5291 

Test #194
339 1959 2123 2287 2583 2596 2902 2923 3081 3193 3224 3433 3458 3531 3584 3588 3737 3773 3793 3850 3931 3939 3951 3964 3990 4010 4030 4069 4075 

Test #195
339 517 956 1832 1959 2105 2123 2286 2635 2902 3157 3193 3339 3433 3458 3560 3565 3584 3588 3657 3672 3737 3747 3751 3773 3793 3829 

Test #196
339 737 1959 2123 2287 2583 2902 2923 3081 3193 3224 3531 3584 3773 3793 3850 3939 3951 3964 3990 4010 4030 4069 4075 4079 4118 4121 

Test #197
339 737 1959 2123 2287 2583 2902 2923 3081 3193 3224 3531 3584 3773 3793 3850 3939 3951 3964 3990 4010 4030 4069 4075 4079 4118 4121 

Test #198
85 161 165 196 206 229 268 280 285 316 339 359 368 411 429 446 469 500 517 606 669 718 727 904 941 960 990 992 1011 1110 1157 1197 1235 1320 1351 1359 1426 1474 1486 1499 1648 1652 1655 1675 1719 

Test #199
545 2123 2939 3235 3718 3746 4298 4681 4721 4724 4791 4794 4828 4845 4886 4901 4905 4935 4964 5027 5037 

Test #200
545 2123 3235 3718 3746 4298 4488 4681 4721 4724 4791 4845 4886 4901 4905 4935 4941 4947 4964 5027 5037 5057 5078 

Test #201
339 737 1959 2123 2287 2583 2902 2923 3081 3193 3224 3531 3584 3773 3793 3850 3939 3951 3964 3990 4010 4030 4069 4075 4079 4118 4121 

Test #202
48 85 161 206 280 285 316 339 359 397 411 429 446 500 606 669 691 718 727 904 960 990 992 1011 1110 1157 1197 1252 1320 1338 1359 1426 1432 1455 1486 1499 1593 1625 1648 1652 1655 1675 1719 1833 1836 

Test #203
48 85 161 206 280 285 316 339 359 397 411 429 446 500 606 669 691 718 727 904 960 990 992 1011 1110 1157 1197 1252 1320 1338 1359 1426 1432 1455 1486 1499 1593 1625 1648 1652 1655 1675 1719 1833 1836 

Test #204
339 517 956 1959 2105 2123 2286 2600 2635 2902 2918 3193 3339 3433 3458 3515 3560 3565 3584 3588 3657 3737 3747 3751 3773 3793 3829 3850 

Test #205
339 737 2123 2583 2902 3139 3224 3531 3584 3773 3793 3951 4075 4121 4170 4178 4192 4263 4284 4298 4300 

Test #206
545 737 2123 2520 2772 2902 3566 3718 4192 4193 4295 4298 4300 4370 4469 4488 4566 4646 4652 4681 4686 4696 4721 4724 

Test #207
3235 3666 3746 4298 4488 4721 4724 4783 4791 4868 4947 4964 5027 5057 5069 5101 5126 5131 5135 5139 5170 5196 5208 5230 5256 5262 

Test #208
161 339 763 802 833 1224 1400 1782 2123 2173 2640 2828 2859 2902 2965 3001 3041 3064 3144 3165 

Test #209
339 517 1959 2105 2123 2286 2596 2635 2902 2918 3193 3433 3458 3515 3560 3565 3584 3588 3737 3747 3773 3793 3829 3850 3906 3931 3939 3946 3951 

Test #210
545 2123 2939 3235 3718 3746 4298 4681 4721 4724 4791 4794 4828 4845 4886 4901 4905 4935 4964 5027 5037 

Test #211
3235 4298 4488 4561 4721 4724 4783 4791 4868 5101 5131 5135 5139 5170 5196 5208 5230 5253 5256 5281 5291 5324 5352 5354 

Test #212
46 115 161 316 339 397 446 456 470 691 763 833 1110 1432 1455 1625 1674 1782 1836 1844 2033 2123 2168 2213 2226 2243 2318 2344 2345 2346 2350 2381 2396 2453 2469 2507 

Test #213
545 737 2123 2520 2772 2902 3513 3566 3718 3951 4192 4193 4295 4298 4300 4370 4469 4488 4558 4566 4646 4652 4686 4696 

Test #214
545 2123 2772 2939 3235 3718 3746 4298 4504 4505 4681 4721 4724 4791 4794 4828 4845 4886 4901 4905 4935 4959 4964 

Test #215
339 517 1959 2105 2123 2286 2596 2635 2902 2918 3193 3433 3458 3515 3560 3565 3584 3588 3737 3747 3773 3793 3829 3850 3906 3931 3939 3946 3951 

Test #216
4290 4363 4561 4721 4791 5127 5131 5170 5208 5230 5256 5281 5324 5354 5443 5508 

Test #217
545 737 2123 2520 2772 2902 3513 3566 3718 3951 4192 4193 4295 4298 4300 4370 4469 4488 4558 4566 4646 4652 4686 4696 

Test #218
545 737 2123 2520 2902 3513 3718 3951 4177 4192 4295 4298 4300 4370 4469 4488 4558 4566 4646 4652 

Test #219
339 1959 2123 2287 2583 2596 2902 2923 3081 3193 3224 3433 3458 3531 3584 3588 3737 3773 3793 3850 3931 3939 3951 3964 3990 4010 4030 4069 4075 

Test #220
4298 4363 4405 4561 4721 4724 4783 4791 5101 5131 5139 5170 5196 5208 5230 5253 5256 5281 5324 5352 5354 

Test #221
545 2123 2772 2939 3718 3746 4193 4298 4504 4505 4681 4721 4724 4791 4794 4828 4845 4886 4905 4935 4959 

Test #222
46 115 161 316 339 397 446 456 470 691 763 833 1110 1432 1455 1625 1674 1782 1836 1844 2033 2123 2168 2213 2226 2243 2318 2344 2345 2346 2350 2381 2396 2453 2469 2507 

Test #223
46 115 161 316 339 397 446 456 470 763 833 1110 1432 1455 1625 1674 1782 1836 1844 2033 2123 2168 2213 2226 2243 2318 2345 2350 2381 2396 2453 2469 2507 2619 

Test #224
545 737 2123 2520 2772 2902 3513 3566 3718 3951 4192 4193 4295 4298 4300 4370 4469 4488 4558 4566 4646 4652 4686 4696 

Test #225
545 2123 2939 3235 3718 3746 4298 4681 4721 4724 4791 4794 4828 4845 4886 4901 4905 4935 4964 5027 5037 

Test #226
545 2123 2772 2902 3566 3718 3746 4192 4193 4298 4505 4652 4681 4696 4721 4724 4760 4794 4828 

Test #227
161 339 763 802 833 1224 1400 1782 2123 2173 2640 2828 2859 2902 2965 3001 3041 3064 3144 3165 

Test #228
155 161 339 491 517 667 833 841 956 1832 1945 2123 2156 2497 2557 2859 2902 2965 2971 3169 3193 3212 3214 3221 3316 3339 3458 3547 3584 3597 

Test #229
545 2123 2772 2902 3566 3718 3746 4192 4193 4298 4505 4652 4681 4696 4721 4724 4760 4794 4828 

Test #230
46 115 161 316 339 397 446 456 470 691 763 833 1110 1338 1432 1455 1625 1674 1782 1836 1844 2033 2049 2123 2168 2213 2226 2243 2318 2344 2345 2346 2350 2381 2396 2427 2453 2469 2507 2528 

Test #231
161 294 339 763 833 1224 1551 1782 2123 2168 2173 2243 2318 2381 2396 2469 2640 2657 2828 2859 2902 2932 2965 3001 3041 3064 

Test #232
154 161 167 257 339 491 667 763 802 833 2123 2156 2173 2362 2416 2828 2859 2902 2965 2971 3001 3064 3144 3169 3193 3212 3214 3221 3251 3260 3302 3315 3316 3391 3396 

Test #233
46 161 339 392 412 446 763 833 1455 1625 1782 1836 1844 2033 2123 2168 2193 2213 2226 2243 2318 2345 2381 2396 2407 2469 2507 2619 2640 2657 2667 2697 2753 

Test #234
161 339 763 802 833 1224 1400 1782 2123 2173 2640 2828 2859 2902 2965 3001 3041 3064 3144 3165 

Test #235
4363 4561 5127 5208 5256 5354 5443 5508 

Test #236
3235 4298 4488 4721 4724 4783 4791 4868 5057 5101 5126 5131 5135 5139 5170 5196 5208 5230 5253 5256 5281 5291 5324 5352 5354 

Test #237
51 161 280 316 339 382 397 446 691 718 763 833 990 1110 1197 1252 1320 1338 1432 1455 1540 1625 1719 1782 1836 1844 2019 2033 2049 2110 2123 2168 2213 2226 2241 2243 2345 2346 2350 

Test #238
3235 3666 3718 3746 4298 4488 4721 4724 4783 4791 4901 4905 4941 4947 4964 5027 5057 5101 5126 5135 5139 5196 

Test #239
161 294 339 763 771 833 1224 1551 1782 1844 2033 2123 2168 2193 2213 2226 2243 2318 2381 2396 2469 2629 2640 2657 2667 2697 2747 2753 2828 2859 2902 2932 2933 

Test #240
737 2123 2520 2902 3513 3793 3951 3986 4075 4192 4295 4298 4300 4370 4469 4488 4558 4566 

Test #241
737 2123 2520 2902 3513 3951 4075 4192 4295 4298 4300 4370 4469 4488 4558 4566 

Test #242
46 161 339 392 412 446 456 470 763 833 1432 1455 1625 1782 1836 1844 2033 2123 2168 2193 2213 2226 2243 2318 2345 2381 2396 2407 2453 2469 2507 2619 2640 2667 2697 

Test #243
4290 4298 4363 4405 4561 4721 4724 4791 5127 5131 5170 5208 5230 5253 5256 5281 5324 5354 5443 

Test #244
161 339 517 833 956 1832 1844 2105 2123 2497 2859 2902 3193 3339 3458 3560 3565 3584 3588 3614 3657 3672 

Test #245
81 161 280 285 316 339 397 446 591 638 691 718 763 833 990 1011 1110 1197 1252 1261 1320 1338 1432 1455 1499 1625 1626 1641 1719 1739 1782 1836 1844 1917 1950 1969 2033 2072 2110 

Test #246
339 517 956 1832 1844 2105 2123 2286 2902 3157 3193 3339 3433 3458 3560 3565 3584 3588 3657 3672 3747 3751 3773 3793 

Test #247
155 161 339 491 517 667 833 841 956 1832 1844 2123 2497 2557 2859 2902 2971 3169 3193 3212 3316 3339 3458 3547 3584 3588 3597 3614 

Test #248
2123 3235 3666 3718 3746 4298 4488 4721 4724 4783 4791 4901 4905 4941 4947 4964 5027 5037 5057 5101 5126 5135 5139 

Test #249
46 161 339 392 763 833 1224 1455 1782 1844 2033 2123 2168 2193 2213 2226 2243 2318 2345 2381 2396 2469 2507 2629 2640 2657 2667 2697 2747 2753 2859 

Test #250
48 161 280 285 316 339 382 397 411 446 591 638 691 718 763 833 990 1011 1110 1197 1252 1261 1320 1338 1432 1455 1499 1625 1626 1641 1675 1719 1739 1782 1836 1844 1917 1950 1952 1969 2006 

Test #251
545 2123 2772 2939 3235 3718 3746 4298 4504 4505 4681 4721 4724 4791 4794 4828 4845 4886 4901 4905 4935 4959 4964 

Test #252
51 81 161 280 285 316 339 397 446 638 691 718 763 833 990 1110 1197 1252 1320 1338 1432 1455 1540 1625 1719 1782 1836 1844 1969 2033 2049 2075 2110 2123 2168 2187 2213 2226 2241 

Test #253
161 294 339 763 771 833 1224 1551 1782 2033 2123 2168 2173 2213 2226 2243 2318 2381 2396 2469 2640 2657 2828 2859 2902 2932 2965 

Test #254
161 280 285 316 339 382 397 446 591 638 691 718 763 833 990 1011 1110 1197 1252 1261 1320 1338 1432 1455 1499 1625 1626 1641 1719 1739 1782 1836 1844 1917 1950 1952 1969 2006 2033 2072 

Test #255
3235 3666 3746 4298 4488 4721 4724 4783 4791 4868 4947 4964 5027 5057 5069 5101 5126 5131 5135 5139 5170 5196 5208 5230 5256 5262 

Test #256
46 161 316 339 345 382 397 446 456 691 763 833 1110 1252 1338 1432 1455 1540 1625 1674 1719 1782 1836 1844 2033 2049 2123 2168 2213 2226 2241 2243 2318 2344 2345 2346 2350 2381 2396 2427 2453 

Test #257
3235 3666 3718 3746 4298 4488 4721 4724 4783 4791 4901 4905 4941 4947 4964 5027 5057 5101 5126 5135 5139 5196 

Test #258
46 161 339 392 412 763 833 1224 1455 1782 1836 1844 2033 2123 2168 2193 2213 2226 2243 2318 2345 2381 2396 2407 2469 2507 2619 2629 2640 2657 2667 2697 2747 2753 

Test #259
339 737 2123 2575 2583 2902 3531 3773 3793 3951 4075 4121 4170 4178 4192 4263 4284 4298 4300 

Test #260
339 737 2123 2583 2902 3377 3793 3951 4075 4138 4178 4192 4284 4295 4298 4300 4469 

Test #261
161 339 517 833 956 1832 1844 2105 2123 2497 2859 2902 3193 3339 3458 3560 3565 3584 3588 3614 3657 3672 

Test #262
85 161 165 196 206 229 280 285 316 339 359 368 397 411 429 446 500 606 669 691 718 727 904 941 960 990 992 1011 1110 1157 1197 1252 1320 1338 1351 1359 1426 1455 1486 1499 1593 1648 1652 1655 1675 1719 

Test #263
81 161 280 285 316 339 397 446 638 691 718 763 833 990 1011 1110 1197 1252 1320 1338 1432 1455 1625 1719 1739 1782 1836 1844 1917 1924 1969 2033 2075 2110 2123 2187 

Test #264
545 2123 2772 2902 3566 3718 3746 4192 4193 4298 4505 4652 4681 4696 4721 4724 4760 4794 4828 

Test #265
154 161 167 257 339 491 763 802 833 2123 2156 2173 2362 2416 2828 2859 2902 2965 2971 3001 3041 3064 3144 3165 3169 3193 3212 3214 3221 3227 3251 3260 3302 3315 3316 

Test #266
81 161 280 285 316 339 397 446 638 691 718 763 833 990 1011 1110 1197 1252 1320 1338 1432 1455 1625 1719 1739 1782 1836 1844 1917 1924 1969 2033 2075 2110 2123 2187 

Test #267
339 737 2123 2902 3377 3793 3951 4075 4138 4178 4192 4284 4295 4298 4300 4370 4469 

Test #268
339 1959 2123 2286 2287 2596 2635 2902 3081 3193 3433 3458 3515 3531 3584 3588 3737 3773 3793 3850 3931 3939 3951 3964 3990 4010 4030 

Test #269
85 161 165 196 206 229 280 285 316 339 359 368 397 411 429 446 500 606 669 691 718 727 904 941 960 990 992 1011 1110 1157 1197 1252 1320 1338 1351 1359 1426 1455 1486 1499 1593 1648 1652 1655 1675 1719 

Test #270
48 85 161 206 280 285 316 339 359 397 411 429 446 500 606 669 691 718 727 904 960 990 992 1011 1110 1157 1197 1252 1320 1338 1359 1426 1432 1455 1486 1499 1593 1625 1648 1652 1655 1675 1719 1833 1836 

Test #271
161 294 339 763 771 833 1224 1551 1782 1844 2033 2123 2168 2193 2213 2226 2243 2318 2381 2396 2469 2629 2640 2657 2667 2697 2747 2753 2828 2859 2902 2932 2933 

Test #272
545 737 2123 2520 2772 2902 3513 3566 3718 3951 4192 4193 4295 4298 4300 4370 4469 4488 4558 4566 4646 4652 4686 4696 

Test #273
46 161 294 339 392 763 771 833 1224 1455 1551 1782 1844 2033 2123 2168 2193 2213 2226 2243 2318 2381 2396 2469 2507 2629 2640 2657 2667 2697 2747 2753 2828 2859 2902 

Test #274
46 161 339 392 412 763 833 1224 1455 1782 1836 1844 2033 2123 2168 2193 2213 2226 2243 2318 2345 2381 2396 2407 2469 2507 2619 2629 2640 2657 2667 2697 2747 2753 

Test #275
46 161 339 392 763 833 1224 1455 1782 1836 1844 2033 2123 2168 2193 2213 2226 2243 2318 2345 2381 2396 2407 2469 2507 2629 2640 2657 2667 2697 2747 2753 

Test #276
154 161 167 257 339 491 667 763 802 833 2123 2156 2173 2362 2416 2828 2859 2902 2965 2971 3001 3064 3144 3169 3193 3212 3214 3221 3251 3260 3302 3315 3316 3391 3396 

Test #277
545 2123 2772 2939 3718 3746 4193 4298 4504 4505 4681 4721 4724 4791 4794 4828 4845 4886 4905 4935 4959 

Test #278
545 737 2123 2520 2772 2902 3566 3718 4192 4193 4295 4298 4300 4370 4469 4488 4566 4646 4652 4681 4686 4696 4721 4724 

Test #279
46 161 339 392 763 833 1224 1455 1782 1844 2033 2123 2168 2193 2213 2226 2243 2318 2345 2381 2396 2469 2507 2629 2640 2657 2667 2697 2747 2753 2859 

Test #280
81 161 280 285 316 339 397 446 638 691 718 763 833 990 1011 1110 1197 1252 1320 1338 1432 1455 1625 1719 1739 1782 1836 1844 1969 2033 2075 2110 2123 2187 2213 2226 

Test #281
2123 3235 3718 3746 4298 4488 4681 4721 4724 4791 4845 4901 4905 4941 4947 4964 5027 5037 5057 5078 5101 

Test #282
51 161 280 316 339 397 446 691 718 763 833 990 1110 1197 1252 1320 1338 1432 1455 1540 1625 1719 1782 1836 1844 2033 2049 2075 2110 2123 2168 2213 2226 2241 

Test #283
46 161 339 392 412 763 833 1224 1455 1782 1836 1844 2033 2123 2168 2193 2213 2226 2243 2318 2345 2381 2396 2407 2469 2507 2619 2629 2640 2657 2667 2697 2747 2753 

Test #284
46 115 161 316 339 382 397 446 456 470 691 763 833 1110 1338 1432 1455 1625 1674 1719 1782 1836 1844 2033 2049 2123 2168 2213 2226 2243 2318 2344 2345 2346 2350 2381 2396 2427 2453 2507 

Test #285
46 115 161 316 339 412 446 456 470 763 833 1110 1432 1455 1625 1782 1836 1844 2033 2123 2168 2193 2213 2226 2243 2318 2345 2350 2381 2396 2453 2469 2507 2619 2640 2667 

Test #286
46 51 161 316 339 382 397 446 691 718 763 833 1110 1197 1252 1320 1338 1432 1455 1540 1625 1719 1782 1836 1844 2019 2033 2049 2110 2123 2168 2213 2226 2241 2243 2344 2345 2346 2350 2383 2396 

Test #287
161 339 564 763 802 833 1224 1400 1782 2123 2173 2362 2416 2640 2828 2859 2902 2965 2971 3001 3041 3064 3144 3165 3169 3214 3221 3227 3251 3260 

Test #288
51 81 161 280 285 316 339 397 446 638 691 718 763 833 990 1110 1197 1252 1320 1338 1432 1455 1540 1625 1719 1782 1836 1844 1969 2033 2049 2075 2110 2123 2168 2187 2213 2226 2241 

Test #289
155 161 339 491 517 667 833 841 956 1832 1945 2123 2156 2497 2557 2859 2902 2965 2971 3169 3193 3212 3214 3221 3260 3316 3339 3458 3547 

Test #290
48 161 280 285 316 339 382 397 411 429 446 500 591 638 691 718 763 833 904 990 1011 1110 1197 1252 1261 1320 1338 1432 1455 1499 1625 1626 1641 1675 1719 1782 1836 1844 1908 1917 1950 1952 1969 

Test #291
545 2123 2939 3235 3718 3746 4298 4681 4721 4724 4791 4794 4828 4845 4886 4901 4905 4935 4964 5027 5037 

Test #292
85 161 165 185 196 206 229 266 268 316 332 339 359 368 411 429 446 469 500 517 606 613 669 718 727 797 904 941 960 990 992 1011 1110 1157 1197 1235 1320 1351 1359 1426 1474 1486 1499 1648 1652 1655 1675 

Test #293
161 280 285 316 339 382 397 446 591 638 691 718 763 833 990 1011 1110 1197 1252 1261 1320 1338 1432 1455 1499 1625 1626 1641 1719 1739 1782 1836 1844 1917 1950 1952 1969 2006 2033 2072 

Test #294
85 161 165 185 196 206 229 266 268 316 332 339 359 368 411 429 446 469 500 517 606 613 669 718 727 797 904 941 960 990 992 1011 1110 1157 1197 1235 1320 1351 1359 1426 1474 1486 1499 1648 1652 1655 1675 

Test #295
545 737 2123 2520 2772 2902 3566 3718 4192 4193 4295 4298 4300 4370 4469 4652 4681 4696 4721 4724 4760 4794 

Test #296
161 339 517 833 956 1832 1844 2105 2123 2497 2859 2902 3193 3339 3458 3560 3565 3584 3588 3614 3657 3672 

Test #297
81 161 280 285 316 339 397 446 591 638 691 718 763 833 990 1011 1110 1197 1252 1320 1338 1432 1455 1625 1719 1739 1782 1836 1844 1917 1924 1950 1969 2033 2075 2110 2123 

Test #298
155 161 339 491 517 833 956 1832 1844 2105 2123 2497 2557 2859 2902 3169 3193 3339 3458 3547 3565 3584 3588 3614 3657 3672 

Test #299
81 161 280 285 316 339 397 446 591 638 691 718 763 833 990 1011 1110 1197 1252 1320 1338 1432 1455 1625 1719 1739 1782 1836 1844 1917 1924 1950 1969 2033 2075 2110 2123 

Test #300
51 161 280 316 339 397 446 691 718 763 833 990 1110 1197 1252 1320 1338 1432 1455 1540 1625 1719 1782 1836 1844 2033 2049 2075 2110 2123 2168 2213 2226 2241 

Test #301
339 517 956 1959 2105 2123 2286 2600 2635 2902 2918 3193 3339 3433 3458 3515 3560 3565 3584 3588 3657 3737 3747 3751 3773 3793 3829 3850 

Test #302
154 161 339 491 667 668 833 2123 2156 2173 2362 2497 2828 2859 2902 2965 2971 3001 3144 3169 3193 3212 3214 3221 3251 3260 3302 3315 3316 3391 3396 3404 

Test #303
3235 3666 4298 4488 4721 4724 4783 4791 4868 4947 4964 5057 5069 5101 5126 5131 5135 5139 5170 5196 5208 5230 5256 5262 5281 5291 

Test #304
2123 3235 3666 3718 3746 4298 4488 4721 4724 4783 4791 4901 4905 4941 4947 4964 5027 5037 5057 5101 5126 5135 5139 

Test #305
737 2123 2520 2902 3513 3793 3951 3986 4075 4192 4295 4298 4300 4370 4469 4488 4558 4566 

Test #306
46 115 161 316 339 382 397 446 456 470 691 763 833 1110 1338 1432 1455 1625 1674 1719 1782 1836 1844 2033 2049 2123 2168 2213 2226 2243 2318 2344 2345 2346 2350 2381 2396 2427 2453 2507 

Test #307
46 161 339 392 763 833 1224 1455 1782 1844 2033 2123 2168 2193 2213 2226 2243 2318 2345 2381 2396 2469 2507 2629 2640 2657 2667 2697 2747 2753 2859 

Test #308
339 517 1959 2105 2123 2286 2596 2635 2902 2918 3193 3433 3458 3515 3560 3565 3584 3588 3737 3747 3773 3793 3829 3850 3906 3931 3939 3946 3951 

Test #309
4363 4561 5127 5208 5256 5354 5443 5508 

Test #310
339 737 1959 2123 2287 2583 2902 2923 3081 3193 3224 3531 3584 3773 3793 3850 3939 3951 3964 3990 4010 4030 4069 4075 4079 4118 4121 

Test #311
339 737 2123 2583 2902 3377 3793 3951 4075 4138 4178 4192 4284 4295 4298 4300 4469 

Test #312
545 2123 3235 3718 3746 4298 4488 4681 4721 4724 4791 4845 4886 4901 4905 4935 4941 4947 4964 5027 5037 5057 5078 

Test #313
545 2123 2772 2902 3566 3718 3746 4192 4193 4298 4505 4652 4681 4696 4721 4724 4760 4794 4828 

Test #314
54 85 161 165 185 206 229 266 268 316 332 339 359 368 411 429 446 469 500 517 606 613 669 718 727 797 904 941 990 992 1110 1157 1197 1235 1320 1351 1359 1404 1474 1486 1499 

Test #315
48 161 206 280 285 316 339 382 397 411 429 446 500 638 691 718 763 904 960 990 1011 1110 1197 1252 1261 1320 1338 1359 1432 1455 1499 1593 1625 1626 1641 1675 1719 1782 1833 1836 1844 1908 1917 1952 

Test #316
48 85 161 206 280 285 316 339 359 397 411 429 446 500 606 669 691 718 727 904 960 990 992 1011 1110 1157 1197 1252 1320 1338 1359 1426 1432 1455 1486 1499 1593 1625 1648 1652 1655 1675 1719 1833 1836 

Test #317
46 51 161 316 339 382 397 446 691 718 763 833 1110 1197 1252 1320 1338 1432 1455 1540 1625 1719 1782 1836 1844 2019 2033 2049 2110 2123 2168 2213 2226 2241 2243 2344 2345 2346 2350 2383 2396 

Test #318
155 161 339 491 667 833 956 1832 1945 2123 2156 2497 2557 2828 2859 2902 2965 2971 3169 3193 3212 3214 3221 3260 3302 3316 3339 3391 3458 

Test #319
46 161 316 339 345 382 397 446 456 691 763 833 1110 1252 1338 1432 1455 1540 1625 1674 1719 1782 1836 1844 2033 2049 2123 2168 2213 2226 2241 2243 2318 2344 2345 2346 2350 2381 2396 2427 2453 

Test #320
339 737 2123 2287 2583 2902 3139 3224 3531 3584 3773 3793 3951 3964 3990 4075 4079 4118 4121 4170 4178 4192 4263 

Test #321
339 517 956 1832 1844 2105 2123 2286 2902 3157 3193 3339 3433 3458 3560 3565 3584 3588 3657 3672 3747 3751 3773 3793 

Test #322
48 161 206 280 285 316 339 382 397 411 429 446 500 638 691 718 763 904 960 990 1011 1110 1197 1252 1261 1320 1338 1359 1432 1455 1499 1593 1625 1626 1641 1675 1719 1782 1833 1836 1844 1908 1917 1952 

Test #323
339 737 2123 2287 2583 2902 3081 3139 3224 3531 3584 3773 3793 3850 3951 3964 3990 4069 4075 4079 4118 4121 4170 4192 

Test #324
339 737 2123 2287 2583 2902 3081 3139 3224 3531 3584 3773 3793 3850 3951 3964 3990 4069 4075 4079 4118 4121 4170 4192 

Test #325
48 85 161 206 280 285 316 339 382 397 411 429 446 500 638 669 691 718 727 904 960 990 1011 1110 1157 1197 1252 1320 1338 1359 1432 1455 1486 1499 1593 1625 1641 1675 1719 1782 1833 1836 1884 1908 1917 

Test #326
154 155 161 339 491 667 668 833 956 2123 2156 2362 2497 2828 2859 2902 2965 2971 3169 3193 3212 3214 3221 3251 3260 3302 3315 3316 3339 3391 3404 3458 

Test #327
46 51 161 316 339 382 397 446 691 718 763 833 1110 1197 1252 1320 1338 1432 1455 1540 1625 1719 1782 1836 1844 2019 2033 2049 2110 2123 2168 2213 2226 2241 2243 2344 2345 2346 2350 2383 2396 

Test #328
46 161 316 339 345 382 397 446 691 763 833 1110 1197 1252 1320 1338 1432 1455 1540 1625 1719 1782 1836 1844 2019 2033 2049 2110 2123 2168 2213 2226 2241 2243 2318 2344 2345 2346 2350 2381 2383 2396 2427 

Test #329
4298 4363 4405 4561 4721 4724 4783 4791 5101 5131 5139 5170 5196 5208 5230 5253 5256 5281 5324 5352 5354 

Test #330
46 161 339 392 763 833 1224 1455 1782 1836 1844 2033 2123 2168 2193 2213 2226 2243 2318 2345 2381 2396 2407 2469 2507 2629 2640 2657 2667 2697 2747 2753 

Test #331
161 294 339 763 771 833 1224 1551 1782 2033 2123 2168 2173 2213 2243 2318 2381 2396 2469 2640 2657 2828 2859 2902 2932 2965 3001 

Test #332
161 339 517 833 956 1832 1844 2105 2123 2497 2859 2902 3193 3339 3458 3560 3565 3584 3588 3614 3657 3672 

Test #333
737 2123 2520 2902 3513 3951 4075 4192 4295 4298 4300 4370 4469 4488 4558 4566 

Test #334
46 115 161 316 339 412 446 456 470 763 833 1110 1432 1455 1625 1782 1836 1844 2033 2123 2168 2193 2213 2226 2243 2318 2345 2350 2381 2396 2453 2469 2507 2619 2640 2667 

Test #335
161 339 564 763 802 833 1224 1400 1782 2123 2173 2362 2416 2640 2828 2859 2902 2965 2971 3001 3041 3064 3144 3165 3169 3214 3221 3227 3251 3260 

Test #336
155 161 339 491 517 667 833 841 956 1832 1945 2123 2156 2497 2557 2859 2902 2965 2971 3169 3193 3212 3214 3221 3260 3316 3339 3458 3547 

Test #337
155 161 339 491 517 667 833 841 956 1832 1945 2123 2156 2497 2557 2859 2902 2965 2971 3169 3193 3212 3214 3221 3260 3316 3339 3458 3547 

Test #338
339 737 2123 2583 2902 3377 3773 3793 3951 4075 4138 4178 4192 4284 4295 4298 4300 

Test #339
48 85 161 206 280 285 316 339 359 397 411 429 446 500 606 669 691 718 727 904 960 990 992 1011 1110 1157 1197 1252 1320 1338 1359 1426 1432 1455 1486 1499 1593 1625 1648 1652 1655 1675 1719 1833 1836 

Test #340
155 161 339 491 517 667 833 841 956 1832 1945 2123 2156 2497 2557 2859 2902 2965 2971 3169 3193 3212 3214 3221 3260 3316 3339 3458 3547 

Test #341
161 294 339 763 771 833 1224 1551 1782 2033 2123 2168 2173 2213 2226 2243 2318 2381 2396 2469 2640 2657 2828 2859 2902 2932 2965 

Test #342
737 2123 2520 2902 3513 3951 4075 4192 4295 4298 4300 4370 4469 4488 4558 4566 

Test #343
161 294 339 763 771 833 1224 1551 1782 1844 2033 2123 2168 2193 2213 2226 2243 2318 2381 2396 2469 2629 2640 2657 2667 2697 2747 2753 2828 2859 2902 2932 2933 

Test #344
81 161 280 285 316 339 397 446 591 638 691 718 763 833 990 1011 1110 1197 1252 1320 1338 1432 1455 1625 1719 1739 1782 1836 1844 1917 1924 1950 1969 2033 2075 2110 2123 

Test #345
737 2123 2520 2902 3513 3951 4075 4192 4295 4298 4300 4370 4469 4488 4558 4566 

Test #346
161 339 564 763 802 833 1224 1400 1782 2123 2173 2362 2416 2640 2828 2859 2902 2965 2971 3001 3041 3064 3144 3165 3169 3214 3221 3227 3251 3260 

Test #347
51 161 280 316 339 382 397 446 691 718 763 833 990 1110 1197 1252 1320 1338 1432 1455 1540 1625 1719 1782 1836 1844 2019 2033 2049 2110 2123 2168 2213 2226 2241 2243 2345 2346 2350 

Test #348
3235 3666 4298 4488 4721 4724 4783 4791 4868 4947 4964 5057 5069 5101 5126 5131 5135 5139 5170 5196 5208 5230 5256 5262 5281 5291 

Test #349
2123 3235 3718 3746 4298 4488 4681 4721 4724 4791 4845 4901 4905 4941 4947 4964 5027 5037 5057 5078 5101 

Test #350
161 339 763 802 833 1171 1224 1400 1782 2123 2173 2640 2828 2859 2902 2932 2965 3001 3041 3064 3144 

Test #351
339 517 1959 2123 2286 2287 2596 2635 2902 3081 3193 3433 3458 3515 3584 3588 3737 3773 3793 3850 3906 3931 3939 3951 3964 3990 

Test #352
161 339 491 564 763 802 833 1400 1782 2123 2173 2362 2416 2828 2859 2902 2965 2971 3001 3041 3064 3144 3165 3169 3212 3214 3221 3227 3251 3260 3302 3315 3316 

Test #353
154 161 167 257 339 491 667 763 802 833 2123 2156 2173 2362 2416 2828 2859 2902 2965 2971 3001 3064 3144 3169 3193 3212 3214 3221 3251 3260 3302 3315 3316 3391 3396 

Test #354
46 115 161 316 339 412 446 456 470 763 833 1110 1432 1455 1625 1782 1836 1844 2033 2123 2168 2193 2213 2226 2243 2318 2345 2350 2381 2396 2453 2469 2507 2619 2640 2667 

Test #355
48 161 280 285 316 339 382 397 411 429 446 500 591 638 691 718 763 833 904 990 1011 1110 1197 1252 1261 1320 1338 1432 1455 1499 1625 1626 1641 1675 1719 1782 1836 1844 1908 1917 1950 1952 1969 

Test #356
155 161 339 491 517 833 956 1832 1844 2105 2123 2497 2557 2859 2902 3169 3193 3339 3458 3547 3565 3584 3588 3614 3657 3672 

Test #357
339 737 2123 2583 2902 3377 3773 3793 3951 4075 4138 4178 4192 4284 4295 4298 4300 

Test #358
46 161 339 392 412 446 763 833 1455 1625 1782 1836 1844 2033 2123 2168 2193 2213 2226 2243 2318 2345 2381 2396 2407 2469 2507 2619 2640 2657 2667 2697 2753 

Test #359
339 737 2123 2583 2902 3377 3531 3773 3793 3951 4075 4121 4170 4178 4192 4263 4284 4295 4298 4300 

Test #360
339 737 2123 2287 2583 2902 3139 3224 3531 3584 3773 3793 3951 3964 3990 4075 4079 4118 4121 4170 4178 4192 4263 

Test #361
339 517 956 1959 2105 2123 2286 2600 2635 2902 2918 3193 3339 3433 3458 3515 3560 3565 3584 3588 3657 3737 3747 3751 3773 3793 3829 3850 

Test #362
48 85 161 206 280 285 316 339 359 397 411 429 446 500 606 669 691 718 727 904 960 990 992 1011 1110 1157 1197 1252 1320 1338 1359 1426 1432 1455 1486 1499 1593 1625 1648 1652 1655 1675 1719 1833 1836 

Test #363
51 161 280 316 339 397 446 691 718 763 833 990 1110 1197 1252 1320 1338 1432 1455 1540 1625 1719 1782 1836 1844 2033 2049 2075 2110 2123 2168 2213 2226 2241 

Test #364
161 294 339 763 771 833 1224 1551 1782 1844 2033 2123 2168 2193 2213 2226 2243 2318 2381 2396 2469 2629 2640 2657 2667 2697 2747 2753 2828 2859 2902 2932 2933 

Test #365
46 161 339 392 763 833 1224 1455 1782 1844 2033 2123 2168 2193 2213 2226 2243 2318 2345 2381 2396 2469 2507 2629 2640 2657 2667 2697 2747 2753 2859 

Test #366
339 517 956 1959 2105 2123 2286 2600 2635 2902 2918 3193 3339 3433 3458 3515 3560 3565 3584 3588 3657 3737 3747 3751 3773 3793 3829 3850 

Test #367
545 737 2123 2520 2772 2902 3566 3718 4192 4193 4295 4298 4300 4370 4469 4652 4681 4696 4721 4724 4760 4794 

Test #368
545 737 2123 2520 2772 2902 3566 3718 4192 4193 4295 4298 4300 4370 4469 4488 4566 4646 4652 4681 4686 4696 4721 4724 

Test #369
46 161 339 392 412 446 456 470 763 833 1432 1455 1625 1782 1836 1844 2033 2123 2168 2193 2213 2226 2243 2318 2345 2381 2396 2407 2453 2469 2507 2619 2640 2667 2697 

Test #370
545 2123 2939 3235 3718 3746 4298 4681 4721 4724 4791 4794 4828 4845 4886 4901 4905 4935 4964 5027 5037 

Test #371
46 115 161 316 339 397 446 456 470 763 833 1110 1432 1455 1625 1674 1782 1836 1844 2033 2123 2168 2213 2226 2243 2318 2345 2350 2381 2396 2453 2469 2507 2619 

Test #372
339 1959 2123 2286 2287 2596 2635 2902 3081 3193 3433 3458 3515 3531 3584 3588 3737 3773 3793 3850 3931 3939 3951 3964 3990 4010 4030 

Test #373
339 517 1959 2123 2286 2287 2596 2635 2902 3081 3193 3433 3458 3515 3584 3588 3737 3773 3793 3850 3906 3931 3939 3951 3964 3990 

Test #374
339 517 1959 2105 2123 2286 2596 2635 2902 2918 3193 3433 3458 3515 3560 3565 3584 3588 3737 3747 3773 3793 3829 3850 3906 3931 3939 3946 3951 

Test #375
737 2123 2902 3377 3513 3793 3951 4075 4138 4178 4192 4284 4295 4298 4300 4370 4469 4488 4558 

Test #376
161 294 339 763 771 833 1224 1551 1782 2033 2123 2168 2173 2213 2243 2318 2381 2396 2469 2640 2657 2828 2859 2902 2932 2965 3001 

Test #377
4363 4561 5127 5208 5256 5354 5443 5508 

Test #378
3235 3666 4298 4488 4721 4724 4783 4791 4868 4947 4964 5057 5069 5101 5126 5131 5135 5139 5170 5196 5208 5230 5256 5262 5281 5291 

Test #379
46 161 339 392 412 446 763 833 1455 1625 1782 1836 1844 2033 2123 2168 2193 2213 2226 2243 2318 2345 2381 2396 2407 2469 2507 2619 2640 2657 2667 2697 2753 

Test #380
545 2123 3235 3718 3746 4298 4488 4681 4721 4724 4791 4845 4886 4901 4905 4935 4941 4947 4964 5027 5037 5057 5078 

Test #381
46 161 339 392 412 763 833 1224 1455 1782 1836 1844 2033 2123 2168 2193 2213 2226 2243 2318 2345 2381 2396 2407 2469 2507 2619 2629 2640 2657 2667 2697 2747 2753 

Test #382
545 2123 3235 3718 3746 4298 4488 4681 4721 4724 4791 4845 4886 4901 4905 4935 4941 4947 4964 5027 5037 5057 5078 

Test #383
46 161 339 392 412 446 456 470 763 833 1432 1455 1625 1782 1836 1844 2033 2123 2168 2193 2213 2226 2243 2318 2345 2381 2396 2407 2453 2469 2507 2619 2640 2667 2697 

Test #384
737 2123 2902 3377 3513 3793 3951 4075 4138 4178 4192 4284 4295 4298 4300 4370 4469 4488 4558 

Test #385
81 161 280 285 316 339 397 446 591 638 691 718 763 833 990 1011 1110 1197 1252 1320 1338 1432 1455 1625 1719 1739 1782 1836 1844 1917 1924 1950 1969 2033 2075 2110 2123 

Test #386
161 294 339 763 833 1224 1551 1782 2123 2168 2173 2243 2318 2381 2396 2469 2640 2657 2828 2859 2902 2932 2965 3001 3041 3064 

Test #387
46 115 161 316 339 397 446 456 470 763 833 1110 1432 1455 1625 1674 1782 1836 1844 2033 2123 2168 2213 2226 2243 2318 2345 2350 2381 2396 2453 2469 2507 2619 

Test #388
545 2123 2772 2902 3566 3718 3746 4192 4193 4298 4505 4681 4721 4724 4760 4794 4828 

Test #389
339 1959 2123 2287 2583 2902 2923 3081 3193 3224 3458 3531 3584 3588 3737 3773 3793 3850 3931 3939 3951 3964 3990 4010 4030 4069 4075 4118 

Test #390
3235 4298 4488 4561 4721 4724 4783 4791 4868 5101 5131 5135 5139 5170 5196 5208 5230 5253 5256 5281 5291 5324 5352 5354 

Test #391
155 161 339 491 517 667 833 841 956 1832 1945 2123 2156 2497 2557 2859 2902 2965 2971 3169 3193 3212 3214 3221 3260 3316 3339 3458 3547 

Test #392
46 161 316 339 345 382 397 446 691 763 833 1110 1197 1252 1320 1338 1432 1455 1540 1625 1719 1782 1836 1844 2019 2033 2049 2110 2123 2168 2213 2226 2241 2243 2318 2344 2345 2346 2350 2381 2383 2396 2427 

Test #393
4290 4363 4561 4721 4791 5127 5131 5170 5208 5230 5256 5281 5324 5354 5443 5508 

Test #394
339 737 2123 2287 2583 2902 3081 3139 3224 3531 3584 3773 3793 3850 3951 3964 3990 4069 4075 4079 4118 4121 4170 4192 

Test #395
155 161 339 491 517 833 956 1832 1844 2105 2123 2497 2557 2859 2902 3169 3193 3339 3458 3547 3565 3584 3588 3614 3657 3672 

Test #396
46 161 339 392 412 446 456 470 763 833 1432 1455 1625 1782 1836 1844 2033 2123 2168 2193 2213 2226 2243 2318 2345 2381 2396 2407 2453 2469 2507 2619 2640 2667 2697 

Test #397
46 161 316 339 345 382 397 446 691 763 833 1110 1197 1252 1320 1338 1432 1455 1540 1625 1719 1782 1836 1844 2019 2033 2049 2110 2123 2168 2213 2226 2241 2243 2318 2344 2345 2346 2350 2381 2383 2396 2427 

Test #398
46 161 339 392 412 763 833 1224 1455 1782 1836 1844 2033 2123 2168 2193 2213 2226 2243 2318 2345 2381 2396 2407 2469 2507 2619 2629 2640 2657 2667 2697 2747 2753 

Test #399
48 85 161 206 280 285 316 339 397 411 429 446 500 606 638 669 691 718 727 904 960 990 992 1011 1110 1157 1197 1252 1320 1338 1359 1432 1455 1486 1499 1593 1625 1648 1655 1675 1719 1782 1833 1836 

Test #400
155 161 339 491 667 833 956 1832 1945 2123 2156 2497 2557 2828 2859 2902 2965 2971 3169 3193 3212 3214 3221 3260 3302 3316 3339 3391 3458 

Test #401
81 161 280 285 316 339 397 446 638 691 718 763 833 990 1011 1110 1197 1252 1320 1338 1432 1455 1625 1719 1739 1782 1836 1844 1969 2033 2075 2110 2123 2187 2213 2226 

Test #402
46 161 339 392 763 833 1224 1455 1782 1844 2033 2123 2168 2193 2213 2226 2243 2318 2345 2381 2396 2469 2507 2629 2640 2657 2667 2697 2747 2753 2859 

Test #403
48 161 206 280 285 316 339 382 397 411 429 446 500 638 691 718 763 904 960 990 1011 1110 1197 1252 1261 1320 1338 1359 1432 1455 1499 1593 1625 1626 1641 1675 1719 1782 1833 1836 1844 1908 1917 1952 

Test #404
339 737 2123 2902 3377 3793 3951 4075 4138 4178 4192 4284 4295 4298 4300 4370 4469 

Test #405
2123 3235 3666 3718 3746 4298 4488 4721 4724 4783 4791 4901 4905 4941 4947 4964 5027 5037 5057 5101 5126 5135 5139 

Test #406
545 2123 2772 2902 3566 3718 3746 4192 4193 4298 4505 4652 4681 4696 4721 4724 4760 4794 4828 

Test #407
48 161 206 280 285 316 339 382 397 411 429 446 500 638 691 718 763 904 960 990 1011 1110 1197 1252 1261 1320 1338 1359 1432 1455 1499 1593 1625 1626 1641 1675 1719 1782 1833 1836 1844 1908 1917 1952 

Test #408
2123 3235 3718 3746 4298 4488 4681 4721 4724 4791 4845 4901 4905 4941 4947 4964 5027 5037 5057 5078 5101 

Test #409
339 737 2123 2583 2902 3377 3793 3951 4075 4138 4178 4192 4284 4295 4298 4300 4469 

Test #410
161 294 339 763 771 833 1224 1551 1782 2033 2123 2168 2173 2213 2243 2318 2381 2396 2469 2640 2657 2828 2859 2902 2932 2965 3001 

Test #411
339 737 2123 2902 3377 3793 3951 4075 4138 4178 4192 4284 4295 4298 4300 4370 4469 

Test #412
85 161 165 185 196 206 229 266 268 316 332 339 359 368 411 429 446 469 500 517 606 613 669 718 727 797 904 941 960 990 992 1011 1110 1157 1197 1235 1320 1351 1359 1426 1474 1486 1499 1648 1652 1655 1675 

Test #413
46 115 161 316 339 382 397 446 456 470 691 763 833 1110 1338 1432 1455 1625 1674 1719 1782 1836 1844 2033 2049 2123 2168 2213 2226 2243 2318 2344 2345 2346 2350 2381 2396 2427 2453 2507 

Test #414
54 85 161 165 185 206 229 266 268 316 332 339 359 368 411 429 446 469 500 517 606 613 669 718 727 797 904 941 990 992 1110 1157 1197 1235 1320 1351 1359 1404 1474 1486 1499 

Test #415
737 2123 2520 2902 3513 3793 3951 3986 4075 4192 4295 4298 4300 4370 4469 4488 4558 4566 

Test #416
161 294 339 763 771 833 1224 1551 1782 1844 2033 2123 2168 2193 2213 2226 2243 2318 2381 2396 2469 2629 2640 2657 2667 2697 2747 2753 2828 2859 2902 2932 2933 

Test #417
161 294 339 763 771 833 1224 1551 1782 2033 2123 2168 2173 2213 2243 2318 2381 2396 2469 2640 2657 2828 2859 2902 2932 2965 3001 

Test #418
54 85 161 165 185 206 229 266 268 316 332 339 359 368 411 429 446 469 500 517 606 613 669 718 727 797 904 941 990 992 1110 1157 1197 1235 1320 1351 1359 1404 1474 1486 1499 

Test #419
81 161 280 285 316 339 397 446 638 691 718 763 833 990 1011 1110 1197 1252 1320 1338 1432 1455 1625 1719 1739 1782 1836 1844 1969 2033 2075 2110 2123 2187 2213 2226 

Test #420
4290 4363 4561 4721 4791 5127 5131 5170 5208 5230 5256 5281 5324 5354 5443 5508 

Test #421
3235 3666 4298 4488 4721 4724 4783 4791 4868 4947 4964 5057 5069 5101 5126 5131 5135 5139 5170 5196 5208 5230 5256 5262 5281 5291 

Test #422
339 1959 2123 2287 2583 2596 2902 2923 3081 3193 3224 3433 3458 3531 3584 3588 3737 3773 3793 3850 3931 3939 3951 3964 3990 4010 4030 4069 4075 

Test #423
51 81 161 280 285 316 339 397 446 638 691 718 763 833 990 1110 1197 1252 1320 1338 1432 1455 1540 1625 1719 1782 1836 1844 1969 2033 2049 2075 2110 2123 2168 2187 2213 2226 2241 

Test #424
3235 3666 3746 4298 4488 4721 4724 4783 4791 4901 4941 4947 4964 5027 5057 5069 5101 5126 5131 5135 5139 5170 5196 5203 5208 5230 

Test #425
46 115 161 316 339 397 446 456 470 763 833 1110 1432 1455 1625 1674 1782 1836 1844 2033 2123 2168 2213 2226 2243 2318 2345 2350 2381 2396 2453 2469 2507 2619 

Test #426
339 737 2123 2583 2902 3139 3224 3531 3584 3773 3793 3951 4075 4121 4170 4178 4192 4263 4284 4298 4300 

Test #427
51 161 280 316 339 382 397 446 691 718 763 833 990 1110 1197 1252 1320 1338 1432 1455 1540 1625 1719 1782 1836 1844 2019 2033 2049 2110 2123 2168 2213 2226 2241 2243 2345 2346 2350 

Test #428
154 161 339 491 667 668 833 2123 2156 2173 2362 2497 2828 2859 2902 2965 2971 3001 3144 3169 3193 3212 3214 3221 3251 3260 3302 3315 3316 3391 3396 3404 

Test #429
4290 4363 4561 4721 4791 5127 5131 5170 5208 5230 5256 5281 5324 5354 5443 5508 

Test #430
46 115 161 316 339 397 446 456 470 691 763 833 1110 1338 1432 1455 1625 1674 1782 1836 1844 2033 2049 2123 2168 2213 2226 2243 2318 2344 2345 2346 2350 2381 2396 2427 2453 2469 2507 2528 

Test #431
3235 3666 4298 4488 4721 4724 4783 4791 4868 4947 4964 5057 5069 5101 5126 5131 5135 5139 5170 5196 5208 5230 5256 5262 5281 5291 

Test #432
161 280 285 316 339 382 397 446 591 638 691 718 763 833 990 1011 1110 1197 1252 1261 1320 1338 1432 1455 1499 1625 1626 1641 1719 1739 1782 1836 1844 1917 1950 1952 1969 2006 2033 2072 

Test #433
339 517 956 1832 1844 2105 2123 2286 2902 3157 3193 3339 3433 3458 3560 3565 3584 3588 3657 3672 3747 3751 3773 3793 

Test #434
54 85 161 165 185 206 229 266 268 316 332 339 359 368 411 429 446 469 500 517 606 613 669 718 727 797 904 941 990 992 1110 1157 1197 1235 1320 1351 1359 1404 1474 1486 1499 

Test #435
545 2123 2772 2939 3235 3718 3746 4298 4504 4505 4681 4721 4724 4791 4794 4828 4845 4886 4901 4905 4935 4959 4964 

Test #436
154 161 167 257 339 491 763 802 833 2123 2156 2173 2362 2416 2828 2859 2902 2965 2971 3001 3041 3064 3144 3165 3169 3193 3212 3214 3221 3227 3251 3260 3302 3315 3316 

Test #437
545 2123 2772 2902 3566 3718 3746 4192 4193 4298 4505 4652 4681 4696 4721 4724 4760 4794 4828 

Test #438
3235 3666 3746 4298 4488 4721 4724 4783 4791 4901 4941 4947 4964 5027 5057 5069 5101 5126 5131 5135 5139 5170 5196 5203 5208 5230 

Test #439
46 161 339 392 412 763 833 1224 1455 1782 1836 1844 2033 2123 2168 2193 2213 2226 2243 2318 2345 2381 2396 2407 2469 2507 2619 2629 2640 2657 2667 2697 2747 2753 

Test #440
161 339 517 833 956 1832 1844 2105 2123 2497 2859 2902 3193 3339 3458 3560 3565 3584 3588 3614 3657 3672 

Test #441
46 115 161 316 339 412 446 456 470 763 833 1110 1432 1455 1625 1782 1836 1844 2033 2123 2168 2193 2213 2226 2243 2318 2345 2350 2381 2396 2453 2469 2507 2619 2640 2667 

Test #442
85 161 165 196 206 229 268 280 285 316 339 359 368 411 429 446 469 500 517 606 669 718 727 904 941 960 990 992 1011 1110 1157 1197 1235 1320 1351 1359 1426 1474 1486 1499 1648 1652 1655 1675 1719 

Test #443
339 517 956 1832 1844 2105 2123 2286 2497 2902 3157 3193 3339 3458 3560 3565 3584 3588 3614 3657 3672 3747 3751 

Test #444
155 161 339 491 517 667 833 841 956 1832 1945 2123 2156 2497 2557 2859 2902 2965 2971 3169 3193 3212 3214 3221 3260 3316 3339 3458 3547 

Test #445
85 161 165 196 206 229 268 280 285 316 339 359 368 411 429 446 500 517 606 669 691 718 727 904 941 960 990 992 1011 1110 1157 1197 1235 1252 1320 1338 1351 1359 1426 1474 1486 1499 1648 1652 1655 1675 1719 

Test #446
46 161 339 392 412 446 763 833 1455 1625 1782 1836 1844 2033 2123 2168 2193 2213 2226 2243 2318 2345 2381 2396 2407 2469 2507 2619 2640 2657 2667 2697 2753 

Test #447
545 2123 2772 2902 3566 3718 3746 4192 4193 4298 4505 4681 4721 4724 4760 4794 4828 

Test #448
161 294 339 763 833 1224 1551 1782 2123 2168 2173 2243 2318 2381 2396 2469 2640 2657 2828 2859 2902 2932 2965 3001 3041 3064 

Test #449
46 115 161 316 339 412 446 456 470 763 833 1110 1432 1455 1625 1782 1836 1844 2033 2123 2168 2193 2213 2226 2243 2318 2345 2350 2381 2396 2453 2469 2507 2619 2640 2667 

Test #450
3235 4298 4488 4561 4721 4724 4783 4791 4868 5101 5131 5135 5139 5170 5196 5208 5230 5253 5256 5281 5291 5324 5352 5354 

Test #451
161 294 339 763 771 833 1224 1551 1782 2033 2123 2168 2173 2213 2226 2243 2318 2381 2396 2469 2640 2657 2828 2859 2902 2932 2965 

Test #452
46 51 161 316 339 382 397 446 691 718 763 833 1110 1197 1252 1320 1338 1432 1455 1540 1625 1719 1782 1836 1844 2019 2033 2049 2110 2123 2168 2213 2226 2241 2243 2344 2345 2346 2350 2383 2396 

Test #453
339 517 956 1959 2105 2123 2286 2600 2635 2902 2918 3193 3339 3433 3458 3515 3560 3565 3584 3588 3657 3737 3747 3751 3773 3793 3829 3850 

Test #454
155 161 339 491 517 833 956 1832 1844 2105 2123 2497 2557 2859 2902 3169 3193 3339 3458 3547 3565 3584 3588 3614 3657 3672 

Test #455
48 161 206 280 285 316 339 382 397 411 429 446 500 638 691 718 763 904 960 990 1011 1110 1197 1252 1261 1320 1338 1359 1432 1455 1499 1593 1625 1626 1641 1675 1719 1782 1833 1836 1844 1908 1917 1952 

Test #456
545 2123 2772 2902 3566 3718 3746 4192 4193 4298 4505 4681 4721 4724 4760 4794 4828 

Test #457
51 161 280 316 339 397 446 691 718 763 833 990 1110 1197 1252 1320 1338 1432 1455 1540 1625 1719 1782 1836 1844 2033 2049 2075 2110 2123 2168 2213 2226 2241 

Test #458
46 115 161 316 339 397 446 456 470 691 763 833 1110 1432 1455 1625 1674 1782 1836 1844 2033 2123 2168 2213 2226 2243 2318 2344 2345 2346 2350 2381 2396 2453 2469 2507 

Test #459
46 161 339 392 412 446 456 470 763 833 1432 1455 1625 1782 1836 1844 2033 2123 2168 2193 2213 2226 2243 2318 2345 2381 2396 2407 2453 2469 2507 2619 2640 2667 2697 

Test #460
81 161 280 285 316 339 397 446 591 638 691 718 763 833 990 1011 1110 1197 1252 1320 1338 1432 1455 1625 1719 1739 1782 1836 1844 1917 1924 1950 1969 2033 2075 2110 2123 

Test #461
155 161 339 491 667 833 956 1832 1945 2123 2156 2497 2557 2828 2859 2902 2965 2971 3169 3193 3212 3214 3221 3260 3302 3316 3339 3391 3458 

Test #462
46 51 161 316 339 382 397 446 691 718 763 833 1110 1197 1252 1320 1338 1432 1455 1540 1625 1719 1782 1836 1844 2019 2033 2049 2110 2123 2168 2213 2226 2241 2243 2344 2345 2346 2350 2383 2396 

Test #463
46 115 161 316 339 397 446 456 470 691 763 833 1110 1338 1432 1455 1625 1674 1782 1836 1844 2033 2049 2123 2168 2213 2226 2243 2318 2344 2345 2346 2350 2381 2396 2427 2453 2469 2507 2528 

Test #464
85 161 165 196 206 229 268 280 285 316 339 359 368 411 429 446 500 517 606 669 691 718 727 904 941 960 990 992 1011 1110 1157 1197 1235 1252 1320 1338 1351 1359 1426 1474 1486 1499 1648 1652 1655 1675 1719 

Test #465
46 51 161 316 339 382 397 446 691 718 763 833 1110 1197 1252 1320 1338 1432 1455 1540 1625 1719 1782 1836 1844 2019 2033 2049 2110 2123 2168 2213 2226 2241 2243 2344 2345 2346 2350 2383 2396 

Test #466
48 85 161 206 280 285 316 339 397 411 429 446 500 606 638 669 691 718 727 904 960 990 992 1011 1110 1157 1197 1252 1320 1338 1359 1432 1455 1486 1499 1593 1625 1648 1655 1675 1719 1782 1833 1836 

Test #467
154 161 167 257 339 491 667 763 802 833 2123 2156 2173 2362 2416 2828 2859 2902 2965 2971 3001 3064 3144 3169 3193 3212 3214 3221 3251 3260 3302 3315 3316 3391 3396 

Test #468
54 85 161 165 185 206 229 266 268 316 332 339 359 368 411 429 446 469 500 517 606 613 669 718 727 797 904 941 990 992 1110 1157 1197 1235 1320 1351 1359 1404 1474 1486 1499 

Test #469
4290 4298 4363 4405 4561 4721 4724 4791 5127 5131 5170 5208 5230 5253 5256 5281 5324 5354 5443 

Test #470
737 2123 2520 2902 3513 3793 3951 3986 4075 4192 4295 4298 4300 4370 4469 4488 4558 4566 

Test #471
155 161 339 491 517 667 833 841 956 1832 1844 2123 2497 2557 2859 2902 2971 3169 3193 3212 3316 3339 3458 3547 3584 3588 3597 3614 

Test #472
46 115 161 316 339 397 446 456 470 691 763 833 1110 1432 1455 1625 1674 1782 1836 1844 2033 2123 2168 2213 2226 2243 2318 2344 2345 2346 2350 2381 2396 2453 2469 2507 

Test #473
737 2123 2520 2902 3513 3793 3951 3986 4075 4192 4295 4298 4300 4370 4469 4488 4558 4566 

Test #474
85 161 165 196 206 229 268 280 285 316 339 359 368 411 429 446 469 500 517 606 669 718 727 904 941 960 990 992 1011 1110 1157 1197 1235 1320 1351 1359 1426 1474 1486 1499 1648 1652 1655 1675 1719 

Test #475
339 737 2123 2583 2902 3377 3773 3793 3951 4075 4138 4178 4192 4284 4295 4298 4300 

Test #476
737 2123 2520 2902 3513 3951 4075 4192 4295 4298 4300 4370 4469 4488 4558 4566 

Test #477
46 161 339 392 763 833 1224 1455 1782 1836 1844 2033 2123 2168 2193 2213 2226 2243 2318 2345 2381 2396 2407 2469 2507 2629 2640 2657 2667 2697 2747 2753 

Test #478
155 161 339 491 517 833 956 1832 1844 2105 2123 2497 2557 2859 2902 3169 3193 3339 3458 3547 3565 3584 3588 3614 3657 3672 

Test #479
81 161 280 285 316 339 397 446 591 638 691 718 763 833 990 1011 1110 1197 1252 1261 1320 1338 1432 1455 1499 1625 1626 1641 1719 1739 1782 1836 1844 1917 1950 1969 2033 2072 2110 

Test #480
339 517 956 1832 1844 2105 2123 2286 2902 3157 3193 3339 3433 3458 3560 3565 3584 3588 3657 3672 3747 3751 3773 3793 

Test #481
154 155 161 339 491 667 668 833 956 2123 2156 2362 2497 2828 2859 2902 2965 2971 3169 3193 3212 3214 3221 3251 3260 3302 3315 3316 3339 3391 3404 3458 

Test #482
154 161 339 491 667 668 833 2123 2156 2173 2362 2497 2828 2859 2902 2965 2971 3001 3144 3169 3193 3212 3214 3221 3251 3260 3302 3315 3316 3391 3396 3404 

Test #483
339 737 2123 2583 2902 3377 3793 3951 4075 4138 4178 4192 4284 4295 4298 4300 4469 

Test #484
85 161 165 196 206 229 280 285 316 339 359 368 397 411 429 446 500 606 669 691 718 727 904 941 960 990 992 1011 1110 1157 1197 1252 1320 1338 1351 1359 1426 1455 1486 1499 1593 1648 1652 1655 1675 1719 

Test #485
3235 4298 4488 4561 4721 4724 4783 4791 4868 5101 5131 5135 5139 5170 5196 5208 5230 5253 5256 5281 5291 5324 5352 5354 

Test #486
545 737 2123 2520 2772 2902 3566 3718 4192 4193 4295 4298 4300 4370 4469 4652 4681 4696 4721 4724 4760 4794 

Test #487
545 2123 2939 3235 3718 3746 4298 4681 4721 4724 4791 4794 4828 4845 4886 4901 4905 4935 4964 5027 5037 

Test #488
81 161 280 285 316 339 397 446 591 638 691 718 763 833 990 1011 1110 1197 1252 1261 1320 1338 1432 1455 1499 1625 1626 1641 1719 1739 1782 1836 1844 1917 1950 1969 2033 2072 2110 

Test #489
85 161 165 196 206 229 280 285 316 339 359 368 397 411 429 446 500 606 669 691 718 727 904 941 960 990 992 1011 1110 1157 1197 1252 1320 1338 1351 1359 1426 1455 1486 1499 1593 1648 1652 1655 1675 1719 

Test #490
81 161 280 285 316 339 397 446 591 638 691 718 763 833 990 1011 1110 1197 1252 1261 1320 1338 1432 1455 1499 1625 1626 1641 1719 1739 1782 1836 1844 1917 1950 1969 2033 2072 2110 

Test #491
46 115 161 316 339 397 446 456 470 691 763 833 1110 1432 1455 1625 1674 1782 1836 1844 2033 2123 2168 2213 2226 2243 2318 2344 2345 2346 2350 2381 2396 2453 2469 2507 

Test #492
161 339 517 833 956 1832 1844 2105 2123 2497 2859 2902 3193 3339 3458 3560 3565 3584 3588 3614 3657 3672 

Test #493
46 161 339 392 763 833 1224 1455 1782 1844 2033 2123 2168 2193 2213 2226 2243 2318 2345 2381 2396 2469 2507 2629 2640 2657 2667 2697 2747 2753 2859 

Test #494
155 161 339 491 667 833 956 1832 1945 2123 2156 2497 2557 2828 2859 2902 2965 2971 3169 3193 3212 3214 3221 3260 3302 3316 3339 3391 3458 

Test #495
339 517 956 1832 1844 2105 2123 2286 2497 2902 3157 3193 3339 3458 3560 3565 3584 3588 3614 3657 3672 3747 3751 

Test #496
155 161 339 491 517 667 833 841 956 1832 1844 2123 2497 2557 2859 2902 2971 3169 3193 3212 3316 3339 3458 3547 3584 3588 3597 3614 

Test #497
339 517 956 1832 1844 2105 2123 2286 2497 2902 3157 3193 3339 3458 3560 3565 3584 3588 3614 3657 3672 3747 3751 

Test #498
4298 4363 4405 4561 4721 4724 4783 4791 5101 5131 5139 5170 5196 5208 5230 5253 5256 5281 5324 5352 5354 

Test #499
155 161 339 491 517 667 833 841 956 1832 1945 2123 2156 2497 2557 2859 2902 2965 2971 3169 3193 3212 3214 3221 3260 3316 3339 3458 3547 

Test #500
155 161 339 491 517 667 833 841 956 1832 1844 2123 2497 2557 2859 2902 2971 3169 3193 3212 3316 3339 3458 3547 3584 3588 3597 3614 

