Test #1


Test #2
7 14 16 18 21 25 28 30 38 41 42 50 57 60 61 69 75 86 93 103 104 106 107 113 123 131 135 140 141 145 146 151 156 159 166 169 174 177 186 191 202 207 209 213 215 219 227 228 232 235 237 239 241 242 249 257 259 264 271 279 285 290 291 295 296 297 303 304 306 311 316 318 321 322 324 329 330 332 334 335 336 340 341 349 357 361 363 366 368 369 381 383 390 391 392 393 395 403 410 416 423 426 427 428 432 433 434 437 442 447 448 451 452 453 458 465 466 472 486 497 506 508 509 517 523 524 531 538 549 558 560 562 563 574 576 580 594 606 618 619 622 624 629 630 644 647 649 661 663 670 676 682 693 698 705 714 718 721 722 725 727 728 741 745 746 764 766 767 771 773 774 776 784 790 793 804 805 809 810 812 813 818 823 836 839 843 846 851 857 858 859 865 869 870 876 877 883 887 890 892 897 900 905 913 918 919 921 922 925 930 931 932 933 934 935 937 944 945 953 961 962 963 966 969 976 981 982 983 988 1000 1005 1010 1016 1017 1019 1023 1028 1029 1032 1039 1041 1043 1044 1045 1047 1049 1050 1051 1052 1054 1056 1058 1060 1061 1062 1064 1066 1071 1072 1075 1080 1081 1084 1086 1087 1089 1090 1091 1092 1093 1098 1101 1104 1106 1107 1113 1118 1119 1124 1130 1131 1133 1134 1135 1141 1142 1143 1145 1146 1147 1150 1155 1156 1158 1160 1163 1170 1171 1174 1177 1179 1181 1183 1186 1189 1193 1194 1195 1197 1198 1199 1200 1203 1204 1205 1206 1211 1212 1213 1216 1219 1221 1222 1223 1224 1225 1229 1231 1232 1234 1235 1236 1240 1241 1243 1244 1246 1247 1248 1250 1251 1253 1255 1256 1257 1259 1260 1261 1263 1264 1265 1267 1269 1272 1273 1274 1276 1277 1278 1280 1281 1282 1284 1285 1287 1288 1290 1292 1295 1296 1297 1299 1301 1302 1303 1304 1306 1307 1308 1309 1310 1312 1315 1316 1318 1319 1321 1325 1326 1327 1330 1331 1333 1334 1335 1336 1337 1338 1339 1341 1342 1344 1345 1346 1349 1352 1353 1354 1355 1356 1357 1358 1359 1360 1361 1362 1363 1364 1365 1368 1369 1370 1371 1373 1374 1375 1377 1378 1379 1380 1382 1383 1384 1385 1386 1388 1389 1391 1392 1394 1395 1397 1398 1399 1400 1401 1403 1404 1405 1406 1407 1408 1409 1411 1412 1415 1416 1419 1421 1422 1423 1424 1425 1426 1427 1428 1429 1430 1431 1432 1434 1435 1436 1438 1440 1441 1442 1443 1444 1445 1446 1447 1448 1449 1451 1452 1453 1454 1455 1456 1457 1458 1459 1460 1461 1462 1463 1464 1465 1466 1467 1468 1469 1470 1471 1472 1473 1475 1476 1477 1478 1479 1480 1482 1483 1484 1485 1486 1487 1488 1490 1491 1492 1493 1494 1495 1496 1497 1498 1499 1500 1501 1502 1503 1504 1505 1506 1507 1508 1510 1511 1512 1513 1514 1515 1516 1517 1518 1519 1520 1521 1522 1523 1524 1525 1526 1527 1528 1529 1530 1531 1532 1533 1534 1535 1536 1538 1539 1540 1541 1542 1543 1544 1545 1546 1547 1548 1549 1550 1551 1552 1553 1554 1555 1556 1557 1558 1559 1560 1561 1562 1563 1564 1565 1566 1567 1568 1569 1571 1572 1573 1574 1575 1576 1577 1578 1579 1580 1581 1582 1583 1584 1585 1586 1587 1588 1589 1590 1591 1592 1593 1594 1595 1596 1597 1598 1599 1600 1601 1602 1603 1604 1606 1607 1608 1609 1610 1611 1612 1613 1614 1616 1617 1618 1619 

Test #3
16 41 42 57 69 86 123 131 219 232 264 295 306 321 322 324 330 340 341 357 363 369 381 403 410 427 432 437 447 448 453 458 466 472 486 506 563 574 576 644 670 676 693 745 746 773 776 784 805 812 836 846 851 877 892 918 919 921 933 945 953 963 969 976 981 988 1005 1044 1061 1066 1084 1090 1124 1131 1135 1141 1146 1150 1163 1171 1186 1195 1204 1205 1216 1222 1225 1240 1247 1248 1251 1269 1281 1290 1296 1301 1303 1306 1310 1312 1330 1338 1339 1342 1349 1353 1358 1364 1383 1394 1398 1405 1406 1415 1421 1423 1424 1426 1427 1429 1432 1438 1447 1449 1452 1454 1455 1465 1473 1476 1477 1478 1484 1485 1487 1492 1494 1498 1499 1503 1505 1506 1507 1508 1515 1522 1526 1529 1534 1544 1545 1546 1550 1551 1555 1565 1572 1574 1578 1579 1581 1582 1583 1587 1588 1590 1594 1597 1600 1601 1609 1610 1616 1617 1618 1622 1626 1629 1630 1631 1633 1636 1637 1638 1639 1641 1643 1647 1649 1651 1652 1654 1655 1656 1658 1659 1660 1661 1664 1666 1671 1672 1676 1677 1678 1679 1680 1682 1684 1685 1686 1688 1689 1690 1692 1693 1696 1697 1699 1701 1704 1705 1707 1709 1710 1712 1713 1714 1716 1720 1721 1725 1726 1730 1732 1734 1736 1739 1740 1741 1742 1743 1744 1746 1748 1750 1751 1754 1755 1758 1760 1761 1762 1764 1766 1767 1768 1769 1771 1772 1773 1775 1776 1777 1778 1779 1782 1786 1787 1790 1791 1792 1794 1797 1799 1800 1801 1804 1805 1808 1809 1811 1813 1814 1818 1819 1823 1824 1825 1826 1828 1829 1832 1833 1834 1836 1837 1840 1842 1843 1845 1846 1848 1850 1851 1853 1854 1856 1857 1859 1860 1862 1865 1866 1868 1869 1870 1872 1874 1875 1876 1877 1881 1886 1889 1891 1894 1895 1896 1898 1899 1900 1901 1903 1906 1907 1909 1910 1911 1912 1914 1916 1917 1919 

Test #4


Test #5
8 248 318 322 330 470 567 576 587 688 830 923 935 963 1005 1034 1039 1129 1144 1159 1161 1166 1184 1194 1231 1239 1248 1251 1267 1287 1311 1312 

Test #6
28 42 57 69 86 113 123 131 135 141 177 219 239 257 271 279 296 297 304 321 322 330 335 349 357 366 369 381 390 393 403 427 428 432 447 448 453 466 472 486 524 531 560 574 576 594 618 622 670 676 693 721 725 727 745 746 767 773 774 812 846 877 919 921 962 963 969 976 1005 1010 1045 1052 1054 1064 1090 1130 1135 1150 1170 1171 1189 1204 1213 1225 1247 1248 1281 1301 1306 1315 1326 1338 1342 1349 1353 1357 1362 1373 1378 1383 1415 1421 1422 1423 1424 1427 1432 1443 1444 1445 1447 1452 1459 1477 1494 1497 1499 1502 1504 1505 1510 1519 1526 1530 1544 1556 1565 1570 1572 1580 1581 1594 1597 1599 1605 1614 1616 1618 1622 1630 1639 1643 1648 1658 1660 1661 1662 1670 1673 1676 1679 1685 1697 1704 1709 1710 1715 1716 1719 1725 1729 1733 1736 1739 1740 1744 1750 1754 1761 1763 1767 1769 1773 1775 1784 1793 1795 1803 1808 1809 1811 1812 1813 1817 1819 1821 1826 1838 1840 1848 1849 1850 1852 1856 1861 1862 1864 1867 1868 1869 1870 1871 1872 1889 1895 1899 1901 1902 1904 1906 1908 1909 1910 1911 1912 1913 1915 1917 1925 1926 1927 1928 1931 1933 1935 1938 1939 1940 1945 1953 1955 1957 1958 1962 1965 1967 1969 1971 1973 1974 1975 1978 1979 1980 1981 1985 1987 1989 1992 1995 1997 1998 2003 2004 2005 2008 2009 2010 2012 2014 2018 2020 2021 2022 2024 2026 2027 2028 2029 2031 2032 2033 2035 2036 2037 2038 2039 2041 2043 2045 2046 2053 2054 2055 2056 2057 2058 2059 2060 2061 2064 2066 2067 2068 2069 2070 2072 2076 2077 2078 2079 2080 2085 2086 2087 2088 2090 2091 2092 2093 2094 2095 2096 2097 2098 2099 2100 2102 2103 2104 2105 2107 2109 2111 2112 2113 2114 2115 2117 2118 2121 2122 2123 2124 2125 2126 2128 2130 2132 2136 2137 2138 2139 2141 2142 2143 2145 2146 2147 2148 2150 2151 2152 2153 2154 2155 2158 2159 2160 2161 2162 2164 2165 2166 2167 2169 2170 2171 2172 2173 2174 2177 2178 2179 2180 2182 2183 2184 2185 2186 2187 2188 2189 2191 2193 2194 2196 2199 2200 2205 2206 2207 2208 2209 2211 2212 2213 2214 2216 2217 2219 2220 2221 2223 2225 2226 2227 2229 2230 2232 2234 2235 2236 2237 2238 2239 2240 2242 2243 2244 2245 2246 2247 2248 2249 2250 2252 2253 2254 2255 2256 2257 2258 2260 2261 2262 2263 2264 2265 2266 2267 2268 2270 2271 2272 2273 2274 2275 2277 2278 2279 2280 2281 2283 2284 2285 2286 2287 2288 2289 2290 2291 2292 2294 2295 2296 2297 2298 2299 2300 2301 2302 2303 2304 2305 2306 2307 2308 2310 2311 2312 2313 2315 2316 2317 2319 2320 2321 2322 2323 2324 2325 2326 2327 2328 2329 2330 2331 2332 2333 2334 2335 2336 2337 2338 2339 2340 2341 2342 2343 2344 2345 2346 2347 2348 2349 2350 2351 2352 2354 2356 2357 2358 2359 2360 2362 2363 2364 2365 2366 2367 2368 2369 2370 2371 2372 2373 2374 2375 2376 2377 2378 2379 2380 2381 2382 2383 2384 2385 2386 2387 2388 2389 2391 2392 2393 2394 2395 2396 2397 2398 2399 

Test #7


Test #8
121 308 330 340 361 406 418 419 457 644 659 675 688 694 695 730 742 756 829 832 879 907 917 935 

Test #9
1 2 3 8 12 14 15 16 21 25 29 31 33 37 38 41 46 48 55 58 59 61 62 67 70 71 72 73 75 76 83 85 86 92 94 98 99 100 102 104 105 107 108 110 112 115 117 118 119 121 122 123 124 129 130 131 132 134 143 144 146 147 149 150 151 154 157 162 164 165 174 178 181 184 191 203 204 205 206 208 210 212 213 218 226 227 234 240 241 242 244 248 250 251 253 259 261 263 264 265 266 269 270 274 275 276 280 281 282 284 285 287 288 289 290 291 294 299 305 306 307 308 310 314 316 318 319 320 321 322 325 326 330 332 334 336 338 339 340 341 343 344 347 357 358 360 361 362 364 365 368 369 371 376 381 383 384 390 394 396 398 401 402 405 407 409 411 414 416 419 422 428 430 432 434 435 437 439 442 444 446 447 453 456 457 461 464 465 467 468 469 470 473 479 480 482 483 486 496 499 501 506 507 509 510 513 518 519 524 526 527 528 532 535 540 553 559 561 562 563 565 566 567 568 571 574 576 578 586 587 596 598 600 603 609 616 617 620 621 624 627 636 639 641 644 647 650 652 654 657 658 661 664 670 675 676 678 679 688 694 695 697 698 701 703 705 708 709 711 719 721 723 728 730 732 733 736 738 739 740 742 745 748 750 751 752 756 760 764 766 772 773 776 781 782 783 786 787 788 789 793 794 796 797 798 801 802 805 811 823 829 830 835 837 840 842 843 844 846 848 852 855 857 858 861 863 866 867 872 874 875 877 883 891 895 896 897 903 907 908 910 913 923 924 930 931 932 934 935 937 938 939 941 944 945 946 947 948 949 950 951 953 954 955 957 959 963 965 967 968 969 972 975 978 980 984 987 988 989 994 995 996 1001 1005 1006 1007 1009 1012 1013 1014 1016 

Test #10
123 131 156 159 232 237 259 264 295 306 311 321 322 330 336 340 341 368 369 381 432 437 453 458 486 563 574 576 606 663 670 676 718 745 776 805 877 918 933 945 953 963 969 982 988 1005 1039 1061 1062 1081 1084 1089 1124 1131 1133 1135 1141 1150 1163 1186 1199 1204 1205 1222 1225 1232 1236 1241 1244 1247 1248 1251 1263 1269 1281 1290 1296 1301 1306 1309 1312 1321 1335 1338 1353 1355 1358 1368 1375 1403 1405 1406 1408 1415 1421 1426 1427 1428 1430 1432 1435 1436 1438 1449 1452 1454 1455 1462 1465 1473 1477 1480 1484 1485 1487 1492 1494 1499 1505 1506 1507 1508 1511 1515 1523 1524 1526 1532 1534 1535 1536 1540 1545 1546 1550 1553 1554 1560 1565 1572 1573 1574 1575 1576 1578 1581 1582 1583 1584 1587 1590 1592 1593 1597 1600 1603 1612 1617 1618 1620 1622 1631 1632 1633 1636 1638 1639 1641 1642 1643 1649 1655 1656 1658 1659 1661 1664 1671 1672 1677 1678 1680 1682 1684 1685 1689 1692 1693 1696 1701 1704 1705 1706 1709 1716 1720 1728 1730 1732 1734 1736 1737 1739 1741 1742 1744 1751 1752 1754 

Test #11
237 336 718 963 1062 1403 1560 1574 1661 1767 

Test #12
322 453 963 1005 1432 1661 1685 1911 2045 2085 2113 2128 2143 2146 2164 2213 2307 2311 2340 2400 2407 2409 2454 2478 

Test #13


Test #14
123 322 369 432 453 576 670 693 745 812 877 919 963 1005 1150 1204 1248 1281 1415 1421 1427 1432 1452 1477 1499 1544 1581 1661 1676 1685 1709 1716 1725 1739 1767 1769 1773 1784 1808 1811 1821 1838 1861 1862 1868 1889 1911 1912 1925 1927 1969 1971 1978 1989 2004 2022 2027 2038 2043 2045 2056 2061 2067 2068 2077 2085 2090 2092 2094 2095 2100 2102 2113 2117 2122 2128 2143 2146 2159 2162 2164 2170 2177 2179 2183 2184 2189 2193 2194 2205 2209 2212 2213 2217 2225 2230 2237 2238 2242 2246 2248 2253 2262 2263 2267 2274 2275 2285 2288 2290 2294 2301 2303 2304 2306 2307 2311 2320 2331 2332 2340 2342 2344 2346 2347 2349 2354 2368 2377 2382 2387 2391 2392 2393 2396 2397 2400 2403 2407 2409 2412 2426 

Test #15
2 3 7 8 11 12 13 14 15 16 17 18 19 21 24 25 27 28 29 30 31 33 38 41 42 43 46 48 49 50 56 57 58 60 61 62 64 68 69 70 71 73 75 76 77 78 80 83 84 86 87 94 96 98 99 100 103 104 107 110 111 112 113 119 121 123 126 127 129 131 136 137 139 140 142 144 146 147 149 151 153 156 159 162 163 164 166 167 169 171 172 174 177 178 181 182 183 186 191 192 193 198 201 202 204 206 207 208 209 210 211 213 215 216 219 223 226 227 228 232 233 234 235 236 237 239 241 242 244 248 249 250 251 253 255 256 259 260 263 264 265 266 268 269 270 271 274 275 276 279 281 285 286 288 289 290 291 292 293 295 296 298 299 301 303 304 306 309 310 311 312 313 314 316 317 318 321 322 323 324 325 326 329 330 332 334 335 336 338 340 341 344 345 347 348 349 351 352 353 354 355 356 357 358 360 361 362 363 364 365 366 368 369 370 371 374 377 381 383 384 385 386 390 391 393 394 395 396 400 402 403 405 407 408 409 410 411 412 414 416 419 420 424 425 426 427 428 430 431 432 433 434 435 437 439 442 444 445 446 447 448 450 451 452 453 454 456 457 458 460 464 465 466 467 469 470 472 474 476 482 483 486 487 489 490 491 493 497 498 501 502 503 504 505 506 508 509 511 516 517 519 521 523 524 525 526 528 530 531 535 536 537 538 539 540 541 543 545 548 549 550 551 552 553 554 555 558 559 560 562 563 564 565 567 568 571 572 574 575 576 578 580 582 583 586 587 588 594 595 596 600 601 603 607 611 617 618 619 621 622 623 624 625 626 630 634 635 636 640 641 642 644 646 647 649 654 657 658 661 663 664 667 668 670 673 675 676 677 679 681 682 685 687 688 692 693 694 695 696 698 699 700 701 703 704 705 706 708 709 711 714 716 717 718 720 721 722 723 725 727 728 729 730 733 735 736 738 740 741 742 745 746 748 752 753 754 756 759 760 763 764 766 771 773 774 776 781 782 783 784 786 787 788 789 790 791 793 794 796 801 802 804 805 807 809 810 812 813 818 821 822 823 826 827 829 830 831 836 843 844 846 849 850 851 852 855 857 858 860 861 863 864 865 867 871 872 873 874 876 877 881 882 883 887 888 890 891 892 893 894 896 897 899 901 902 903 904 906 907 908 909 911 912 913 916 918 919 920 921 922 923 924 925 927 928 930 931 932 933 934 935 936 937 940 943 944 945 946 949 953 954 955 956 958 960 961 962 963 964 965 966 967 968 969 970 971 972 973 975 976 978 979 981 982 983 984 985 986 987 988 989 990 993 994 995 997 998 1000 1001 1002 1003 1004 1005 1006 1008 1009 1010 1013 1014 1015 1016 1017 1019 1021 1022 1024 1025 1026 1027 1029 1030 1031 1032 1033 1034 1035 1037 1038 1039 1040 1041 1042 1043 1044 1045 1048 1049 1050 1053 1054 1055 1056 1057 1058 1059 1060 1061 1062 1063 1065 1066 1067 1069 1070 1071 1072 1073 1074 1075 1076 1077 1078 1079 1080 1081 1082 1083 1084 1085 1086 1087 1088 1089 1090 1091 1092 1093 1094 1095 1096 1097 1098 1099 1100 1101 1102 1103 1104 1105 1106 1107 1108 1109 1110 1111 1112 1114 1116 1117 1118 1119 1120 1121 1122 1123 1124 1126 1127 1129 1130 1131 1132 1133 1134 1135 1136 1137 1138 1139 1140 1141 1144 1145 1146 1147 1150 1151 1152 1154 1155 1157 1158 1159 1160 1161 1162 1163 1165 1166 1167 1168 1169 1170 1171 1172 1173 1174 1175 1177 1178 1179 

Test #16
16 25 28 41 42 57 61 69 86 103 113 123 131 145 177 209 215 219 232 239 257 264 271 279 295 296 297 304 306 321 322 324 330 335 340 341 349 357 363 366 369 381 390 393 403 410 427 428 432 437 447 448 453 458 466 472 486 524 531 538 560 563 574 576 594 618 622 670 676 693 721 725 727 745 746 773 774 776 784 805 812 836 846 851 877 890 892 900 919 921 945 962 963 969 976 988 1005 1010 1019 1044 1045 1052 1054 1058 1061 1066 1072 1084 1087 1090 1093 1113 1119 1124 1130 1131 1135 1145 1146 1150 1170 1171 1186 1189 1195 1204 1205 1213 1216 1222 1225 1240 1247 1248 1251 1256 1259 1261 1269 1280 1281 1288 1290 1296 1297 1301 1303 1306 1310 1312 1315 1325 1326 1330 1331 1334 1338 1339 1342 1346 1349 1353 1356 1357 1358 1359 1362 1373 1374 1378 1383 1385 1389 1394 1401 1405 1406 1415 1419 1421 1423 1424 1425 1426 1427 1429 1432 1438 1443 1445 1447 1449 1452 1454 1455 1458 1459 1464 1465 1466 1467 1468 1469 1476 1477 1478 1485 1487 1491 1493 1494 1497 1498 1499 1500 1502 1503 1504 1505 1506 1510 1512 1513 1515 1517 1519 1520 1522 1526 1527 1529 1530 1533 1534 1537 1538 1543 1544 1545 1546 1548 1549 1550 1551 1552 1555 1556 1565 1566 1571 1572 1574 1577 1578 1579 1580 1581 1582 1583 1585 1587 1588 1590 1594 1596 1597 1598 1599 1600 1601 1602 1607 1609 1610 1613 1614 1615 1616 1617 1618 1622 1626 1627 1629 1630 1631 1633 1636 1637 1638 1639 1643 1646 1647 1648 1649 1651 1652 1654 1655 1656 1658 1659 1660 1661 1662 1664 1666 1668 1669 1671 1672 1675 1676 1677 1678 1679 1680 1682 1685 1686 1688 1689 1690 1691 1692 1693 1696 1697 1699 1701 1702 1704 1707 1709 1710 1712 1713 1714 1716 1717 1718 1719 1720 1721 1722 1723 1724 1725 1726 1730 1731 1732 1734 1736 1738 1739 1740 1741 1744 1746 1747 1748 1749 1750 1753 1754 1755 1757 1758 1759 1760 1761 1762 1763 1765 1766 1767 1769 1770 1771 1772 1773 1774 1775 1776 1777 1778 1779 1781 1782 1784 1786 1789 1790 1792 1794 1795 1796 1797 1799 1800 1801 1802 1803 1804 1805 1807 1808 1809 1811 1812 1813 1814 1816 1817 1819 1820 1821 1822 1823 1824 1825 1826 1827 1828 1829 1830 1831 1833 1834 1835 1836 1837 1839 1840 1841 1842 1843 1845 1846 1848 1849 1850 1851 1852 1853 1854 1855 1856 1857 1859 1860 1861 1862 1863 1864 1865 1866 1868 1869 1870 1871 1872 1873 1874 1875 1876 1877 1878 1880 1881 1882 1883 1884 1886 1887 1888 1889 1891 1892 1893 1894 1895 1896 1898 1899 1900 1901 1902 1903 1904 1905 1906 1907 1908 1909 1910 1911 1912 1914 1915 1916 1917 1918 1919 1920 1921 1922 1923 1924 1926 1927 1928 1929 1930 1931 1932 1934 1936 1937 1938 1939 1940 1941 1942 1943 1945 1946 1947 1948 1949 1950 1951 1952 1954 1956 1958 1959 

Test #17
28 42 86 113 123 131 141 177 219 239 257 271 279 296 297 321 322 335 349 357 366 369 381 403 427 428 432 447 448 453 472 486 524 531 574 576 594 618 622 670 676 693 727 745 773 774 812 846 877 919 921 962 963 969 976 1005 1045 1052 1090 1130 1150 1170 1171 1189 1204 1225 1247 1248 1281 1301 1306 1315 1326 1338 1342 1349 1353 1357 1362 1373 1378 1383 1415 1421 1423 1424 1427 1432 1443 1445 1447 1452 1459 1494 1497 1502 1504 1505 1510 1519 1526 1530 1544 1565 1570 1572 1580 1581 1599 1605 1614 1616 1618 1648 1658 1660 1661 1673 1676 1679 1685 1709 1710 1715 1716 1725 1729 1736 1739 1740 1750 1754 1761 1763 1769 1773 1784 1793 1795 1808 1809 1812 1813 1817 1821 1840 1848 1849 1850 1852 1856 1861 1862 1864 1867 1868 1870 1871 1889 1895 1902 1904 1906 1908 1911 1912 1913 1917 1925 1927 1931 1935 1938 1940 1944 1945 1953 1955 1957 1958 1965 1967 1969 1971 1973 1974 1978 1981 1985 1987 1989 1995 1997 1998 2004 2005 2008 2009 2010 2012 2014 2018 2020 2021 2022 2024 2026 2028 2029 2031 2035 2037 2038 2039 2041 2043 2045 2053 2056 2057 2060 2061 2067 2068 2072 2076 2077 2079 2080 2085 2086 2088 2092 2093 2094 2095 2096 2098 2099 2100 2102 2103 2104 2107 2109 2111 2113 2115 2117 2118 2121 2123 2126 2128 2132 2136 2137 2138 2139 2141 2142 2143 2145 2146 2150 2152 2154 2159 2161 2162 2164 2165 2167 2170 2171 2172 2173 2174 2177 2179 2180 2183 2184 2186 2187 2189 2191 2193 2194 2196 2199 2200 2205 2206 2208 2209 2211 2212 2213 2217 2220 2221 2223 2225 2226 2227 2229 2230 2234 2235 2236 2237 2239 2242 2245 2247 2248 2249 2250 2252 2253 2255 2256 2258 2260 2261 2262 2263 2264 2265 2267 2268 2270 2271 2272 2274 2275 2277 2278 2279 2280 2283 2284 2285 2286 2287 2288 2289 2291 2292 2294 2295 2296 2297 2298 2299 2300 2301 2302 2303 2304 2305 2306 2307 2308 2311 2312 2313 2315 2316 2317 2319 2321 2322 2323 2324 2325 2326 2328 2329 2330 2331 2332 2333 2334 2335 2336 2337 2338 2339 2340 2341 2342 2343 2345 2346 2347 2348 2349 2350 2352 2354 2356 2357 2358 2359 2360 2363 2364 2365 2366 2367 2368 2369 2370 2371 2372 2373 2374 2375 2376 2377 2378 2379 2380 2381 2382 2383 2385 2386 2387 2388 2389 2391 2392 2393 2394 2396 2397 2398 2399 2400 2402 2403 2404 2405 2406 2407 2408 2409 2410 2411 2412 2413 2414 2417 2419 2420 2421 2422 2424 2425 2426 2427 2428 2429 2430 2434 2435 2436 2437 2438 2439 2440 2441 2442 2443 2445 2446 2447 2448 2449 2450 2451 2452 2453 2454 2455 2456 2457 2458 2459 2460 2462 2463 2464 2465 2466 2467 2468 2469 2470 2471 2472 2473 2474 2475 2476 2477 2478 2479 2480 2481 2483 2485 2486 2487 2489 2490 2491 2492 2493 2494 2495 2496 2497 2498 2499 2501 2502 2503 2504 2506 2507 2508 2509 2510 2511 2512 2513 2514 2515 2516 2517 2519 

Test #18
7 14 16 25 28 41 42 57 61 69 86 103 113 123 131 145 174 177 191 207 209 215 219 227 232 237 239 257 259 264 271 279 291 295 296 297 303 304 306 321 322 324 330 335 336 340 341 349 357 361 363 366 368 369 381 390 391 393 395 403 410 416 423 426 427 428 432 437 447 448 453 458 466 472 486 506 524 531 538 560 563 574 576 594 606 618 622 644 663 670 676 693 721 725 727 745 746 773 774 776 784 793 805 812 836 839 846 851 865 877 890 892 900 913 918 919 921 922 933 945 953 962 963 969 976 981 982 988 1005 1010 1019 1044 1045 1052 1054 1056 1058 1060 1061 1066 1072 1081 1084 1086 1087 1090 1093 1113 1119 1124 1130 1131 1133 1135 1141 1142 1145 1146 1150 1163 1170 1171 1181 1186 1189 1193 1195 1197 1199 1204 1205 1213 1216 1222 1225 1236 1240 1241 1247 1248 1251 1256 1259 1261 1263 1265 1269 1280 1281 1284 1285 1287 1288 1290 1296 1297 1301 1303 1306 1309 1310 1312 1315 1316 1325 1326 1330 1331 1334 1335 1337 1338 1339 1341 1342 1346 1349 1353 1356 1357 1358 1359 1362 1364 1368 1370 1373 1374 1375 1378 1379 1383 1384 1385 1389 1394 1395 1398 1401 1403 1405 1406 1415 1416 1419 1421 1423 1424 1425 1426 1427 1428 1429 1432 1435 1436 1438 1443 1445 1447 1449 1452 1454 1455 1458 1459 1460 1464 1465 1466 1467 1468 1469 1473 1475 1476 1477 1478 1484 1485 1487 1491 1492 1493 1494 1496 1497 1498 1499 1500 1502 1503 1504 1505 1506 1507 1508 1510 1511 1512 1513 1514 1515 1519 1520 1522 1523 1526 1527 1528 1529 1530 1533 1534 1535 1538 1539 1543 1544 1545 1546 1547 1548 1549 1550 1551 1552 1554 1555 1556 1564 1565 1566 1569 1571 1572 1573 1574 1575 1576 1577 1578 1579 1580 1581 1582 1583 1585 1587 1588 1589 1590 1591 1594 1596 1597 1598 1599 1600 1601 1602 1603 1606 1607 1608 1609 1610 1613 1614 1616 1617 1618 1622 1623 1624 1625 1626 1627 1629 1630 1631 1632 1633 1635 1636 1637 1638 1639 1641 1643 1645 1646 1647 1648 1649 1651 1652 1653 1654 1655 1656 1658 1659 1660 1661 1662 1664 1666 1667 1668 1671 1672 1674 1675 1676 1677 1678 1679 1680 1682 1684 1685 1686 1687 1688 1689 1690 1691 1692 1693 1694 1696 1697 1698 1699 1701 1702 1703 1704 1705 1707 1708 1709 1710 1711 1712 1713 1714 1716 1717 1719 1720 1721 1722 1723 1724 1725 1726 1728 1730 1731 1732 1734 1736 1739 1740 1741 1742 1743 1744 1745 1746 1747 1748 1749 1750 1751 1752 1753 1754 1755 1756 1757 1758 1759 1760 1761 1762 1763 1764 1765 1766 1767 1768 1769 1770 1771 1772 1773 1774 1775 1776 1777 1778 1779 1780 1781 1782 1784 1786 1787 1789 1790 1791 1792 1794 1795 1796 1797 1799 1800 1801 1802 1803 1804 1805 1806 1808 1809 1811 1812 1813 1814 1816 1817 1818 1819 1820 1821 1822 1823 1824 1825 1826 1827 1828 1829 1830 1831 1832 1833 1834 1835 1836 1837 1839 

Test #19


Test #20


Test #21
264 322 963 1005 1044 1661 2045 2085 2143 2177 2210 2225 2228 2253 2269 2275 

Test #22
963 1507 

Test #23
0 1 2 3 5 7 8 10 11 12 14 15 16 17 18 19 21 22 23 24 25 26 27 28 29 30 31 32 33 34 35 36 37 38 40 41 42 43 44 46 47 48 49 50 51 53 55 56 57 58 59 60 61 62 64 65 67 68 69 70 71 72 73 74 75 76 77 78 79 80 81 82 83 84 85 86 87 88 90 91 92 93 94 96 97 98 99 100 101 102 103 104 105 106 107 108 110 111 112 114 115 116 117 118 119 121 122 123 124 126 127 128 129 130 131 132 133 134 135 136 137 139 140 141 142 143 144 145 146 147 149 150 151 152 153 154 155 156 157 159 160 161 162 163 164 165 166 167 169 170 171 172 173 174 176 177 178 179 180 181 182 183 184 185 186 188 190 191 192 193 194 197 198 199 200 201 202 203 204 205 206 207 208 209 210 211 212 213 214 215 216 217 218 219 220 221 222 223 224 225 226 227 228 229 232 233 234 235 236 237 238 239 240 241 242 243 244 245 248 249 250 251 252 253 254 255 256 257 259 260 261 263 264 265 266 268 269 270 271 272 274 275 276 277 279 280 281 282 284 285 286 287 288 289 290 291 292 293 294 295 296 297 298 299 301 302 303 304 305 306 307 308 309 310 311 312 313 314 316 317 318 319 320 321 322 323 324 325 326 327 328 329 330 331 332 333 334 335 336 337 338 339 340 341 342 343 344 345 346 347 348 349 350 351 352 353 354 355 356 357 358 360 361 362 363 364 365 366 367 368 369 370 371 372 373 374 375 376 377 378 379 380 381 382 383 384 385 386 388 389 390 391 392 393 394 395 396 397 398 400 401 402 403 404 405 406 407 408 409 410 411 412 413 414 416 417 418 419 420 421 422 423 424 425 426 427 428 429 430 431 432 433 434 435 437 438 439 442 444 445 446 447 448 449 450 451 452 453 454 455 456 457 458 459 460 461 462 464 465 466 467 468 469 470 471 472 473 474 475 476 477 478 479 480 481 482 483 484 485 486 487 488 489 490 491 492 493 494 495 496 497 498 499 501 502 503 504 505 506 507 508 509 510 511 512 513 515 516 517 518 519 520 521 523 524 525 526 527 528 529 530 531 532 533 534 535 536 537 538 539 540 541 542 543 544 545 546 547 548 549 550 551 552 553 554 555 556 558 559 560 561 562 563 564 565 566 567 568 569 571 572 574 575 576 577 578 579 580 581 582 583 585 586 587 588 590 591 592 593 594 595 596 597 598 599 600 601 603 604 606 607 608 609 610 611 613 614 615 616 617 618 619 620 621 622 623 624 625 626 627 629 630 633 634 635 636 638 639 640 641 642 643 644 645 646 647 648 649 650 651 652 653 654 655 657 658 659 661 662 663 664 665 666 667 668 669 670 671 673 675 676 677 678 679 681 682 685 686 687 688 689 690 692 693 694 695 696 697 698 699 700 701 702 703 704 705 706 708 709 710 711 712 714 715 716 717 718 719 720 721 722 723 725 726 727 728 729 730 732 733 735 736 738 739 740 741 742 743 745 746 748 750 751 752 753 754 756 757 758 759 760 763 764 765 766 767 769 770 771 772 773 774 775 776 777 778 781 782 783 784 785 786 787 788 789 790 791 792 793 794 795 796 797 798 801 802 804 805 807 809 810 811 812 813 814 815 816 817 818 819 821 822 823 824 826 827 828 829 830 831 832 835 836 837 838 839 840 841 842 843 844 845 846 847 848 849 850 851 852 854 855 856 857 858 859 860 861 862 863 864 865 866 867 868 869 870 871 872 873 874 875 876 877 878 879 880 881 882 883 884 885 886 887 888 889 890 891 892 893 894 895 896 897 898 899 900 901 902 903 904 905 906 907 908 909 910 911 912 913 914 915 916 917 918 919 920 921 922 923 924 925 926 927 928 929 930 931 932 933 934 935 936 937 938 939 940 941 942 943 944 945 946 947 948 949 950 951 952 953 954 955 956 957 958 959 

Test #24
2 7 8 11 14 16 19 21 25 27 28 29 30 31 33 38 41 42 43 48 49 57 61 62 69 70 71 73 75 76 78 80 83 84 86 94 96 103 104 107 110 119 121 123 129 131 139 142 144 147 151 153 156 159 164 167 169 172 174 181 191 198 207 209 210 213 215 216 219 223 227 228 232 233 235 236 237 241 242 248 249 250 251 253 255 259 260 264 265 266 268 269 271 274 275 279 281 285 288 290 291 292 295 296 298 306 309 311 313 316 317 318 321 322 324 325 326 330 332 334 335 336 340 341 344 345 349 357 361 363 364 366 368 369 371 381 383 384 390 391 394 395 396 400 403 409 410 411 412 414 416 419 424 425 426 427 428 431 432 433 434 435 437 439 442 444 446 447 448 451 453 454 458 465 466 467 469 470 472 482 483 486 487 491 493 501 502 503 504 506 508 509 519 521 523 524 528 531 537 538 539 540 549 550 554 558 559 562 563 564 567 572 574 576 578 586 587 588 601 618 619 621 624 625 626 630 636 640 641 642 644 646 647 649 654 658 661 663 670 673 676 682 688 693 698 701 703 705 706 708 716 718 721 722 727 728 729 730 733 735 740 741 742 745 746 748 752 754 756 759 763 764 766 771 773 774 776 783 784 793 794 802 804 805 809 810 821 823 826 829 830 831 836 843 844 846 851 852 855 857 858 863 865 867 871 872 873 874 877 881 882 883 887 890 892 897 899 901 902 904 906 908 909 911 913 918 919 921 922 923 927 928 930 931 932 933 934 935 936 937 940 944 945 946 949 953 954 955 958 960 961 963 964 969 971 976 979 981 982 983 984 985 986 987 988 989 990 995 997 998 1001 1002 1004 1005 1006 1008 1009 1010 1014 1015 1016 1017 1019 1021 1024 1025 1026 1027 1029 1030 1032 1033 1034 1037 1038 1039 1041 1042 1043 1044 1045 1048 1049 1050 1053 1054 1055 1056 1058 1059 1060 1061 1062 1063 1066 1070 1071 1072 1074 1075 1076 1078 1079 1080 1081 1082 1083 1084 1086 1087 1088 1089 1090 1093 1094 1095 1097 1098 1099 1101 1102 1103 1104 1105 1106 1107 1108 1109 1110 1112 1114 1118 1119 1120 1121 1122 1123 1124 1126 1127 1129 1130 1131 1132 1133 1134 1135 1136 1138 1139 1140 1141 1144 1145 1146 1147 1150 1151 1152 1154 1155 1157 1158 1159 1160 1161 1162 1163 1166 1168 1170 1171 1172 1173 1174 1175 1177 1178 1179 1181 1182 1183 1184 1185 1186 1188 1189 1191 1192 1194 1195 1196 1197 1198 1199 1200 1201 1203 1204 1205 1207 1208 1209 1212 1213 1218 1219 1220 1221 1223 1224 1225 1228 1229 1231 1232 1233 1234 1235 1236 1237 1238 1239 1240 1241 1242 1243 1244 1245 1246 1247 1248 1249 1250 1251 1253 1254 1255 1256 1258 1259 1260 1261 1263 1264 1265 1266 1267 1268 1269 1270 1271 1273 1274 1276 1277 1278 1279 1280 1281 1282 1283 1284 1285 1286 1287 1290 1291 1293 1294 1296 1298 1299 

Test #25
123 131 232 264 295 306 321 322 330 340 341 369 381 432 453 458 574 576 670 693 745 805 851 877 919 945 953 963 1005 1044 1061 1084 1124 1131 1135 1150 1186 1204 1205 1216 1225 1240 1247 1248 1251 1269 1281 1290 1296 1301 1306 1310 1312 1338 1339 1353 1358 1383 1405 1415 1421 1426 1427 1432 1438 1449 1452 1455 1477 1478 1484 1485 1487 1492 1494 1499 1506 1515 1526 1534 1544 1545 1546 1550 1555 1572 1574 1578 1581 1582 1587 1590 1600 1601 1617 1618 1626 1629 1631 1633 1638 1639 1643 1649 1651 1652 1655 1658 1659 1661 1664 1666 1671 1672 1676 1677 1679 1685 1686 1688 1692 1693 1696 1697 1699 1704 1709 1713 1716 1720 1721 1732 1734 1736 1739 1741 1744 1754 1755 1758 1760 1767 1772 1773 1777 1778 1779 1782 1786 1790 1792 1794 1799 1800 1804 1805 1808 1811 1813 1823 1824 1825 1826 1828 1833 1834 1837 1840 1842 1850 1853 1854 1856 1857 1859 1862 1865 1866 1868 1869 1872 1875 1876 1877 1881 1886 1889 1891 1894 1895 1896 1898 1899 1900 1903 1906 1910 1911 1912 1917 1921 1922 1924 1926 1927 1934 1939 1940 1942 1943 1948 1951 

Test #26
28 42 57 86 93 113 123 131 135 141 177 219 239 257 271 279 296 297 304 321 322 335 349 357 366 369 381 390 392 393 403 427 428 432 447 448 453 466 472 486 512 517 524 531 560 574 576 594 618 622 670 676 693 721 725 727 745 746 767 773 774 812 846 877 919 921 962 963 969 976 1005 1010 1028 1045 1052 1064 1090 1130 1145 1150 1170 1171 1189 1204 1225 1230 1247 1248 1281 1301 1306 1315 1326 1338 1342 1349 1353 1357 1362 1373 1378 1383 1401 1415 1421 1422 1423 1424 1427 1432 1443 1444 1445 1447 1452 1459 1477 1494 1497 1502 1504 1505 1510 1519 1526 1530 1544 1556 1565 1570 1572 1580 1581 1594 1599 1605 1614 1616 1618 1639 1643 1648 1658 1660 1661 1663 1670 1673 1676 1679 1685 1697 1704 1709 1710 1715 1716 1725 1729 1733 1735 1736 1739 1740 1744 1750 1754 1761 1763 1769 1773 1775 1784 1793 1795 1803 1808 1809 1811 1812 1813 1817 1821 1826 1838 1840 1848 1849 1850 1852 1856 1861 1862 1864 1867 1868 1869 1870 1871 1872 1889 1895 1899 1901 1902 1904 1906 1908 1911 1912 1913 1915 1917 1925 1926 1927 1928 1931 1933 1935 1938 1940 1944 1945 1953 1955 1957 1958 1965 1967 1969 1971 1973 1974 1975 1978 1980 1981 1985 1987 1989 1992 1995 1997 1998 1999 2001 2003 2004 2005 2008 2009 2010 2012 2014 2018 2020 2021 2022 2024 2026 2027 2028 2029 2031 2033 2035 2037 2038 2039 2041 2043 2045 2046 2053 2056 2057 2060 2061 2064 2067 2068 2069 2070 2072 2073 2076 2077 2078 2079 2080 2085 2086 2087 2088 2090 2091 2092 2093 2094 2095 2096 2098 2099 2100 2102 2103 2104 2105 2107 2109 2111 2112 2113 2115 2117 2118 2121 2122 2123 2124 2126 2128 2132 2136 2137 2138 2139 2141 2142 2143 2145 2146 2150 2152 2153 2154 2155 2158 2159 2160 2161 2162 2164 2165 2166 2167 2168 2169 2170 2171 2172 2173 2174 2175 2177 2179 2180 2183 2184 2186 2187 2189 2191 2193 2194 2196 2199 2200 2205 2206 2207 2208 2209 2211 2212 2213 2214 2217 2219 2220 2221 2222 2223 2225 2226 2227 2229 2230 2232 2234 2235 2236 2237 2239 2240 2242 2244 2245 2246 2247 2248 2249 2250 2251 2252 2253 2254 2255 2256 2257 2258 2260 2261 2262 2263 2264 2265 2267 2268 2270 2271 2272 2273 2274 2275 2277 2278 2279 2280 2281 2282 2283 2284 2285 2286 2287 2288 2289 2290 2291 2292 2294 2295 2296 2297 2298 2299 2300 2301 2302 2303 2304 2305 2306 2307 2308 2309 2310 2311 2312 2313 2315 2316 2317 2319 2320 2321 2322 2323 2324 2325 2326 2327 2328 2329 2330 2331 2332 2333 2334 2335 2336 2337 2338 2339 2340 2341 2342 2343 2345 2346 2347 2348 2349 2350 2351 2352 2354 2356 2357 2358 2359 2360 2361 2362 2363 2364 2365 2366 2367 2368 2369 2370 2371 2372 2373 2374 2375 2376 2377 2378 2379 2380 2381 2382 2383 2385 2386 2387 2388 2389 2391 2392 2393 2394 2395 2396 2397 2398 2399 2400 2401 2402 2403 2404 2405 2406 2407 2408 2409 2410 2411 2412 2413 2414 2415 2417 2419 2420 2421 2422 2423 2424 2425 2426 2427 2428 2429 2430 2431 2434 2435 2436 2437 2438 2439 2440 2441 2442 2443 2444 2445 2446 2447 2448 2449 2450 2451 2452 2453 2454 2455 2456 2457 2458 2459 

Test #27
42 57 69 86 113 123 131 177 219 239 257 271 279 296 297 304 321 322 330 335 349 357 366 369 381 403 427 428 432 447 448 453 466 472 486 524 531 560 574 576 594 618 622 670 676 693 727 745 746 773 774 812 846 877 919 921 962 963 969 976 1005 1010 1045 1052 1054 1058 1090 1130 1135 1150 1170 1171 1189 1204 1225 1247 1248 1281 1301 1306 1315 1334 1338 1342 1349 1353 1357 1362 1373 1378 1383 1385 1415 1421 1423 1424 1427 1432 1443 1445 1447 1452 1455 1459 1477 1494 1497 1499 1502 1504 1505 1510 1519 1526 1530 1544 1556 1565 1570 1572 1580 1581 1597 1599 1605 1616 1618 1622 1630 1639 1643 1648 1658 1660 1661 1662 1670 1673 1676 1679 1685 1697 1709 1710 1715 1716 1719 1725 1729 1739 1740 1750 1754 1761 1763 1767 1769 1773 1775 1784 1793 1795 1808 1809 1811 1812 1813 1817 1819 1821 1826 1827 1838 1840 1848 1849 1850 1856 1861 1862 1864 1868 1869 1870 1871 1872 1889 1895 1899 1902 1904 1906 1908 1909 1910 1911 1912 1917 1925 1926 1927 1931 1938 1939 1940 1942 1945 1953 1955 1958 1962 1967 1969 1971 1973 1974 1975 1978 1979 1981 1985 1987 1989 1992 1995 1997 1998 2004 2005 2008 2010 2012 2014 2018 2020 2021 2022 2026 2027 2028 2029 2031 2032 2035 2036 2037 2038 2039 2041 2043 2045 2046 2051 2053 2054 2055 2056 2057 2058 2059 2060 2061 2066 2067 2068 2070 2072 2076 2077 2079 2080 2085 2086 2088 2090 2091 2092 2093 2094 2095 2096 2097 2098 2100 2101 2102 2103 2104 2107 2109 2111 2112 2113 2114 2117 2118 2121 2122 2123 2124 2126 2128 2129 2130 2132 2133 2136 2138 2139 2141 2143 2145 2146 2147 2148 2150 2151 2152 2153 2154 2155 2158 2159 2160 2161 2162 2164 2167 2170 2171 2172 2173 2174 2177 2178 2179 2180 2182 2183 2184 2185 2186 2187 2189 2191 2193 2194 2196 2200 2202 2205 2206 2207 2208 2209 2211 2212 2213 2214 2216 2217 2220 2221 2223 2225 2226 2228 2229 2230 2234 2235 2236 2237 2238 2239 2240 2242 2243 2244 2245 2246 2247 2248 2249 2250 2252 2253 2254 2255 2256 2257 2258 2261 2262 2263 2264 2265 2266 2267 2268 2269 2270 2272 2274 2275 2278 2280 2281 2283 2284 2285 2286 2287 2288 2289 2290 2291 2294 2295 2296 2297 2298 2299 2301 2302 2303 2304 2305 2306 2307 2308 2310 2311 2312 2313 2315 2316 2317 2319 2320 2321 2322 2323 2324 2326 2327 2328 2329 2330 2331 2332 2333 2334 2335 2336 2337 2338 2339 2340 2341 2342 2343 2344 2345 2346 2347 2349 2350 2352 2354 2356 2357 2358 2359 2360 2362 2364 2365 2366 2367 2368 2369 2370 2371 2372 2373 2374 2375 2376 2377 2378 2379 

Test #28


Test #29
2143 2146 2340 

Test #30
14 16 28 41 42 57 61 69 86 103 113 123 131 145 177 209 215 219 232 264 279 295 296 304 306 321 322 324 330 335 340 341 349 357 363 366 369 381 390 403 410 416 426 427 428 432 437 447 448 453 458 466 472 486 506 524 563 574 576 618 644 670 676 693 721 727 745 746 773 774 776 784 805 812 836 846 851 877 892 900 919 921 945 953 963 969 976 981 988 1005 1010 1019 1044 1045 1054 1058 1061 1066 1072 1084 1090 1093 1113 1119 1124 1130 1131 1135 1146 1150 1163 1170 1171 1186 1189 1195 1204 1205 1216 1222 1225 1240 1247 1248 1251 1256 1261 1269 1280 1281 1284 1290 1296 1301 1303 1306 1310 1312 1315 1316 1325 1330 1334 1338 1339 1342 1346 1349 1353 1356 1357 1358 1359 1364 1373 1374 1378 1383 1389 1394 1395 1398 1401 1405 1406 1415 1419 1421 1423 1424 1425 1426 1427 1429 1432 1438 1443 1445 1447 1449 1452 1454 1455 1458 1459 1464 1465 1468 1469 1476 1477 1478 1484 1485 1487 1491 1492 1493 1494 1497 1498 1499 1500 1502 1503 1504 1505 1506 1507 1508 1512 1515 1520 1522 1526 1527 1529 1530 1533 1534 1543 1544 1545 1546 1548 1550 1551 1555 1565 1566 1572 1574 1577 1578 1579 1580 1581 1582 1583 1587 1588 1590 1594 1597 1598 1599 1600 1601 1602 1606 1607 1609 1610 1613 1616 1617 1618 1622 1623 1626 1627 1629 1630 1631 1633 1636 1637 1638 1639 1641 1643 1646 1647 1648 1649 1651 1652 1654 1655 1656 1658 1659 1660 1661 1664 1666 1671 1672 1675 1676 1677 1678 1679 1680 1682 1684 1685 1686 1688 1689 1690 1692 1693 1696 1697 1698 1699 1701 1702 1704 1705 1707 1709 1710 1712 1713 1714 1716 1717 1719 1720 1721 1722 1723 1724 1725 1726 1730 1731 1732 1734 1736 1739 1740 1741 1742 1743 1744 1746 1747 1748 1750 1751 1754 1755 1757 1758 1759 1760 1761 1762 1763 1764 1765 1766 1767 1768 1769 1771 1772 1773 1774 1775 1776 1777 1778 1779 1782 1784 1786 1787 1790 1791 1792 1794 1795 1796 1797 1799 1800 1801 1804 1805 1808 1809 1811 1813 1814 1816 1817 1818 1819 1820 1821 1822 1823 1824 1825 1826 1827 1828 1829 1830 1831 1832 1833 1834 1835 1836 1837 1839 1840 1842 1843 1845 1846 1848 1849 1850 1851 1853 1854 1855 1856 1857 1859 1860 1862 1863 1864 1865 1866 1868 1869 1870 1872 1873 1874 1875 1876 1877 1880 1881 1886 1888 1889 1890 1891 1894 1895 1896 1898 1899 1900 1901 1902 1903 1904 1906 1907 1908 1909 1910 1911 1912 1914 1915 1916 1917 1918 1919 

Test #31
264 306 322 341 368 453 576 918 933 963 982 1005 1124 1141 1150 1163 1204 1205 1241 1248 1269 1310 1312 1358 1405 1415 1427 1432 1449 1455 1473 1477 1511 1515 1535 1574 1575 1581 1582 1617 1618 1631 1633 1638 1639 1661 1671 1677 1684 1686 1692 1696 1716 1744 1751 1764 1767 1768 1773 1779 1786 1799 1800 1811 1825 1840 1842 1859 1862 1869 

Test #32
2 8 31 33 41 62 75 78 107 123 131 172 242 248 264 281 290 298 306 317 318 322 330 332 336 340 341 364 368 369 383 425 435 453 469 470 486 506 519 521 539 549 550 563 567 574 576 619 621 625 644 647 649 654 670 682 688 698 716 718 721 740 745 752 754 771 776 805 821 857 871 872 882 904 908 918 933 935 945 954 963 988 989 990 1005 1006 1019 1026 1030 1034 1039 1043 1050 1061 1062 1063 1072 1075 1078 1081 1084 1086 1089 1093 1101 1105 1109 1124 1126 1129 1135 1146 1147 1150 1159 1161 1162 1166 1177 1181 1184 1191 1192 1194 1197 1199 1200 1205 1207 1225 1231 1232 1239 1244 1247 1248 1251 1261 1267 1274 1278 1279 1283 1287 1298 1301 1304 1311 1312 1327 1328 1329 1333 1337 1345 1346 1358 1360 1365 1374 1396 1402 1403 1409 1414 1415 

Test #33
2 8 14 16 25 27 28 31 33 38 41 48 49 57 61 62 64 69 70 71 75 76 83 84 86 94 103 104 107 110 119 121 123 131 142 159 164 172 181 191 198 207 209 210 215 219 227 234 237 241 242 248 250 253 255 259 264 266 268 269 274 275 281 290 295 298 306 309 313 316 317 318 321 322 325 326 330 332 334 336 340 341 357 361 364 368 369 371 381 383 390 394 400 403 409 410 412 414 419 424 425 428 432 435 437 439 442 444 446 447 448 451 453 456 465 467 469 470 483 486 491 493 501 502 506 508 509 519 521 524 528 537 539 540 549 550 559 562 563 567 572 574 576 578 586 587 588 618 619 621 624 625 630 636 644 647 649 654 658 661 670 673 676 682 688 698 701 705 706 708 716 718 721 729 730 733 740 742 745 748 752 754 756 759 763 764 766 771 773 776 783 787 793 802 805 821 829 830 844 846 852 855 857 858 865 867 871 872 873 877 881 882 883 887 897 899 901 904 908 909 911 913 918 921 923 930 931 932 933 934 935 936 937 940 944 945 946 949 953 954 955 960 963 964 969 979 984 985 986 987 988 989 990 995 998 1001 1002 1005 1006 1008 1009 1014 1015 1016 1017 1019 1021 1024 1026 1027 1029 1030 1033 1034 1038 1039 1041 1042 1043 1045 1049 1050 1058 1059 1060 1061 1062 1063 1070 1071 1072 1074 1075 1076 1078 1079 1080 1081 1082 1083 1084 1086 1087 1088 1089 1093 1094 1097 1098 1099 1101 1104 1105 1106 1108 1109 1114 1119 1120 1121 1124 1126 1129 1133 1135 1136 1139 1140 1144 1145 1146 1147 1150 1151 1152 1157 1159 1160 1161 1162 1166 1168 1172 1175 1177 1178 1179 1181 1182 1183 1184 1185 1188 1191 1192 1194 1197 1198 1199 1200 1203 1205 1207 1208 1209 1218 1219 1223 1225 1229 1231 1232 1234 1235 1236 1237 1238 1239 1243 1244 1245 1247 1248 1249 1250 1251 1253 1259 1261 1263 1264 1265 1266 1267 1269 1270 1271 1273 1274 1277 1278 1279 1281 1282 1283 1284 1286 1287 1290 1291 1294 1298 1299 

Test #34
123 177 321 322 369 381 432 453 670 693 812 877 919 921 1005 1090 1150 1248 1281 1353 1383 1415 1421 1427 1452 1544 1572 1581 1661 1676 1685 1710 1725 1739 1773 1808 1821 1861 1862 1889 1912 1927 1969 1971 1978 1989 2004 2005 2045 2056 2061 2067 2068 2077 2085 2086 2092 2094 2095 2098 2103 2113 2126 2143 2145 2159 2162 2177 2179 2183 2184 2189 2193 2194 2196 2205 2208 2212 2213 2229 2230 2237 2245 2247 2248 2255 2267 2274 2301 2307 2311 2331 2342 2352 2354 2364 2368 2371 2379 2387 2391 2392 2396 2397 2400 2403 2407 2412 2425 2426 2447 2450 2451 2454 2459 2462 2474 2475 2478 2480 2489 2492 2508 2510 2512 2513 2514 2516 2526 2529 2533 2540 2543 2547 2551 2553 2559 2560 2561 2562 2569 2574 2575 2576 2577 2581 2582 2583 2587 2588 2590 2591 2592 2597 2599 2602 2607 2612 2615 

Test #35


Test #36
42 86 113 123 131 177 219 279 321 322 335 366 369 381 427 432 447 448 453 472 524 574 676 693 727 774 812 877 919 921 1005 1090 1170 1189 1225 1247 1248 1281 1301 1306 1338 1342 1353 1357 1362 1383 1415 1421 1423 1424 1427 1445 1447 1452 1494 1502 1504 1505 1526 1530 1544 1565 1570 1572 1581 1599 1618 1658 1660 1661 1676 1679 1710 1715 1739 1740 1750 1754 1761 1773 1808 1812 1813 1817 1861 1862 1864 1867 1889 1895 1902 1908 1912 1931 1935 1938 1945 1953 1969 1971 1973 1981 1997 1998 2004 2005 2012 2014 2021 2028 2031 2045 2053 2056 2061 2067 2068 2072 2076 2077 2079 2080 2085 2086 2088 2092 2093 2094 2095 2096 2098 2102 2103 2104 2109 2113 2121 2123 2126 2138 2143 2145 2150 2159 2161 2162 2165 2167 2172 2177 2179 2180 2183 2184 2187 2189 2191 2193 2194 2196 2205 2206 2208 2211 2212 2213 2226 2227 2230 2237 2247 2248 2249 2253 2255 2256 2258 2260 2261 2267 2268 2270 2287 2289 2291 2295 2298 2301 2302 2303 2307 2311 2312 2317 2321 2323 2324 2325 2326 2329 2330 2333 2334 2339 2341 2342 2347 2348 2350 2352 2354 2356 2358 2363 2364 2368 2369 2370 2371 2374 2375 2376 2379 2380 2381 2382 2383 2386 2387 2391 2392 2396 2397 2398 2399 2400 2404 2407 2410 2411 2412 2414 2419 2420 2422 2425 2426 2427 2428 2429 2434 2438 2439 2440 2441 2442 2443 2445 2447 2448 2450 2451 2453 2454 2455 2456 2458 2459 2460 2462 2464 2466 2467 2469 2470 2472 2474 2475 2476 2477 2478 2479 2480 2481 2483 2485 2486 2489 2493 2495 2496 2497 2498 2501 2502 2503 2504 2506 2507 2508 2509 2510 2511 2512 2513 2514 2515 2516 2517 2519 2520 2521 2524 2526 2529 2532 2533 2534 2535 2536 2539 2540 2542 2543 2544 2546 2547 2548 2549 2550 2551 2552 2553 2555 2556 2557 2558 2559 2560 2561 2562 2563 2564 2566 2567 2568 2569 2571 2572 2573 2574 2575 2576 2577 2578 2579 2580 2581 2582 2583 2584 2586 2587 2588 2589 2590 2591 2592 2593 2594 2595 2596 2597 2599 2600 2601 2602 2603 2604 2605 2607 2610 2611 2612 2614 2615 2617 2618 2620 2621 2623 2624 2625 2627 2628 2630 2631 2632 2633 2634 2635 2638 2639 2643 2645 2647 2648 2652 2654 2656 2659 2662 2664 2665 2666 2667 2668 2673 2675 2678 

Test #37
16 25 28 42 57 69 86 93 106 113 123 131 135 141 177 219 239 257 264 271 279 296 297 304 306 321 322 324 330 335 349 357 363 366 369 381 390 392 393 403 410 427 428 432 447 448 453 466 472 486 512 517 524 531 560 574 576 594 618 622 670 676 693 721 725 727 745 746 767 773 774 776 784 812 846 859 870 877 890 892 900 919 921 962 963 969 976 1005 1010 1028 1044 1045 1052 1054 1058 1064 1072 1084 1087 1090 1119 1130 1135 1145 1146 1150 1170 1171 1189 1204 1205 1213 1225 1230 1247 1248 1281 1297 1301 1306 1312 1315 1326 1334 1338 1342 1349 1353 1356 1357 1358 1359 1362 1373 1378 1383 1385 1401 1415 1419 1421 1422 1423 1424 1425 1427 1432 1443 1444 1445 1447 1452 1455 1459 1464 1465 1466 1477 1478 1485 1490 1494 1497 1499 1502 1504 1505 1506 1509 1510 1513 1517 1519 1526 1529 1530 1544 1546 1548 1556 1565 1570 1571 1572 1580 1581 1587 1594 1597 1598 1599 1605 1607 1614 1615 1616 1617 1618 1622 1630 1638 1639 1643 1648 1652 1655 1656 1658 1660 1661 1662 1664 1670 1671 1672 1673 1676 1679 1682 1685 1689 1690 1693 1697 1699 1704 1707 1709 1710 1715 1716 1718 1719 1721 1724 1725 1729 1730 1731 1733 1735 1736 1739 1740 1744 1747 1748 1750 1753 1754 1758 1759 1760 1761 1763 1767 1769 1772 1773 1775 1784 1788 1789 1790 1793 1795 1797 1801 1802 1803 1808 1809 1811 1812 1813 1817 1819 1821 1825 1826 1827 1828 1833 1834 1835 1836 1838 1840 1844 1847 1848 1849 1850 1852 1853 1856 1861 1862 1864 1867 1868 1869 1870 1871 1872 1875 1876 1877 1882 1883 1889 1891 1892 1893 1895 1896 1897 1899 1901 1902 1904 1906 1907 1908 1909 1910 1911 1912 1913 1914 1915 1916 1917 1918 1922 1923 1924 1925 1926 1927 1928 1929 1930 1931 1933 1934 1935 1937 1938 1939 1940 1941 1942 1943 1945 1948 1949 1951 1952 1953 1954 1955 1956 1957 1958 1960 1962 1963 1965 1967 1969 1971 1972 1973 1974 1975 1976 1978 1979 1980 1981 1982 1983 1984 1985 1987 1988 1989 1990 1992 1994 1995 1997 1998 1999 2000 2002 2003 2004 2005 2006 2007 2008 2009 2010 2012 2014 2018 2019 2020 2021 2022 2024 2025 2026 2027 2028 2029 2031 2032 2033 2035 2036 2037 2038 2039 2040 2041 2043 2044 2045 2046 2047 2049 2051 2052 2053 2054 2055 2056 2057 2058 2059 2060 2061 2062 2064 2066 2067 2068 2069 2070 2071 2072 2073 2075 2076 2077 2078 2079 2080 2081 2082 2083 2084 2085 2086 2087 2088 2089 2090 2091 2092 2093 2094 2095 2096 2097 2098 2099 2100 2101 2102 2103 2104 2105 2106 2107 2108 2109 2111 2112 2113 2114 2116 2117 2118 2119 2121 2122 2123 2124 2125 2126 2127 2128 2129 2130 2131 2132 2133 2134 2135 2136 2137 2138 2139 2140 2141 2142 2143 2144 2145 2146 2147 2148 2149 2150 2151 2152 2153 2154 2155 2156 2157 2158 2159 2160 2161 2162 2163 2164 2165 2166 2167 2169 2170 2171 2172 2173 2174 2175 2176 2177 2178 2179 2180 2181 2182 2183 2184 2185 2186 2187 2188 2189 2190 2191 2192 2193 2194 2195 2196 2197 2198 2199 2200 2201 2202 2203 2205 2206 2207 2208 2209 2210 2211 2212 2213 2214 2215 2216 2217 2218 2219 

Test #38


Test #39
8 318 322 567 576 923 935 963 1005 1039 1129 1159 1166 1184 1231 1239 1248 1267 1287 1311 1312 1333 

Test #40
14 16 25 28 41 42 57 61 69 86 93 103 106 113 123 131 135 141 145 177 191 209 215 219 232 239 257 264 271 279 291 295 296 297 304 306 321 322 324 330 335 340 341 349 357 361 363 366 369 381 390 393 403 410 427 428 432 437 447 448 453 458 466 472 486 506 517 524 531 538 560 563 574 576 594 618 622 670 676 693 721 725 727 745 746 767 773 774 776 784 804 805 812 823 836 846 851 870 877 890 892 900 919 921 945 953 962 963 969 976 981 988 1005 1010 1019 1028 1044 1045 1052 1054 1058 1061 1064 1066 1072 1084 1087 1090 1093 1113 1119 1124 1130 1131 1135 1145 1146 1150 1170 1171 1186 1189 1193 1195 1197 1204 1205 1213 1216 1222 1224 1225 1240 1247 1248 1251 1256 1259 1261 1265 1269 1280 1281 1284 1288 1290 1296 1297 1301 1303 1306 1310 1312 1315 1316 1325 1326 1330 1331 1334 1338 1339 1342 1346 1349 1353 1356 1357 1358 1359 1362 1363 1364 1373 1374 1378 1383 1385 1389 1394 1395 1398 1401 1405 1406 1415 1416 1419 1421 1422 1423 1424 1425 1426 1427 1429 1432 1438 1443 1444 1445 1447 1449 1452 1454 1455 1458 1459 1464 1465 1466 1467 1468 1469 1476 1477 1478 1484 1485 1487 1491 1492 1493 1494 1496 1497 1498 1499 1500 1502 1503 1504 1505 1506 1507 1509 1510 1512 1513 1514 1515 1517 1519 1520 1522 1526 1527 1529 1530 1533 1534 1537 1538 1543 1544 1545 1546 1548 1549 1550 1551 1552 1555 1556 1565 1566 1570 1571 1572 1574 1577 1578 1579 1580 1581 1582 1583 1585 1587 1588 1590 1594 1596 1597 1598 1599 1600 1601 1602 1605 1606 1607 1609 1610 1613 1614 1615 1616 1617 1618 1622 1625 1626 1627 1629 1630 1631 1633 1636 1637 1638 1639 1640 1641 1643 1646 1647 1648 1649 1651 1652 1654 1655 1656 1657 1658 1659 1660 1661 1662 1663 1664 1665 1666 1668 1669 1670 1671 1672 1675 1676 1677 1678 1679 1680 1682 1684 1685 1686 1688 1689 1690 1691 1692 1693 1696 1697 1698 1699 1701 1702 1704 1705 1707 1709 1710 1712 1713 1714 1715 1716 1717 1718 1719 1720 1721 1722 1723 1724 1725 1726 1729 1730 1731 1732 1733 1734 1735 1736 1738 1739 1740 1741 1743 1744 1746 1747 1748 1749 1750 1751 1753 1754 1755 1757 1758 1759 1760 1761 1762 1763 1764 1765 1766 1767 1768 1769 1770 1771 1772 1773 1774 1775 1776 1777 1778 1779 1780 1781 1782 1784 1785 1786 1788 1789 1790 1791 1792 1793 1794 1795 1796 1797 1798 1799 1800 1801 1802 1803 1804 1805 1807 1808 1809 1810 1811 1812 1813 1814 1816 1817 1819 1820 1821 1822 1823 1824 1825 1826 1827 1828 1829 1830 1831 1832 1833 1834 1835 1836 1837 1838 1839 1840 1841 1842 1843 1844 1845 1846 1847 1848 1849 1850 1851 1852 1853 1854 1855 1856 1857 1859 1860 1861 1862 1863 1864 1865 1866 1868 1869 1870 1871 1872 1873 1874 1875 1876 1877 1878 1879 1880 1881 1882 1883 1884 1886 1887 1888 1889 1891 1892 1893 1894 1895 1896 1897 1898 1899 1900 1901 1902 1903 1904 1905 1906 1907 1908 1909 1910 1911 1912 1913 1914 1915 1916 1917 1918 1919 1920 1921 1922 1923 1924 1926 1927 1928 1929 1930 1931 1932 1933 1934 1936 1937 1938 1939 

Test #41
75 123 131 156 159 237 249 259 264 290 295 306 318 322 330 332 336 340 341 368 369 381 383 432 433 453 486 506 563 574 576 619 644 647 649 663 670 682 698 718 745 771 776 805 858 877 918 933 935 945 953 963 969 982 988 1005 1039 1061 1062 1081 1084 1089 1093 1098 1124 1131 1133 1135 1141 1146 1150 1163 1194 1198 1199 1200 1204 1205 1223 1225 1232 1236 1241 1244 1247 1248 1251 1264 1269 1274 1281 1290 1296 1301 1306 1309 1312 1319 1333 1353 1355 1358 1359 1365 1368 1379 1403 1405 1406 1408 1415 1421 1426 1427 1432 1435 1436 1438 1442 1446 1449 1451 1452 1454 1455 1461 1463 1466 1470 1473 1476 1479 1480 1482 1483 1484 1486 1488 1492 1494 1499 1505 1507 1508 1511 1515 1523 1525 1526 1532 1534 1535 1540 1546 1550 1553 1554 1560 1561 1565 1572 1573 1574 1575 1576 1578 1581 1584 1587 1590 1592 1593 1597 1598 1603 1612 1617 1618 1621 1622 1627 1631 1632 1633 1636 1638 1639 1641 1642 1643 1645 1655 1656 1658 1659 

Test #42


Test #43


Test #44
123 177 321 322 330 369 381 432 453 472 576 670 693 745 812 877 919 921 963 1005 1150 1204 1247 1248 1281 1315 1353 1383 1415 1421 1427 1432 1452 1477 1499 1544 1572 1580 1581 1618 1630 1658 1661 1676 1685 1709 1716 1719 1725 1739 1767 1769 1773 1784 1808 1811 1819 1821 1826 1838 1849 1861 1862 1868 1889 1911 1912 1925 1927 1969 1971 1978 1989 2004 2010 2022 2027 2035 2037 2038 2043 2045 2055 2056 2057 2058 2061 2066 2067 2068 2077 2085 2090 2092 2094 2095 2100 2102 2113 2122 2128 2132 2143 2146 2155 2159 2162 2164 2170 2177 2179 2183 2184 2189 2193 2194 2196 2205 2208 2209 2212 2213 2216 2217 2225 2226 2230 2234 2237 2238 2242 2244 2246 2248 2253 2254 2262 2263 2264 2267 2274 2275 2278 2285 2288 2289 2290 2294 2295 2297 2301 2303 2304 2306 2307 2311 2320 2327 2328 2329 2330 2331 2332 2338 2340 2342 2344 2346 2347 2349 2354 2357 2358 2362 2368 2371 2377 2382 2387 2391 2392 2393 2396 2397 2400 2403 2405 2407 2409 2411 2412 2413 2419 

Test #45
123 131 232 264 295 306 321 322 330 341 369 381 432 453 574 576 670 693 745 805 812 877 919 945 963 1005 1044 1084 1135 1150 1186 1195 1204 1205 1216 1247 1248 1251 1269 1281 1290 1301 1306 1310 1312 1353 1358 1383 1415 1421 1427 1432 1438 1449 1452 1455 1477 1478 1485 1487 1494 1499 1506 1515 1526 1544 1545 1555 1572 1578 1581 1587 1588 1590 1600 1601 1609 1617 1618 1629 1638 1639 1643 1651 1652 1655 1658 1659 1661 1664 1666 1671 1672 1676 1679 1685 1686 1688 1692 1693 1697 1699 1704 1707 1709 1716 1720 1725 1732 1736 1739 1744 1754 1755 1760 1762 1767 1773 1777 1778 1782 1786 1790 1799 1800 1804 1805 1808 1811 1813 1819 1823 1825 1826 1828 1833 1834 1837 1840 1842 1843 1853 1856 1857 1859 1862 1865 1866 1868 1869 1872 1875 1876 1877 1881 1886 1889 1891 1894 1895 1896 1898 1899 1900 1903 1911 1912 1917 1918 1921 1922 1924 1926 1927 1934 1939 1940 1942 1943 1948 1951 1960 1967 1969 1974 1979 1982 1984 1985 1986 1989 1990 1992 1993 1995 2002 2004 2010 2015 2016 2025 2026 2031 2034 2037 2038 

Test #46
28 42 86 93 113 123 131 141 177 219 257 271 279 296 297 321 322 335 349 357 366 369 381 390 392 393 403 427 428 432 447 448 453 472 486 512 517 524 531 574 594 618 622 670 676 693 721 727 767 773 774 812 846 859 877 919 921 962 969 976 1005 1028 1045 1052 1064 1090 1130 1145 1150 1170 1171 1189 1204 1225 1230 1247 1248 1281 1301 1306 1315 1326 1338 1342 1349 1353 1357 1362 1373 1378 1383 1401 1415 1421 1422 1423 1424 1427 1443 1444 1445 1447 1452 1459 1494 1497 1502 1504 1505 1510 1519 1526 1530 1544 1565 1570 1572 1581 1599 1614 1616 1618 1648 1658 1660 1661 1676 1679 1685 1697 1709 1710 1715 1725 1729 1733 1735 1736 1739 1740 1750 1754 1761 1763 1773 1784 1795 1803 1808 1809 1812 1813 1817 1821 1840 1848 1850 1852 1861 1862 1864 1867 1868 1870 1871 1889 1895 1902 1904 1908 1911 1912 1913 1915 1917 1925 1927 1928 1931 1933 1935 1938 1944 1945 1953 1955 1958 1965 1967 1969 1971 1973 1974 1975 1978 1981 1985 1987 1989 1995 1997 1998 1999 2003 2004 2005 2009 2010 2012 2014 2018 2020 2021 2024 2026 2028 2029 2031 2035 2037 2038 2039 2041 2043 2045 2053 2056 2060 2061 2064 2065 2067 2068 2072 2073 2076 2077 2079 2080 2085 2086 2087 2088 2092 2093 2094 2095 2096 2098 2099 2100 2102 2103 2104 2107 2109 2111 2113 2115 2117 2118 2121 2123 2124 2126 2136 2137 2138 2139 2142 2143 2145 2146 2150 2154 2159 2160 2161 2162 2165 2166 2167 2168 2169 2172 2173 2174 2175 2177 2179 2180 2183 2184 2186 2187 2189 2191 2193 2194 2196 2197 2198 2199 2200 2201 2204 2205 2206 2208 2209 2211 2212 2213 2217 2219 2220 2221 2222 2223 2225 2226 2227 2229 2230 2232 2236 2237 2239 2245 2247 2248 2249 2250 2251 2253 2255 2256 2258 2259 2260 2261 2262 2263 2267 2268 2270 2271 2272 2273 2274 2275 2279 2280 2283 2284 2285 2286 2287 2288 2289 2291 2292 2294 2295 2297 2298 2299 2300 2301 2302 2303 2304 2306 2307 2308 2309 2311 2312 2313 2314 2315 2317 2319 2321 2322 2323 2324 2325 2326 2329 2330 2331 2333 2334 2335 2336 2337 2339 2340 2341 2342 2343 2345 2346 2347 2348 2350 2352 2354 2355 2356 2357 2358 2360 2361 2363 2364 2365 2366 2367 2368 2369 2370 2371 2373 2374 2375 2376 2377 2378 2379 2380 2381 2382 2383 2385 2386 2387 2388 2389 2391 2392 2395 2396 2397 2398 2399 2400 2402 2403 2404 2406 2407 2408 2410 2411 2412 2413 2414 2415 2416 2417 2418 2419 2420 2421 2422 2423 2425 2426 2427 2428 2429 2430 2431 2432 2433 2434 2435 2436 2437 2438 2439 2440 2441 2442 2443 2444 2445 2446 2447 2448 2449 2450 2451 2452 2453 2454 2455 2456 2457 2458 2459 2460 2462 2464 2465 2466 2467 2468 2469 2470 2471 2472 2473 2474 2475 2476 2477 2478 2479 2480 2481 2482 2483 2484 2485 2486 2487 2488 2489 2490 2491 2492 2493 2494 2495 2496 2497 2498 2499 2500 2501 2502 2503 2504 2505 2506 2507 2508 2509 2510 2511 2512 2513 2514 2515 2516 2517 2518 2519 2520 2521 2522 2523 2524 2526 2527 2528 2529 2530 2531 2532 2533 2534 2535 2536 2537 2538 2539 2540 2542 2543 2544 2545 2546 2547 2548 2549 2550 2551 2552 2553 2554 2555 2556 2557 2558 2559 

Test #47
42 57 123 131 177 219 321 322 357 369 381 403 432 453 466 472 574 576 670 676 693 745 812 846 877 919 921 963 976 1005 1090 1150 1170 1204 1247 1248 1281 1301 1306 1315 1338 1349 1353 1373 1383 1415 1421 1424 1427 1432 1443 1452 1477 1494 1505 1544 1572 1580 1581 1618 1658 1660 1661 1676 1685 1709 1710 1716 1725 1739 1740 1750 1754 1761 1763 1769 1773 1784 1808 1809 1811 1813 1821 1826 1838 1840 1849 1861 1862 1868 1889 1895 1902 1904 1911 1912 1925 1927 1938 1940 1955 1958 1969 1971 1978 1981 1989 1998 2004 2005 2010 2014 2020 2022 2026 2027 2031 2035 2037 2038 2043 2045 2046 2056 2057 2061 2067 2068 2076 2077 2085 2086 2092 2093 2094 2095 2096 2100 2102 2113 2122 2126 2128 2132 2138 2141 2143 2145 2146 2155 2158 2159 2162 2164 2170 2177 2179 2180 2183 2184 2186 2189 2191 2193 2194 2196 2205 2206 2208 2209 2212 2213 2217 2225 2226 2229 2230 2234 2236 2237 2240 2242 2244 2245 2246 2247 2248 2252 2253 2254 2255 2257 2258 2262 2263 2264 2267 2272 2274 2275 2278 2285 2288 2289 2291 2294 2295 2297 2298 2299 2301 2303 2304 2306 2307 2310 2311 2312 2313 2316 2317 2321 2326 2328 2329 2330 2331 2332 2333 2334 2336 2338 2339 2340 2341 2342 2345 2346 2347 2349 2352 2354 2356 2357 2358 2362 2364 2368 2369 2370 2371 2372 2373 2374 2377 2378 2379 2380 2382 2386 2387 2388 2391 2392 2393 2396 2397 2398 2399 2400 2403 2405 2407 2409 2411 2412 2413 2414 2419 2420 2421 2425 2426 2427 2429 2434 2437 2439 2441 2442 2443 2446 2447 2450 2451 2454 2455 2456 2458 2459 2462 2465 2470 2473 2474 2475 2476 2478 

Test #48
16 25 28 42 57 69 86 93 106 113 123 131 135 141 177 219 239 257 264 271 279 296 297 304 306 321 322 324 330 335 349 357 363 366 369 381 390 392 393 403 410 427 428 432 447 448 453 466 472 486 512 517 524 531 560 574 576 594 618 622 670 676 693 714 721 725 727 745 746 767 773 774 776 784 812 846 859 870 877 890 892 900 919 921 962 963 969 976 1005 1010 1028 1044 1045 1052 1054 1058 1064 1072 1084 1087 1090 1119 1130 1135 1145 1146 1150 1170 1171 1189 1204 1205 1213 1225 1230 1247 1248 1265 1281 1297 1301 1306 1312 1315 1326 1334 1338 1342 1346 1349 1353 1356 1357 1358 1359 1362 1373 1378 1383 1385 1401 1415 1419 1421 1422 1423 1424 1425 1427 1432 1443 1444 1445 1447 1452 1455 1459 1464 1465 1466 1477 1478 1485 1490 1494 1497 1499 1502 1504 1505 1506 1509 1510 1513 1517 1519 1526 1529 1530 1544 1546 1548 1556 1565 1570 1571 1572 1580 1581 1587 1594 1597 1598 1599 1605 1607 1614 1615 1616 1617 1618 1622 1630 1638 1639 1643 1648 1652 1655 1656 1658 1660 1661 1662 1664 1670 1671 1672 1673 1676 1679 1682 1685 1689 1690 1693 1697 1699 1704 1707 1709 1710 1715 1716 1718 1719 1721 1724 1725 1729 1730 1731 1733 1735 1736 1739 1740 1744 1747 1748 1750 1753 1754 1758 1759 1760 1761 1763 1767 1769 1772 1773 1775 1784 1788 1789 1790 1793 1795 1797 1801 1802 1803 1808 1809 1811 1812 1813 1817 1819 1821 1825 1826 1827 1828 1833 1834 1835 1836 1838 1840 1844 1847 1848 1849 1850 1852 1853 1856 1861 1862 1864 1867 1868 1869 1870 1871 1872 1875 1876 1877 1882 1883 1889 1891 1892 1893 1895 1896 1897 1899 1901 1902 1904 1906 1907 1908 1909 1910 1911 1912 1913 1914 1915 1916 1917 1918 1922 1923 1924 1925 1926 1927 1928 1929 1930 1931 1933 1934 1935 1936 1937 1938 1939 1940 1941 1942 1943 1945 1948 1949 1951 1952 1953 1954 1955 1956 1957 1958 1960 1962 1963 1965 1967 1969 1971 1972 1973 1974 1975 1976 1978 1979 1980 1981 1982 1983 1984 1985 1987 1988 1989 1990 1992 1994 1995 1997 1998 1999 2000 2001 2002 2003 2004 2005 2006 2007 2008 2009 2010 2012 2014 2018 2019 2020 2021 2022 2024 2025 2026 2027 2028 2029 2031 2032 2033 2035 2036 2037 2038 2039 2040 2041 2043 2044 2045 2046 2047 2048 2049 2051 2052 2053 2054 2055 2056 2057 2058 2059 2060 2061 2062 2064 2065 2066 2067 2068 2069 2070 2071 2072 2073 2074 2075 2076 2077 2078 2079 2080 2081 2082 2083 2084 2085 2086 2087 2088 2089 2090 2091 2092 2093 2094 2095 2096 2097 2098 2099 2100 2101 2102 2103 2104 2105 2106 2107 2108 2109 2110 2111 2112 2113 2114 2115 2116 2117 2118 2119 2121 2122 2123 2124 2125 2126 2127 2128 2129 2130 2131 2132 2133 2134 2135 2136 2137 2138 2139 2140 2141 2142 2143 2144 2145 2146 2147 2148 2149 2150 2151 2152 2153 2154 2155 2156 2157 2158 2159 2160 2161 2162 2163 2164 2165 2166 2167 2168 2169 2170 2171 2172 2173 2174 2175 2176 2177 2178 2179 2180 2181 2182 2183 2184 2185 2186 2187 2188 2189 2190 2191 2192 2193 2194 2195 2196 2197 2198 2199 2200 2201 2202 2203 2204 2205 2206 2207 2208 2209 2210 2211 2212 2213 2214 2215 2216 2217 2218 2219 

