Test #1
56 57 83 129 138 171 180 245 255 279 295 336 471 507 565 569 595 612 618 705 771 783 800 931 938 1027 1133 1148 1206 

Test #2
56 57 83 129 138 171 180 245 255 279 295 336 471 507 565 569 595 612 618 705 771 783 800 931 938 1027 1133 1148 1206 

Test #3
56 57 83 129 138 171 180 245 255 279 295 336 471 507 565 569 595 612 618 705 771 783 800 931 938 1027 1133 1148 1206 

Test #4
56 57 83 129 138 171 180 245 255 279 295 336 471 507 565 569 595 612 618 705 771 783 800 931 938 1027 1133 1148 1206 

Test #5
56 57 83 129 138 171 180 245 255 279 295 336 471 507 565 569 595 612 618 705 771 783 800 931 938 1027 1133 1148 1206 

Test #6
56 57 83 129 138 171 180 245 255 279 295 336 471 507 565 569 595 612 618 705 771 783 800 931 938 1027 1133 1148 1206 

Test #7
56 57 83 129 138 171 180 245 255 279 295 336 471 507 565 569 595 612 618 705 771 783 800 931 938 1027 1133 1148 1206 

Test #8
56 57 83 129 138 171 180 245 255 279 295 336 471 507 565 569 595 612 618 705 771 783 800 931 938 1027 1133 1148 1206 

Test #9
56 57 83 129 138 171 180 245 255 279 295 336 471 507 565 569 595 612 618 705 771 783 800 931 938 1027 1133 1148 1206 

Test #10
56 57 83 129 138 171 180 245 255 279 295 336 471 507 565 569 595 612 618 705 771 783 800 931 938 1027 1133 1148 1206 

Test #11
56 57 83 129 138 171 180 245 255 279 295 336 471 507 565 569 595 612 618 705 771 783 800 931 938 1027 1133 1148 1206 

Test #12
56 57 83 129 138 171 180 245 255 279 295 336 471 507 565 569 595 612 618 705 771 783 800 931 938 1027 1133 1148 1206 

Test #13
56 57 83 129 138 171 180 245 255 279 295 336 471 507 565 569 595 612 618 705 771 783 800 931 938 1027 1133 1148 1206 

Test #14
56 57 83 129 138 171 180 245 255 279 295 336 471 507 565 569 595 612 618 705 771 783 800 931 938 1027 1133 1148 1206 

Test #15
56 57 83 129 138 171 180 245 255 279 295 336 471 507 565 569 595 612 618 705 771 783 800 931 938 1027 1133 1148 1206 

Test #16
56 57 83 129 138 171 180 245 255 279 295 336 471 507 565 569 595 612 618 705 771 783 800 931 938 1027 1133 1148 1206 

Test #17
56 57 83 129 138 171 180 245 255 279 295 336 471 507 565 569 595 612 618 705 771 783 800 931 938 1027 1133 1148 1206 

Test #18
56 57 83 129 138 171 180 245 255 279 295 336 471 507 565 569 595 612 618 705 771 783 800 931 938 1027 1133 1148 1206 

Test #19
56 57 83 129 138 171 180 245 255 279 295 336 471 507 565 569 595 612 618 705 771 783 800 931 938 1027 1133 1148 1206 

Test #20
56 57 83 129 138 171 180 245 255 279 295 336 471 507 565 569 595 612 618 705 771 783 800 931 938 1027 1133 1148 1206 

Test #21
56 57 83 129 138 171 180 245 255 279 295 336 471 507 565 569 595 612 618 705 771 783 800 931 938 1027 1133 1148 1206 

Test #22
56 57 83 129 138 171 180 245 255 279 295 336 471 507 565 569 595 612 618 705 771 783 800 931 938 1027 1133 1148 1206 

Test #23
56 57 83 129 138 171 180 245 255 279 295 336 471 507 565 569 595 612 618 705 771 783 800 931 938 1027 1133 1148 1206 

Test #24
56 57 83 129 138 171 180 245 255 279 295 336 471 507 565 569 595 612 618 705 771 783 800 931 938 1027 1133 1148 1206 

Test #25
56 57 83 129 138 171 180 245 255 279 295 336 471 507 565 569 595 612 618 705 771 783 800 931 938 1027 1133 1148 1206 

Test #26
56 57 83 129 138 171 180 245 255 279 295 336 471 507 565 569 595 612 618 705 771 783 800 931 938 1027 1133 1148 1206 

Test #27
56 57 83 129 138 171 180 245 255 279 295 336 471 507 565 569 595 612 618 705 771 783 800 931 938 1027 1133 1148 1206 

Test #28
56 57 83 129 138 171 180 245 255 279 295 336 471 507 565 569 595 612 618 705 771 783 800 931 938 1027 1133 1148 1206 

Test #29
56 57 83 129 138 171 180 245 255 279 295 336 471 507 565 569 595 612 618 705 771 783 800 931 938 1027 1133 1148 1206 

Test #30
56 57 83 129 138 171 180 245 255 279 295 336 471 507 565 569 595 612 618 705 771 783 800 931 938 1027 1133 1148 1206 

Test #31
56 57 83 129 138 171 180 245 255 279 295 336 471 507 565 569 595 612 618 705 771 783 800 931 938 1027 1133 1148 1206 

Test #32
56 57 83 129 138 171 180 245 255 279 295 336 471 507 565 569 595 612 618 705 771 783 800 931 938 1027 1133 1148 1206 

Test #33
56 57 83 129 138 171 180 245 255 279 295 336 471 507 565 569 595 612 618 705 771 783 800 931 938 1027 1133 1148 1206 

Test #34
56 57 83 129 138 171 180 245 255 279 295 336 471 507 565 569 595 612 618 705 771 783 800 931 938 1027 1133 1148 1206 

Test #35
56 57 83 129 138 171 180 245 255 279 295 336 471 507 565 569 595 612 618 705 771 783 800 931 938 1027 1133 1148 1206 

Test #36
56 57 83 129 138 171 180 245 255 279 295 336 471 507 565 569 595 612 618 705 771 783 800 931 938 1027 1133 1148 1206 

Test #37
56 57 83 129 138 171 180 245 255 279 295 336 471 507 565 569 595 612 618 705 771 783 800 931 938 1027 1133 1148 1206 

Test #38
56 57 83 129 138 171 180 245 255 279 295 336 471 507 565 569 595 612 618 705 771 783 800 931 938 1027 1133 1148 1206 

Test #39
56 57 83 129 138 171 180 245 255 279 295 336 471 507 565 569 595 612 618 705 771 783 800 931 938 1027 1133 1148 1206 

Test #40
56 57 83 129 138 171 180 245 255 279 295 336 471 507 565 569 595 612 618 705 771 783 800 931 938 1027 1133 1148 1206 

Test #41
56 57 83 129 138 171 180 245 255 279 295 336 471 507 565 569 595 612 618 705 771 783 800 931 938 1027 1133 1148 1206 

Test #42
56 57 83 129 138 171 180 245 255 279 295 336 471 507 565 569 595 612 618 705 771 783 800 931 938 1027 1133 1148 1206 

Test #43
56 57 83 129 138 171 180 245 255 279 295 336 471 507 565 569 595 612 618 705 771 783 800 931 938 1027 1133 1148 1206 

Test #44
56 57 83 129 138 171 180 245 255 279 295 336 471 507 565 569 595 612 618 705 771 783 800 931 938 1027 1133 1148 1206 

Test #45
56 57 83 129 138 171 180 245 255 279 295 336 471 507 565 569 595 612 618 705 771 783 800 931 938 1027 1133 1148 1206 

Test #46
56 57 83 129 138 171 180 245 255 279 295 336 471 507 565 569 595 612 618 705 771 783 800 931 938 1027 1133 1148 1206 

Test #47
56 57 83 129 138 171 180 245 255 279 295 336 471 507 565 569 595 612 618 705 771 783 800 931 938 1027 1133 1148 1206 

Test #48
56 57 83 129 138 171 180 245 255 279 295 336 471 507 565 569 595 612 618 705 771 783 800 931 938 1027 1133 1148 1206 

Test #49
56 57 83 129 138 171 180 245 255 279 295 336 471 507 565 569 595 612 618 705 771 783 800 931 938 1027 1133 1148 1206 

Test #50
56 57 83 129 138 171 180 245 255 279 295 336 471 507 565 569 595 612 618 705 771 783 800 931 938 1027 1133 1148 1206 

Test #51
56 57 83 129 138 171 180 245 255 279 295 336 471 507 565 569 595 612 618 705 771 783 800 931 938 1027 1133 1148 1206 

Test #52
56 57 83 129 138 171 180 245 255 279 295 336 471 507 565 569 595 612 618 705 771 783 800 931 938 1027 1133 1148 1206 

Test #53
56 57 83 129 138 171 180 245 255 279 295 336 471 507 565 569 595 612 618 705 771 783 800 931 938 1027 1133 1148 1206 

Test #54
56 57 83 129 138 171 180 245 255 279 295 336 471 507 565 569 595 612 618 705 771 783 800 931 938 1027 1133 1148 1206 

Test #55
56 57 83 129 138 171 180 245 255 279 295 336 471 507 565 569 595 612 618 705 771 783 800 931 938 1027 1133 1148 1206 

Test #56
56 57 83 129 138 171 180 245 255 279 295 336 471 507 565 569 595 612 618 705 771 783 800 931 938 1027 1133 1148 1206 

Test #57
56 57 83 129 138 171 180 245 255 279 295 336 471 507 565 569 595 612 618 705 771 783 800 931 938 1027 1133 1148 1206 

Test #58
56 57 83 129 138 171 180 245 255 279 295 336 471 507 565 569 595 612 618 705 771 783 800 931 938 1027 1133 1148 1206 

Test #59
56 57 83 129 138 171 180 245 255 279 295 336 471 507 565 569 595 612 618 705 771 783 800 931 938 1027 1133 1148 1206 

Test #60
56 57 83 129 138 171 180 245 255 279 295 336 471 507 565 569 595 612 618 705 771 783 800 931 938 1027 1133 1148 1206 

Test #61
56 57 83 129 138 171 180 245 255 279 295 336 471 507 565 569 595 612 618 705 771 783 800 931 938 1027 1133 1148 1206 

Test #62
56 57 83 129 138 171 180 245 255 279 295 336 471 507 565 569 595 612 618 705 771 783 800 931 938 1027 1133 1148 1206 

Test #63
56 57 83 129 138 171 180 245 255 279 295 336 471 507 565 569 595 612 618 705 771 783 800 931 938 1027 1133 1148 1206 

Test #64
56 57 83 129 138 171 180 245 255 279 295 336 471 507 565 569 595 612 618 705 771 783 800 931 938 1027 1133 1148 1206 

Test #65
56 57 83 129 138 171 180 245 255 279 295 336 471 507 565 569 595 612 618 705 771 783 800 931 938 1027 1133 1148 1206 

Test #66
56 57 83 129 138 171 180 245 255 279 295 336 471 507 565 569 595 612 618 705 771 783 800 931 938 1027 1133 1148 1206 

Test #67
56 57 83 129 138 171 180 245 255 279 295 336 471 507 565 569 595 612 618 705 771 783 800 931 938 1027 1133 1148 1206 

Test #68
56 57 83 129 138 171 180 245 255 279 295 336 471 507 565 569 595 612 618 705 771 783 800 931 938 1027 1133 1148 1206 

Test #69
56 57 83 129 138 171 180 245 255 279 295 336 471 507 565 569 595 612 618 705 771 783 800 931 938 1027 1133 1148 1206 

Test #70
56 57 83 129 138 171 180 245 255 279 295 336 471 507 565 569 595 612 618 705 771 783 800 931 938 1027 1133 1148 1206 

Test #71
56 57 83 129 138 171 180 245 255 279 295 336 471 507 565 569 595 612 618 705 771 783 800 931 938 1027 1133 1148 1206 

Test #72
56 57 83 129 138 171 180 245 255 279 295 336 471 507 565 569 595 612 618 705 771 783 800 931 938 1027 1133 1148 1206 

Test #73
56 57 83 129 138 171 180 245 255 279 295 336 471 507 565 569 595 612 618 705 771 783 800 931 938 1027 1133 1148 1206 

Test #74
56 57 83 129 138 171 180 245 255 279 295 336 471 507 565 569 595 612 618 705 771 783 800 931 938 1027 1133 1148 1206 

Test #75
56 57 83 129 138 171 180 245 255 279 295 336 471 507 565 569 595 612 618 705 771 783 800 931 938 1027 1133 1148 1206 

Test #76
56 57 83 129 138 171 180 245 255 279 295 336 471 507 565 569 595 612 618 705 771 783 800 931 938 1027 1133 1148 1206 

Test #77
56 57 83 129 138 171 180 245 255 279 295 336 471 507 565 569 595 612 618 705 771 783 800 931 938 1027 1133 1148 1206 

Test #78
56 57 83 129 138 171 180 245 255 279 295 336 471 507 565 569 595 612 618 705 771 783 800 931 938 1027 1133 1148 1206 

Test #79
56 57 83 129 138 171 180 245 255 279 295 336 471 507 565 569 595 612 618 705 771 783 800 931 938 1027 1133 1148 1206 

Test #80
56 57 83 129 138 171 180 245 255 279 295 336 471 507 565 569 595 612 618 705 771 783 800 931 938 1027 1133 1148 1206 

Test #81
56 57 83 129 138 171 180 245 255 279 295 336 471 507 565 569 595 612 618 705 771 783 800 931 938 1027 1133 1148 1206 

Test #82
56 57 83 129 138 171 180 245 255 279 295 336 471 507 565 569 595 612 618 705 771 783 800 931 938 1027 1133 1148 1206 

Test #83
56 57 83 129 138 171 180 245 255 279 295 336 471 507 565 569 595 612 618 705 771 783 800 931 938 1027 1133 1148 1206 

Test #84
56 57 83 129 138 171 180 245 255 279 295 336 471 507 565 569 595 612 618 705 771 783 800 931 938 1027 1133 1148 1206 

Test #85
56 57 83 129 138 171 180 245 255 279 295 336 471 507 565 569 595 612 618 705 771 783 800 931 938 1027 1133 1148 1206 

Test #86
56 57 83 129 138 171 180 245 255 279 295 336 471 507 565 569 595 612 618 705 771 783 800 931 938 1027 1133 1148 1206 

Test #87
56 57 83 129 138 171 180 245 255 279 295 336 471 507 565 569 595 612 618 705 771 783 800 931 938 1027 1133 1148 1206 

Test #88
56 57 83 129 138 171 180 245 255 279 295 336 471 507 565 569 595 612 618 705 771 783 800 931 938 1027 1133 1148 1206 

Test #89
56 57 83 129 138 171 180 245 255 279 295 336 471 507 565 569 595 612 618 705 771 783 800 931 938 1027 1133 1148 1206 

Test #90
56 57 83 129 138 171 180 245 255 279 295 336 471 507 565 569 595 612 618 705 771 783 800 931 938 1027 1133 1148 1206 

Test #91
56 57 83 129 138 171 180 245 255 279 295 336 471 507 565 569 595 612 618 705 771 783 800 931 938 1027 1133 1148 1206 

Test #92
56 57 83 129 138 171 180 245 255 279 295 336 471 507 565 569 595 612 618 705 771 783 800 931 938 1027 1133 1148 1206 

Test #93
56 57 83 129 138 171 180 245 255 279 295 336 471 507 565 569 595 612 618 705 771 783 800 931 938 1027 1133 1148 1206 

Test #94
56 57 83 129 138 171 180 245 255 279 295 336 471 507 565 569 595 612 618 705 771 783 800 931 938 1027 1133 1148 1206 

Test #95
56 57 83 129 138 171 180 245 255 279 295 336 471 507 565 569 595 612 618 705 771 783 800 931 938 1027 1133 1148 1206 

Test #96
56 57 83 129 138 171 180 245 255 279 295 336 471 507 565 569 595 612 618 705 771 783 800 931 938 1027 1133 1148 1206 

Test #97
56 57 83 129 138 171 180 245 255 279 295 336 471 507 565 569 595 612 618 705 771 783 800 931 938 1027 1133 1148 1206 

Test #98
56 57 83 129 138 171 180 245 255 279 295 336 471 507 565 569 595 612 618 705 771 783 800 931 938 1027 1133 1148 1206 

Test #99
56 57 83 129 138 171 180 245 255 279 295 336 471 507 565 569 595 612 618 705 771 783 800 931 938 1027 1133 1148 1206 

Test #100
56 57 83 129 138 171 180 245 255 279 295 336 471 507 565 569 595 612 618 705 771 783 800 931 938 1027 1133 1148 1206 

Test #101
56 57 83 129 138 171 180 245 255 279 295 336 471 507 565 569 595 612 618 705 771 783 800 931 938 1027 1133 1148 1206 

Test #102
56 57 83 129 138 171 180 245 255 279 295 336 471 507 565 569 595 612 618 705 771 783 800 931 938 1027 1133 1148 1206 

Test #103
56 57 83 129 138 171 180 245 255 279 295 336 471 507 565 569 595 612 618 705 771 783 800 931 938 1027 1133 1148 1206 

Test #104
56 57 83 129 138 171 180 245 255 279 295 336 471 507 565 569 595 612 618 705 771 783 800 931 938 1027 1133 1148 1206 

Test #105
56 57 83 129 138 171 180 245 255 279 295 336 471 507 565 569 595 612 618 705 771 783 800 931 938 1027 1133 1148 1206 

Test #106
56 57 83 129 138 171 180 245 255 279 295 336 471 507 565 569 595 612 618 705 771 783 800 931 938 1027 1133 1148 1206 

Test #107
56 57 83 129 138 171 180 245 255 279 295 336 471 507 565 569 595 612 618 705 771 783 800 931 938 1027 1133 1148 1206 

Test #108
56 57 83 129 138 171 180 245 255 279 295 336 471 507 565 569 595 612 618 705 771 783 800 931 938 1027 1133 1148 1206 

Test #109
56 57 83 129 138 171 180 245 255 279 295 336 471 507 565 569 595 612 618 705 771 783 800 931 938 1027 1133 1148 1206 

Test #110
56 57 83 129 138 171 180 245 255 279 295 336 471 507 565 569 595 612 618 705 771 783 800 931 938 1027 1133 1148 1206 

Test #111
56 57 83 129 138 171 180 245 255 279 295 336 471 507 565 569 595 612 618 705 771 783 800 931 938 1027 1133 1148 1206 

Test #112
56 57 83 129 138 171 180 245 255 279 295 336 471 507 565 569 595 612 618 705 771 783 800 931 938 1027 1133 1148 1206 

Test #113
56 57 83 129 138 171 180 245 255 279 295 336 471 507 565 569 595 612 618 705 771 783 800 931 938 1027 1133 1148 1206 

Test #114
56 57 83 129 138 171 180 245 255 279 295 336 471 507 565 569 595 612 618 705 771 783 800 931 938 1027 1133 1148 1206 

Test #115
56 57 83 129 138 171 180 245 255 279 295 336 471 507 565 569 595 612 618 705 771 783 800 931 938 1027 1133 1148 1206 

Test #116
56 57 83 129 138 171 180 245 255 279 295 336 471 507 565 569 595 612 618 705 771 783 800 931 938 1027 1133 1148 1206 

Test #117
56 57 83 129 138 171 180 245 255 279 295 336 471 507 565 569 595 612 618 705 771 783 800 931 938 1027 1133 1148 1206 

Test #118
56 57 83 129 138 171 180 245 255 279 295 336 471 507 565 569 595 612 618 705 771 783 800 931 938 1027 1133 1148 1206 

Test #119
56 57 83 129 138 171 180 245 255 279 295 336 471 507 565 569 595 612 618 705 771 783 800 931 938 1027 1133 1148 1206 

Test #120
56 57 83 129 138 171 180 245 255 279 295 336 471 507 565 569 595 612 618 705 771 783 800 931 938 1027 1133 1148 1206 

Test #121
56 57 83 129 138 171 180 245 255 279 295 336 471 507 565 569 595 612 618 705 771 783 800 931 938 1027 1133 1148 1206 

Test #122
56 57 83 129 138 171 180 245 255 279 295 336 471 507 565 569 595 612 618 705 771 783 800 931 938 1027 1133 1148 1206 

Test #123
56 57 83 129 138 171 180 245 255 279 295 336 471 507 565 569 595 612 618 705 771 783 800 931 938 1027 1133 1148 1206 

Test #124
56 57 83 129 138 171 180 245 255 279 295 336 471 507 565 569 595 612 618 705 771 783 800 931 938 1027 1133 1148 1206 

Test #125
56 57 83 129 138 171 180 245 255 279 295 336 471 507 565 569 595 612 618 705 771 783 800 931 938 1027 1133 1148 1206 

Test #126
56 57 83 129 138 171 180 245 255 279 295 336 471 507 565 569 595 612 618 705 771 783 800 931 938 1027 1133 1148 1206 

Test #127
56 57 83 129 138 171 180 245 255 279 295 336 471 507 565 569 595 612 618 705 771 783 800 931 938 1027 1133 1148 1206 

Test #128
56 57 83 129 138 171 180 245 255 279 295 336 471 507 565 569 595 612 618 705 771 783 800 931 938 1027 1133 1148 1206 

Test #129
56 57 83 129 138 171 180 245 255 279 295 336 471 507 565 569 595 612 618 705 771 783 800 931 938 1027 1133 1148 1206 

Test #130
56 57 83 129 138 171 180 245 255 279 295 336 471 507 565 569 595 612 618 705 771 783 800 931 938 1027 1133 1148 1206 

Test #131
56 57 83 129 138 171 180 245 255 279 295 336 471 507 565 569 595 612 618 705 771 783 800 931 938 1027 1133 1148 1206 

Test #132
56 57 83 129 138 171 180 245 255 279 295 336 471 507 565 569 595 612 618 705 771 783 800 931 938 1027 1133 1148 1206 

Test #133
56 57 83 129 138 171 180 245 255 279 295 336 471 507 565 569 595 612 618 705 771 783 800 931 938 1027 1133 1148 1206 

Test #134
56 57 83 129 138 171 180 245 255 279 295 336 471 507 565 569 595 612 618 705 771 783 800 931 938 1027 1133 1148 1206 

Test #135
56 57 83 129 138 171 180 245 255 279 295 336 471 507 565 569 595 612 618 705 771 783 800 931 938 1027 1133 1148 1206 

Test #136
56 57 83 129 138 171 180 245 255 279 295 336 471 507 565 569 595 612 618 705 771 783 800 931 938 1027 1133 1148 1206 

Test #137
56 57 83 129 138 171 180 245 255 279 295 336 471 507 565 569 595 612 618 705 771 783 800 931 938 1027 1133 1148 1206 

Test #138
56 57 83 129 138 171 180 245 255 279 295 336 471 507 565 569 595 612 618 705 771 783 800 931 938 1027 1133 1148 1206 

Test #139
56 57 83 129 138 171 180 245 255 279 295 336 471 507 565 569 595 612 618 705 771 783 800 931 938 1027 1133 1148 1206 

Test #140
56 57 83 129 138 171 180 245 255 279 295 336 471 507 565 569 595 612 618 705 771 783 800 931 938 1027 1133 1148 1206 

Test #141
56 57 83 129 138 171 180 245 255 279 295 336 471 507 565 569 595 612 618 705 771 783 800 931 938 1027 1133 1148 1206 

Test #142
56 57 83 129 138 171 180 245 255 279 295 336 471 507 565 569 595 612 618 705 771 783 800 931 938 1027 1133 1148 1206 

Test #143
56 57 83 129 138 171 180 245 255 279 295 336 471 507 565 569 595 612 618 705 771 783 800 931 938 1027 1133 1148 1206 

Test #144
56 57 83 129 138 171 180 245 255 279 295 336 471 507 565 569 595 612 618 705 771 783 800 931 938 1027 1133 1148 1206 

Test #145
56 57 83 129 138 171 180 245 255 279 295 336 471 507 565 569 595 612 618 705 771 783 800 931 938 1027 1133 1148 1206 

Test #146
56 57 83 129 138 171 180 245 255 279 295 336 471 507 565 569 595 612 618 705 771 783 800 931 938 1027 1133 1148 1206 

Test #147
56 57 83 129 138 171 180 245 255 279 295 336 471 507 565 569 595 612 618 705 771 783 800 931 938 1027 1133 1148 1206 

Test #148
56 57 83 129 138 171 180 245 255 279 295 336 471 507 565 569 595 612 618 705 771 783 800 931 938 1027 1133 1148 1206 

Test #149
56 57 83 129 138 171 180 245 255 279 295 336 471 507 565 569 595 612 618 705 771 783 800 931 938 1027 1133 1148 1206 

Test #150
56 57 83 129 138 171 180 245 255 279 295 336 471 507 565 569 595 612 618 705 771 783 800 931 938 1027 1133 1148 1206 

Test #151
56 57 83 129 138 171 180 245 255 279 295 336 471 507 565 569 595 612 618 705 771 783 800 931 938 1027 1133 1148 1206 

Test #152
56 57 83 129 138 171 180 245 255 279 295 336 471 507 565 569 595 612 618 705 771 783 800 931 938 1027 1133 1148 1206 

Test #153
56 57 83 129 138 171 180 245 255 279 295 336 471 507 565 569 595 612 618 705 771 783 800 931 938 1027 1133 1148 1206 

Test #154
56 57 83 129 138 171 180 245 255 279 295 336 471 507 565 569 595 612 618 705 771 783 800 931 938 1027 1133 1148 1206 

Test #155
56 57 83 129 138 171 180 245 255 279 295 336 471 507 565 569 595 612 618 705 771 783 800 931 938 1027 1133 1148 1206 

Test #156
56 57 83 129 138 171 180 245 255 279 295 336 471 507 565 569 595 612 618 705 771 783 800 931 938 1027 1133 1148 1206 

Test #157
56 57 83 129 138 171 180 245 255 279 295 336 471 507 565 569 595 612 618 705 771 783 800 931 938 1027 1133 1148 1206 

Test #158
56 57 83 129 138 171 180 245 255 279 295 336 471 507 565 569 595 612 618 705 771 783 800 931 938 1027 1133 1148 1206 

Test #159
56 57 83 129 138 171 180 245 255 279 295 336 471 507 565 569 595 612 618 705 771 783 800 931 938 1027 1133 1148 1206 

Test #160
56 57 83 129 138 171 180 245 255 279 295 336 471 507 565 569 595 612 618 705 771 783 800 931 938 1027 1133 1148 1206 

Test #161
56 57 83 129 138 171 180 245 255 279 295 336 471 507 565 569 595 612 618 705 771 783 800 931 938 1027 1133 1148 1206 

Test #162
56 57 83 129 138 171 180 245 255 279 295 336 471 507 565 569 595 612 618 705 771 783 800 931 938 1027 1133 1148 1206 

Test #163
56 57 83 129 138 171 180 245 255 279 295 336 471 507 565 569 595 612 618 705 771 783 800 931 938 1027 1133 1148 1206 

Test #164
56 57 83 129 138 171 180 245 255 279 295 336 471 507 565 569 595 612 618 705 771 783 800 931 938 1027 1133 1148 1206 

Test #165
56 57 83 129 138 171 180 245 255 279 295 336 471 507 565 569 595 612 618 705 771 783 800 931 938 1027 1133 1148 1206 

Test #166
56 57 83 129 138 171 180 245 255 279 295 336 471 507 565 569 595 612 618 705 771 783 800 931 938 1027 1133 1148 1206 

Test #167
56 57 83 129 138 171 180 245 255 279 295 336 471 507 565 569 595 612 618 705 771 783 800 931 938 1027 1133 1148 1206 

Test #168
56 57 83 129 138 171 180 245 255 279 295 336 471 507 565 569 595 612 618 705 771 783 800 931 938 1027 1133 1148 1206 

Test #169
56 57 83 129 138 171 180 245 255 279 295 336 471 507 565 569 595 612 618 705 771 783 800 931 938 1027 1133 1148 1206 

Test #170
56 57 83 129 138 171 180 245 255 279 295 336 471 507 565 569 595 612 618 705 771 783 800 931 938 1027 1133 1148 1206 

Test #171
56 57 83 129 138 171 180 245 255 279 295 336 471 507 565 569 595 612 618 705 771 783 800 931 938 1027 1133 1148 1206 

Test #172
56 57 83 129 138 171 180 245 255 279 295 336 471 507 565 569 595 612 618 705 771 783 800 931 938 1027 1133 1148 1206 

Test #173
56 57 83 129 138 171 180 245 255 279 295 336 471 507 565 569 595 612 618 705 771 783 800 931 938 1027 1133 1148 1206 

Test #174
56 57 83 129 138 171 180 245 255 279 295 336 471 507 565 569 595 612 618 705 771 783 800 931 938 1027 1133 1148 1206 

Test #175
56 57 83 129 138 171 180 245 255 279 295 336 471 507 565 569 595 612 618 705 771 783 800 931 938 1027 1133 1148 1206 

Test #176
56 57 83 129 138 171 180 245 255 279 295 336 471 507 565 569 595 612 618 705 771 783 800 931 938 1027 1133 1148 1206 

Test #177
56 57 83 129 138 171 180 245 255 279 295 336 471 507 565 569 595 612 618 705 771 783 800 931 938 1027 1133 1148 1206 

Test #178
56 57 83 129 138 171 180 245 255 279 295 336 471 507 565 569 595 612 618 705 771 783 800 931 938 1027 1133 1148 1206 

Test #179
56 57 83 129 138 171 180 245 255 279 295 336 471 507 565 569 595 612 618 705 771 783 800 931 938 1027 1133 1148 1206 

Test #180
56 57 83 129 138 171 180 245 255 279 295 336 471 507 565 569 595 612 618 705 771 783 800 931 938 1027 1133 1148 1206 

Test #181
56 57 83 129 138 171 180 245 255 279 295 336 471 507 565 569 595 612 618 705 771 783 800 931 938 1027 1133 1148 1206 

Test #182
56 57 83 129 138 171 180 245 255 279 295 336 471 507 565 569 595 612 618 705 771 783 800 931 938 1027 1133 1148 1206 

Test #183
56 57 83 129 138 171 180 245 255 279 295 336 471 507 565 569 595 612 618 705 771 783 800 931 938 1027 1133 1148 1206 

Test #184
56 57 83 129 138 171 180 245 255 279 295 336 471 507 565 569 595 612 618 705 771 783 800 931 938 1027 1133 1148 1206 

Test #185
56 57 83 129 138 171 180 245 255 279 295 336 471 507 565 569 595 612 618 705 771 783 800 931 938 1027 1133 1148 1206 

Test #186
56 57 83 129 138 171 180 245 255 279 295 336 471 507 565 569 595 612 618 705 771 783 800 931 938 1027 1133 1148 1206 

Test #187
56 57 83 129 138 171 180 245 255 279 295 336 471 507 565 569 595 612 618 705 771 783 800 931 938 1027 1133 1148 1206 

Test #188
56 57 83 129 138 171 180 245 255 279 295 336 471 507 565 569 595 612 618 705 771 783 800 931 938 1027 1133 1148 1206 

Test #189
56 57 83 129 138 171 180 245 255 279 295 336 471 507 565 569 595 612 618 705 771 783 800 931 938 1027 1133 1148 1206 

Test #190
56 57 83 129 138 171 180 245 255 279 295 336 471 507 565 569 595 612 618 705 771 783 800 931 938 1027 1133 1148 1206 

Test #191
56 57 83 129 138 171 180 245 255 279 295 336 471 507 565 569 595 612 618 705 771 783 800 931 938 1027 1133 1148 1206 

Test #192
56 57 83 129 138 171 180 245 255 279 295 336 471 507 565 569 595 612 618 705 771 783 800 931 938 1027 1133 1148 1206 

Test #193
56 57 83 129 138 171 180 245 255 279 295 336 471 507 565 569 595 612 618 705 771 783 800 931 938 1027 1133 1148 1206 

Test #194
56 57 83 129 138 171 180 245 255 279 295 336 471 507 565 569 595 612 618 705 771 783 800 931 938 1027 1133 1148 1206 

Test #195
56 57 83 129 138 171 180 245 255 279 295 336 471 507 565 569 595 612 618 705 771 783 800 931 938 1027 1133 1148 1206 

Test #196
56 57 83 129 138 171 180 245 255 279 295 336 471 507 565 569 595 612 618 705 771 783 800 931 938 1027 1133 1148 1206 

Test #197
56 57 83 129 138 171 180 245 255 279 295 336 471 507 565 569 595 612 618 705 771 783 800 931 938 1027 1133 1148 1206 

Test #198
56 57 83 129 138 171 180 245 255 279 295 336 471 507 565 569 595 612 618 705 771 783 800 931 938 1027 1133 1148 1206 

Test #199
56 57 83 129 138 171 180 245 255 279 295 336 471 507 565 569 595 612 618 705 771 783 800 931 938 1027 1133 1148 1206 

Test #200
56 57 83 129 138 171 180 245 255 279 295 336 471 507 565 569 595 612 618 705 771 783 800 931 938 1027 1133 1148 1206 

Test #201
56 57 83 129 138 171 180 245 255 279 295 336 471 507 565 569 595 612 618 705 771 783 800 931 938 1027 1133 1148 1206 

Test #202
56 57 83 129 138 171 180 245 255 279 295 336 471 507 565 569 595 612 618 705 771 783 800 931 938 1027 1133 1148 1206 

Test #203
56 57 83 129 138 171 180 245 255 279 295 336 471 507 565 569 595 612 618 705 771 783 800 931 938 1027 1133 1148 1206 

Test #204
56 57 83 129 138 171 180 245 255 279 295 336 471 507 565 569 595 612 618 705 771 783 800 931 938 1027 1133 1148 1206 

Test #205
56 57 83 129 138 171 180 245 255 279 295 336 471 507 565 569 595 612 618 705 771 783 800 931 938 1027 1133 1148 1206 

Test #206
56 57 83 129 138 171 180 245 255 279 295 336 471 507 565 569 595 612 618 705 771 783 800 931 938 1027 1133 1148 1206 

Test #207
56 57 83 129 138 171 180 245 255 279 295 336 471 507 565 569 595 612 618 705 771 783 800 931 938 1027 1133 1148 1206 

Test #208
56 57 83 129 138 171 180 245 255 279 295 336 471 507 565 569 595 612 618 705 771 783 800 931 938 1027 1133 1148 1206 

Test #209
56 57 83 129 138 171 180 245 255 279 295 336 471 507 565 569 595 612 618 705 771 783 800 931 938 1027 1133 1148 1206 

Test #210
56 57 83 129 138 171 180 245 255 279 295 336 471 507 565 569 595 612 618 705 771 783 800 931 938 1027 1133 1148 1206 

Test #211
56 57 83 129 138 171 180 245 255 279 295 336 471 507 565 569 595 612 618 705 771 783 800 931 938 1027 1133 1148 1206 

Test #212
56 57 83 129 138 171 180 245 255 279 295 336 471 507 565 569 595 612 618 705 771 783 800 931 938 1027 1133 1148 1206 

Test #213
56 57 83 129 138 171 180 245 255 279 295 336 471 507 565 569 595 612 618 705 771 783 800 931 938 1027 1133 1148 1206 

Test #214
56 57 83 129 138 171 180 245 255 279 295 336 471 507 565 569 595 612 618 705 771 783 800 931 938 1027 1133 1148 1206 

Test #215
56 57 83 129 138 171 180 245 255 279 295 336 471 507 565 569 595 612 618 705 771 783 800 931 938 1027 1133 1148 1206 

Test #216
56 57 83 129 138 171 180 245 255 279 295 336 471 507 565 569 595 612 618 705 771 783 800 931 938 1027 1133 1148 1206 

Test #217
56 57 83 129 138 171 180 245 255 279 295 336 471 507 565 569 595 612 618 705 771 783 800 931 938 1027 1133 1148 1206 

Test #218
56 57 83 129 138 171 180 245 255 279 295 336 471 507 565 569 595 612 618 705 771 783 800 931 938 1027 1133 1148 1206 

Test #219
56 57 83 129 138 171 180 245 255 279 295 336 471 507 565 569 595 612 618 705 771 783 800 931 938 1027 1133 1148 1206 

Test #220
56 57 83 129 138 171 180 245 255 279 295 336 471 507 565 569 595 612 618 705 771 783 800 931 938 1027 1133 1148 1206 

Test #221
56 57 83 129 138 171 180 245 255 279 295 336 471 507 565 569 595 612 618 705 771 783 800 931 938 1027 1133 1148 1206 

Test #222
56 57 83 129 138 171 180 245 255 279 295 336 471 507 565 569 595 612 618 705 771 783 800 931 938 1027 1133 1148 1206 

Test #223
56 57 83 129 138 171 180 245 255 279 295 336 471 507 565 569 595 612 618 705 771 783 800 931 938 1027 1133 1148 1206 

Test #224
56 57 83 129 138 171 180 245 255 279 295 336 471 507 565 569 595 612 618 705 771 783 800 931 938 1027 1133 1148 1206 

Test #225
56 57 83 129 138 171 180 245 255 279 295 336 471 507 565 569 595 612 618 705 771 783 800 931 938 1027 1133 1148 1206 

Test #226
56 57 83 129 138 171 180 245 255 279 295 336 471 507 565 569 595 612 618 705 771 783 800 931 938 1027 1133 1148 1206 

Test #227
56 57 83 129 138 171 180 245 255 279 295 336 471 507 565 569 595 612 618 705 771 783 800 931 938 1027 1133 1148 1206 

Test #228
56 57 83 129 138 171 180 245 255 279 295 336 471 507 565 569 595 612 618 705 771 783 800 931 938 1027 1133 1148 1206 

Test #229
56 57 83 129 138 171 180 245 255 279 295 336 471 507 565 569 595 612 618 705 771 783 800 931 938 1027 1133 1148 1206 

Test #230
56 57 83 129 138 171 180 245 255 279 295 336 471 507 565 569 595 612 618 705 771 783 800 931 938 1027 1133 1148 1206 

Test #231
56 57 83 129 138 171 180 245 255 279 295 336 471 507 565 569 595 612 618 705 771 783 800 931 938 1027 1133 1148 1206 

Test #232
56 57 83 129 138 171 180 245 255 279 295 336 471 507 565 569 595 612 618 705 771 783 800 931 938 1027 1133 1148 1206 

Test #233
56 57 83 129 138 171 180 245 255 279 295 336 471 507 565 569 595 612 618 705 771 783 800 931 938 1027 1133 1148 1206 

Test #234
56 57 83 129 138 171 180 245 255 279 295 336 471 507 565 569 595 612 618 705 771 783 800 931 938 1027 1133 1148 1206 

Test #235
56 57 83 129 138 171 180 245 255 279 295 336 471 507 565 569 595 612 618 705 771 783 800 931 938 1027 1133 1148 1206 

Test #236
56 57 83 129 138 171 180 245 255 279 295 336 471 507 565 569 595 612 618 705 771 783 800 931 938 1027 1133 1148 1206 

Test #237
56 57 83 129 138 171 180 245 255 279 295 336 471 507 565 569 595 612 618 705 771 783 800 931 938 1027 1133 1148 1206 

Test #238
56 57 83 129 138 171 180 245 255 279 295 336 471 507 565 569 595 612 618 705 771 783 800 931 938 1027 1133 1148 1206 

Test #239
56 57 83 129 138 171 180 245 255 279 295 336 471 507 565 569 595 612 618 705 771 783 800 931 938 1027 1133 1148 1206 

Test #240
56 57 83 129 138 171 180 245 255 279 295 336 471 507 565 569 595 612 618 705 771 783 800 931 938 1027 1133 1148 1206 

Test #241
56 57 83 129 138 171 180 245 255 279 295 336 471 507 565 569 595 612 618 705 771 783 800 931 938 1027 1133 1148 1206 

Test #242
56 57 83 129 138 171 180 245 255 279 295 336 471 507 565 569 595 612 618 705 771 783 800 931 938 1027 1133 1148 1206 

Test #243
56 57 83 129 138 171 180 245 255 279 295 336 471 507 565 569 595 612 618 705 771 783 800 931 938 1027 1133 1148 1206 

Test #244
56 57 83 129 138 171 180 245 255 279 295 336 471 507 565 569 595 612 618 705 771 783 800 931 938 1027 1133 1148 1206 

Test #245
56 57 83 129 138 171 180 245 255 279 295 336 471 507 565 569 595 612 618 705 771 783 800 931 938 1027 1133 1148 1206 

Test #246
56 57 83 129 138 171 180 245 255 279 295 336 471 507 565 569 595 612 618 705 771 783 800 931 938 1027 1133 1148 1206 

Test #247
56 57 83 129 138 171 180 245 255 279 295 336 471 507 565 569 595 612 618 705 771 783 800 931 938 1027 1133 1148 1206 

Test #248
56 57 83 129 138 171 180 245 255 279 295 336 471 507 565 569 595 612 618 705 771 783 800 931 938 1027 1133 1148 1206 

Test #249
56 57 83 129 138 171 180 245 255 279 295 336 471 507 565 569 595 612 618 705 771 783 800 931 938 1027 1133 1148 1206 

Test #250
56 57 83 129 138 171 180 245 255 279 295 336 471 507 565 569 595 612 618 705 771 783 800 931 938 1027 1133 1148 1206 

Test #251
56 57 83 129 138 171 180 245 255 279 295 336 471 507 565 569 595 612 618 705 771 783 800 931 938 1027 1133 1148 1206 

Test #252
56 57 83 129 138 171 180 245 255 279 295 336 471 507 565 569 595 612 618 705 771 783 800 931 938 1027 1133 1148 1206 

Test #253
56 57 83 129 138 171 180 245 255 279 295 336 471 507 565 569 595 612 618 705 771 783 800 931 938 1027 1133 1148 1206 

Test #254
56 57 83 129 138 171 180 245 255 279 295 336 471 507 565 569 595 612 618 705 771 783 800 931 938 1027 1133 1148 1206 

Test #255
56 57 83 129 138 171 180 245 255 279 295 336 471 507 565 569 595 612 618 705 771 783 800 931 938 1027 1133 1148 1206 

Test #256
56 57 83 129 138 171 180 245 255 279 295 336 471 507 565 569 595 612 618 705 771 783 800 931 938 1027 1133 1148 1206 

Test #257
56 57 83 129 138 171 180 245 255 279 295 336 471 507 565 569 595 612 618 705 771 783 800 931 938 1027 1133 1148 1206 

Test #258
56 57 83 129 138 171 180 245 255 279 295 336 471 507 565 569 595 612 618 705 771 783 800 931 938 1027 1133 1148 1206 

Test #259
56 57 83 129 138 171 180 245 255 279 295 336 471 507 565 569 595 612 618 705 771 783 800 931 938 1027 1133 1148 1206 

Test #260
56 57 83 129 138 171 180 245 255 279 295 336 471 507 565 569 595 612 618 705 771 783 800 931 938 1027 1133 1148 1206 

Test #261
56 57 83 129 138 171 180 245 255 279 295 336 471 507 565 569 595 612 618 705 771 783 800 931 938 1027 1133 1148 1206 

Test #262
56 57 83 129 138 171 180 245 255 279 295 336 471 507 565 569 595 612 618 705 771 783 800 931 938 1027 1133 1148 1206 

Test #263
56 57 83 129 138 171 180 245 255 279 295 336 471 507 565 569 595 612 618 705 771 783 800 931 938 1027 1133 1148 1206 

Test #264
56 57 83 129 138 171 180 245 255 279 295 336 471 507 565 569 595 612 618 705 771 783 800 931 938 1027 1133 1148 1206 

Test #265
56 57 83 129 138 171 180 245 255 279 295 336 471 507 565 569 595 612 618 705 771 783 800 931 938 1027 1133 1148 1206 

Test #266
56 57 83 129 138 171 180 245 255 279 295 336 471 507 565 569 595 612 618 705 771 783 800 931 938 1027 1133 1148 1206 

Test #267
56 57 83 129 138 171 180 245 255 279 295 336 471 507 565 569 595 612 618 705 771 783 800 931 938 1027 1133 1148 1206 

Test #268
56 57 83 129 138 171 180 245 255 279 295 336 471 507 565 569 595 612 618 705 771 783 800 931 938 1027 1133 1148 1206 

Test #269
56 57 83 129 138 171 180 245 255 279 295 336 471 507 565 569 595 612 618 705 771 783 800 931 938 1027 1133 1148 1206 

Test #270
56 57 83 129 138 171 180 245 255 279 295 336 471 507 565 569 595 612 618 705 771 783 800 931 938 1027 1133 1148 1206 

Test #271
56 57 83 129 138 171 180 245 255 279 295 336 471 507 565 569 595 612 618 705 771 783 800 931 938 1027 1133 1148 1206 

Test #272
56 57 83 129 138 171 180 245 255 279 295 336 471 507 565 569 595 612 618 705 771 783 800 931 938 1027 1133 1148 1206 

Test #273
56 57 83 129 138 171 180 245 255 279 295 336 471 507 565 569 595 612 618 705 771 783 800 931 938 1027 1133 1148 1206 

Test #274
56 57 83 129 138 171 180 245 255 279 295 336 471 507 565 569 595 612 618 705 771 783 800 931 938 1027 1133 1148 1206 

Test #275
56 57 83 129 138 171 180 245 255 279 295 336 471 507 565 569 595 612 618 705 771 783 800 931 938 1027 1133 1148 1206 

Test #276
56 57 83 129 138 171 180 245 255 279 295 336 471 507 565 569 595 612 618 705 771 783 800 931 938 1027 1133 1148 1206 

Test #277
56 57 83 129 138 171 180 245 255 279 295 336 471 507 565 569 595 612 618 705 771 783 800 931 938 1027 1133 1148 1206 

Test #278
56 57 83 129 138 171 180 245 255 279 295 336 471 507 565 569 595 612 618 705 771 783 800 931 938 1027 1133 1148 1206 

Test #279
56 57 83 129 138 171 180 245 255 279 295 336 471 507 565 569 595 612 618 705 771 783 800 931 938 1027 1133 1148 1206 

Test #280
56 57 83 129 138 171 180 245 255 279 295 336 471 507 565 569 595 612 618 705 771 783 800 931 938 1027 1133 1148 1206 

Test #281
56 57 83 129 138 171 180 245 255 279 295 336 471 507 565 569 595 612 618 705 771 783 800 931 938 1027 1133 1148 1206 

Test #282
56 57 83 129 138 171 180 245 255 279 295 336 471 507 565 569 595 612 618 705 771 783 800 931 938 1027 1133 1148 1206 

Test #283
56 57 83 129 138 171 180 245 255 279 295 336 471 507 565 569 595 612 618 705 771 783 800 931 938 1027 1133 1148 1206 

Test #284
56 57 83 129 138 171 180 245 255 279 295 336 471 507 565 569 595 612 618 705 771 783 800 931 938 1027 1133 1148 1206 

Test #285
56 57 83 129 138 171 180 245 255 279 295 336 471 507 565 569 595 612 618 705 771 783 800 931 938 1027 1133 1148 1206 

Test #286
56 57 83 129 138 171 180 245 255 279 295 336 471 507 565 569 595 612 618 705 771 783 800 931 938 1027 1133 1148 1206 

Test #287
56 57 83 129 138 171 180 245 255 279 295 336 471 507 565 569 595 612 618 705 771 783 800 931 938 1027 1133 1148 1206 

Test #288
56 57 83 129 138 171 180 245 255 279 295 336 471 507 565 569 595 612 618 705 771 783 800 931 938 1027 1133 1148 1206 

Test #289
56 57 83 129 138 171 180 245 255 279 295 336 471 507 565 569 595 612 618 705 771 783 800 931 938 1027 1133 1148 1206 

Test #290
56 57 83 129 138 171 180 245 255 279 295 336 471 507 565 569 595 612 618 705 771 783 800 931 938 1027 1133 1148 1206 

Test #291
56 57 83 129 138 171 180 245 255 279 295 336 471 507 565 569 595 612 618 705 771 783 800 931 938 1027 1133 1148 1206 

Test #292
56 57 83 129 138 171 180 245 255 279 295 336 471 507 565 569 595 612 618 705 771 783 800 931 938 1027 1133 1148 1206 

Test #293
56 57 83 129 138 171 180 245 255 279 295 336 471 507 565 569 595 612 618 705 771 783 800 931 938 1027 1133 1148 1206 

Test #294
56 57 83 129 138 171 180 245 255 279 295 336 471 507 565 569 595 612 618 705 771 783 800 931 938 1027 1133 1148 1206 

Test #295
56 57 83 129 138 171 180 245 255 279 295 336 471 507 565 569 595 612 618 705 771 783 800 931 938 1027 1133 1148 1206 

Test #296
56 57 83 129 138 171 180 245 255 279 295 336 471 507 565 569 595 612 618 705 771 783 800 931 938 1027 1133 1148 1206 

Test #297
56 57 83 129 138 171 180 245 255 279 295 336 471 507 565 569 595 612 618 705 771 783 800 931 938 1027 1133 1148 1206 

Test #298
56 57 83 129 138 171 180 245 255 279 295 336 471 507 565 569 595 612 618 705 771 783 800 931 938 1027 1133 1148 1206 

Test #299
56 57 83 129 138 171 180 245 255 279 295 336 471 507 565 569 595 612 618 705 771 783 800 931 938 1027 1133 1148 1206 

Test #300
56 57 83 129 138 171 180 245 255 279 295 336 471 507 565 569 595 612 618 705 771 783 800 931 938 1027 1133 1148 1206 

Test #301
56 57 83 129 138 171 180 245 255 279 295 336 471 507 565 569 595 612 618 705 771 783 800 931 938 1027 1133 1148 1206 

Test #302
56 57 83 129 138 171 180 245 255 279 295 336 471 507 565 569 595 612 618 705 771 783 800 931 938 1027 1133 1148 1206 

Test #303
56 57 83 129 138 171 180 245 255 279 295 336 471 507 565 569 595 612 618 705 771 783 800 931 938 1027 1133 1148 1206 

Test #304
56 57 83 129 138 171 180 245 255 279 295 336 471 507 565 569 595 612 618 705 771 783 800 931 938 1027 1133 1148 1206 

Test #305
56 57 83 129 138 171 180 245 255 279 295 336 471 507 565 569 595 612 618 705 771 783 800 931 938 1027 1133 1148 1206 

Test #306
56 57 83 129 138 171 180 245 255 279 295 336 471 507 565 569 595 612 618 705 771 783 800 931 938 1027 1133 1148 1206 

Test #307
56 57 83 129 138 171 180 245 255 279 295 336 471 507 565 569 595 612 618 705 771 783 800 931 938 1027 1133 1148 1206 

Test #308
56 57 83 129 138 171 180 245 255 279 295 336 471 507 565 569 595 612 618 705 771 783 800 931 938 1027 1133 1148 1206 

Test #309
56 57 83 129 138 171 180 245 255 279 295 336 471 507 565 569 595 612 618 705 771 783 800 931 938 1027 1133 1148 1206 

Test #310
56 57 83 129 138 171 180 245 255 279 295 336 471 507 565 569 595 612 618 705 771 783 800 931 938 1027 1133 1148 1206 

Test #311
56 57 83 129 138 171 180 245 255 279 295 336 471 507 565 569 595 612 618 705 771 783 800 931 938 1027 1133 1148 1206 

Test #312
56 57 83 129 138 171 180 245 255 279 295 336 471 507 565 569 595 612 618 705 771 783 800 931 938 1027 1133 1148 1206 

Test #313
56 57 83 129 138 171 180 245 255 279 295 336 471 507 565 569 595 612 618 705 771 783 800 931 938 1027 1133 1148 1206 

Test #314
56 57 83 129 138 171 180 245 255 279 295 336 471 507 565 569 595 612 618 705 771 783 800 931 938 1027 1133 1148 1206 

Test #315
56 57 83 129 138 171 180 245 255 279 295 336 471 507 565 569 595 612 618 705 771 783 800 931 938 1027 1133 1148 1206 

Test #316
56 57 83 129 138 171 180 245 255 279 295 336 471 507 565 569 595 612 618 705 771 783 800 931 938 1027 1133 1148 1206 

Test #317
56 57 83 129 138 171 180 245 255 279 295 336 471 507 565 569 595 612 618 705 771 783 800 931 938 1027 1133 1148 1206 

Test #318
56 57 83 129 138 171 180 245 255 279 295 336 471 507 565 569 595 612 618 705 771 783 800 931 938 1027 1133 1148 1206 

Test #319
56 57 83 129 138 171 180 245 255 279 295 336 471 507 565 569 595 612 618 705 771 783 800 931 938 1027 1133 1148 1206 

Test #320
56 57 83 129 138 171 180 245 255 279 295 336 471 507 565 569 595 612 618 705 771 783 800 931 938 1027 1133 1148 1206 

Test #321
56 57 83 129 138 171 180 245 255 279 295 336 471 507 565 569 595 612 618 705 771 783 800 931 938 1027 1133 1148 1206 

Test #322
56 57 83 129 138 171 180 245 255 279 295 336 471 507 565 569 595 612 618 705 771 783 800 931 938 1027 1133 1148 1206 

Test #323
56 57 83 129 138 171 180 245 255 279 295 336 471 507 565 569 595 612 618 705 771 783 800 931 938 1027 1133 1148 1206 

Test #324
56 57 83 129 138 171 180 245 255 279 295 336 471 507 565 569 595 612 618 705 771 783 800 931 938 1027 1133 1148 1206 

Test #325
56 57 83 129 138 171 180 245 255 279 295 336 471 507 565 569 595 612 618 705 771 783 800 931 938 1027 1133 1148 1206 

Test #326
56 57 83 129 138 171 180 245 255 279 295 336 471 507 565 569 595 612 618 705 771 783 800 931 938 1027 1133 1148 1206 

Test #327
56 57 83 129 138 171 180 245 255 279 295 336 471 507 565 569 595 612 618 705 771 783 800 931 938 1027 1133 1148 1206 

Test #328
56 57 83 129 138 171 180 245 255 279 295 336 471 507 565 569 595 612 618 705 771 783 800 931 938 1027 1133 1148 1206 

Test #329
56 57 83 129 138 171 180 245 255 279 295 336 471 507 565 569 595 612 618 705 771 783 800 931 938 1027 1133 1148 1206 

Test #330
56 57 83 129 138 171 180 245 255 279 295 336 471 507 565 569 595 612 618 705 771 783 800 931 938 1027 1133 1148 1206 

Test #331
56 57 83 129 138 171 180 245 255 279 295 336 471 507 565 569 595 612 618 705 771 783 800 931 938 1027 1133 1148 1206 

Test #332
56 57 83 129 138 171 180 245 255 279 295 336 471 507 565 569 595 612 618 705 771 783 800 931 938 1027 1133 1148 1206 

Test #333
56 57 83 129 138 171 180 245 255 279 295 336 471 507 565 569 595 612 618 705 771 783 800 931 938 1027 1133 1148 1206 

Test #334
56 57 83 129 138 171 180 245 255 279 295 336 471 507 565 569 595 612 618 705 771 783 800 931 938 1027 1133 1148 1206 

Test #335
56 57 83 129 138 171 180 245 255 279 295 336 471 507 565 569 595 612 618 705 771 783 800 931 938 1027 1133 1148 1206 

Test #336
56 57 83 129 138 171 180 245 255 279 295 336 471 507 565 569 595 612 618 705 771 783 800 931 938 1027 1133 1148 1206 

Test #337
56 57 83 129 138 171 180 245 255 279 295 336 471 507 565 569 595 612 618 705 771 783 800 931 938 1027 1133 1148 1206 

Test #338
56 57 83 129 138 171 180 245 255 279 295 336 471 507 565 569 595 612 618 705 771 783 800 931 938 1027 1133 1148 1206 

Test #339
56 57 83 129 138 171 180 245 255 279 295 336 471 507 565 569 595 612 618 705 771 783 800 931 938 1027 1133 1148 1206 

Test #340
56 57 83 129 138 171 180 245 255 279 295 336 471 507 565 569 595 612 618 705 771 783 800 931 938 1027 1133 1148 1206 

Test #341
56 57 83 129 138 171 180 245 255 279 295 336 471 507 565 569 595 612 618 705 771 783 800 931 938 1027 1133 1148 1206 

Test #342
56 57 83 129 138 171 180 245 255 279 295 336 471 507 565 569 595 612 618 705 771 783 800 931 938 1027 1133 1148 1206 

Test #343
56 57 83 129 138 171 180 245 255 279 295 336 471 507 565 569 595 612 618 705 771 783 800 931 938 1027 1133 1148 1206 

Test #344
56 57 83 129 138 171 180 245 255 279 295 336 471 507 565 569 595 612 618 705 771 783 800 931 938 1027 1133 1148 1206 

Test #345
56 57 83 129 138 171 180 245 255 279 295 336 471 507 565 569 595 612 618 705 771 783 800 931 938 1027 1133 1148 1206 

Test #346
56 57 83 129 138 171 180 245 255 279 295 336 471 507 565 569 595 612 618 705 771 783 800 931 938 1027 1133 1148 1206 

Test #347
56 57 83 129 138 171 180 245 255 279 295 336 471 507 565 569 595 612 618 705 771 783 800 931 938 1027 1133 1148 1206 

Test #348
56 57 83 129 138 171 180 245 255 279 295 336 471 507 565 569 595 612 618 705 771 783 800 931 938 1027 1133 1148 1206 

Test #349
56 57 83 129 138 171 180 245 255 279 295 336 471 507 565 569 595 612 618 705 771 783 800 931 938 1027 1133 1148 1206 

Test #350
56 57 83 129 138 171 180 245 255 279 295 336 471 507 565 569 595 612 618 705 771 783 800 931 938 1027 1133 1148 1206 

Test #351
56 57 83 129 138 171 180 245 255 279 295 336 471 507 565 569 595 612 618 705 771 783 800 931 938 1027 1133 1148 1206 

Test #352
56 57 83 129 138 171 180 245 255 279 295 336 471 507 565 569 595 612 618 705 771 783 800 931 938 1027 1133 1148 1206 

Test #353
56 57 83 129 138 171 180 245 255 279 295 336 471 507 565 569 595 612 618 705 771 783 800 931 938 1027 1133 1148 1206 

Test #354
56 57 83 129 138 171 180 245 255 279 295 336 471 507 565 569 595 612 618 705 771 783 800 931 938 1027 1133 1148 1206 

Test #355
56 57 83 129 138 171 180 245 255 279 295 336 471 507 565 569 595 612 618 705 771 783 800 931 938 1027 1133 1148 1206 

Test #356
56 57 83 129 138 171 180 245 255 279 295 336 471 507 565 569 595 612 618 705 771 783 800 931 938 1027 1133 1148 1206 

Test #357
56 57 83 129 138 171 180 245 255 279 295 336 471 507 565 569 595 612 618 705 771 783 800 931 938 1027 1133 1148 1206 

Test #358
56 57 83 129 138 171 180 245 255 279 295 336 471 507 565 569 595 612 618 705 771 783 800 931 938 1027 1133 1148 1206 

Test #359
56 57 83 129 138 171 180 245 255 279 295 336 471 507 565 569 595 612 618 705 771 783 800 931 938 1027 1133 1148 1206 

Test #360
56 57 83 129 138 171 180 245 255 279 295 336 471 507 565 569 595 612 618 705 771 783 800 931 938 1027 1133 1148 1206 

Test #361
56 57 83 129 138 171 180 245 255 279 295 336 471 507 565 569 595 612 618 705 771 783 800 931 938 1027 1133 1148 1206 

Test #362
56 57 83 129 138 171 180 245 255 279 295 336 471 507 565 569 595 612 618 705 771 783 800 931 938 1027 1133 1148 1206 

Test #363
56 57 83 129 138 171 180 245 255 279 295 336 471 507 565 569 595 612 618 705 771 783 800 931 938 1027 1133 1148 1206 

Test #364
56 57 83 129 138 171 180 245 255 279 295 336 471 507 565 569 595 612 618 705 771 783 800 931 938 1027 1133 1148 1206 

Test #365
56 57 83 129 138 171 180 245 255 279 295 336 471 507 565 569 595 612 618 705 771 783 800 931 938 1027 1133 1148 1206 

Test #366
56 57 83 129 138 171 180 245 255 279 295 336 471 507 565 569 595 612 618 705 771 783 800 931 938 1027 1133 1148 1206 

Test #367
56 57 83 129 138 171 180 245 255 279 295 336 471 507 565 569 595 612 618 705 771 783 800 931 938 1027 1133 1148 1206 

Test #368
56 57 83 129 138 171 180 245 255 279 295 336 471 507 565 569 595 612 618 705 771 783 800 931 938 1027 1133 1148 1206 

Test #369
56 57 83 129 138 171 180 245 255 279 295 336 471 507 565 569 595 612 618 705 771 783 800 931 938 1027 1133 1148 1206 

Test #370
56 57 83 129 138 171 180 245 255 279 295 336 471 507 565 569 595 612 618 705 771 783 800 931 938 1027 1133 1148 1206 

Test #371
56 57 83 129 138 171 180 245 255 279 295 336 471 507 565 569 595 612 618 705 771 783 800 931 938 1027 1133 1148 1206 

Test #372
56 57 83 129 138 171 180 245 255 279 295 336 471 507 565 569 595 612 618 705 771 783 800 931 938 1027 1133 1148 1206 

Test #373
56 57 83 129 138 171 180 245 255 279 295 336 471 507 565 569 595 612 618 705 771 783 800 931 938 1027 1133 1148 1206 

Test #374
56 57 83 129 138 171 180 245 255 279 295 336 471 507 565 569 595 612 618 705 771 783 800 931 938 1027 1133 1148 1206 

Test #375
56 57 83 129 138 171 180 245 255 279 295 336 471 507 565 569 595 612 618 705 771 783 800 931 938 1027 1133 1148 1206 

Test #376
56 57 83 129 138 171 180 245 255 279 295 336 471 507 565 569 595 612 618 705 771 783 800 931 938 1027 1133 1148 1206 

Test #377
56 57 83 129 138 171 180 245 255 279 295 336 471 507 565 569 595 612 618 705 771 783 800 931 938 1027 1133 1148 1206 

Test #378
56 57 83 129 138 171 180 245 255 279 295 336 471 507 565 569 595 612 618 705 771 783 800 931 938 1027 1133 1148 1206 

Test #379
56 57 83 129 138 171 180 245 255 279 295 336 471 507 565 569 595 612 618 705 771 783 800 931 938 1027 1133 1148 1206 

Test #380
56 57 83 129 138 171 180 245 255 279 295 336 471 507 565 569 595 612 618 705 771 783 800 931 938 1027 1133 1148 1206 

Test #381
56 57 83 129 138 171 180 245 255 279 295 336 471 507 565 569 595 612 618 705 771 783 800 931 938 1027 1133 1148 1206 

Test #382
56 57 83 129 138 171 180 245 255 279 295 336 471 507 565 569 595 612 618 705 771 783 800 931 938 1027 1133 1148 1206 

Test #383
56 57 83 129 138 171 180 245 255 279 295 336 471 507 565 569 595 612 618 705 771 783 800 931 938 1027 1133 1148 1206 

Test #384
56 57 83 129 138 171 180 245 255 279 295 336 471 507 565 569 595 612 618 705 771 783 800 931 938 1027 1133 1148 1206 

Test #385
56 57 83 129 138 171 180 245 255 279 295 336 471 507 565 569 595 612 618 705 771 783 800 931 938 1027 1133 1148 1206 

Test #386
56 57 83 129 138 171 180 245 255 279 295 336 471 507 565 569 595 612 618 705 771 783 800 931 938 1027 1133 1148 1206 

Test #387
56 57 83 129 138 171 180 245 255 279 295 336 471 507 565 569 595 612 618 705 771 783 800 931 938 1027 1133 1148 1206 

Test #388
56 57 83 129 138 171 180 245 255 279 295 336 471 507 565 569 595 612 618 705 771 783 800 931 938 1027 1133 1148 1206 

Test #389
56 57 83 129 138 171 180 245 255 279 295 336 471 507 565 569 595 612 618 705 771 783 800 931 938 1027 1133 1148 1206 

Test #390
56 57 83 129 138 171 180 245 255 279 295 336 471 507 565 569 595 612 618 705 771 783 800 931 938 1027 1133 1148 1206 

Test #391
56 57 83 129 138 171 180 245 255 279 295 336 471 507 565 569 595 612 618 705 771 783 800 931 938 1027 1133 1148 1206 

Test #392
56 57 83 129 138 171 180 245 255 279 295 336 471 507 565 569 595 612 618 705 771 783 800 931 938 1027 1133 1148 1206 

Test #393
56 57 83 129 138 171 180 245 255 279 295 336 471 507 565 569 595 612 618 705 771 783 800 931 938 1027 1133 1148 1206 

Test #394
56 57 83 129 138 171 180 245 255 279 295 336 471 507 565 569 595 612 618 705 771 783 800 931 938 1027 1133 1148 1206 

Test #395
56 57 83 129 138 171 180 245 255 279 295 336 471 507 565 569 595 612 618 705 771 783 800 931 938 1027 1133 1148 1206 

Test #396
56 57 83 129 138 171 180 245 255 279 295 336 471 507 565 569 595 612 618 705 771 783 800 931 938 1027 1133 1148 1206 

Test #397
56 57 83 129 138 171 180 245 255 279 295 336 471 507 565 569 595 612 618 705 771 783 800 931 938 1027 1133 1148 1206 

Test #398
56 57 83 129 138 171 180 245 255 279 295 336 471 507 565 569 595 612 618 705 771 783 800 931 938 1027 1133 1148 1206 

Test #399
56 57 83 129 138 171 180 245 255 279 295 336 471 507 565 569 595 612 618 705 771 783 800 931 938 1027 1133 1148 1206 

Test #400
56 57 83 129 138 171 180 245 255 279 295 336 471 507 565 569 595 612 618 705 771 783 800 931 938 1027 1133 1148 1206 

Test #401
56 57 83 129 138 171 180 245 255 279 295 336 471 507 565 569 595 612 618 705 771 783 800 931 938 1027 1133 1148 1206 

Test #402
56 57 83 129 138 171 180 245 255 279 295 336 471 507 565 569 595 612 618 705 771 783 800 931 938 1027 1133 1148 1206 

Test #403
56 57 83 129 138 171 180 245 255 279 295 336 471 507 565 569 595 612 618 705 771 783 800 931 938 1027 1133 1148 1206 

Test #404
56 57 83 129 138 171 180 245 255 279 295 336 471 507 565 569 595 612 618 705 771 783 800 931 938 1027 1133 1148 1206 

Test #405
56 57 83 129 138 171 180 245 255 279 295 336 471 507 565 569 595 612 618 705 771 783 800 931 938 1027 1133 1148 1206 

Test #406
56 57 83 129 138 171 180 245 255 279 295 336 471 507 565 569 595 612 618 705 771 783 800 931 938 1027 1133 1148 1206 

Test #407
56 57 83 129 138 171 180 245 255 279 295 336 471 507 565 569 595 612 618 705 771 783 800 931 938 1027 1133 1148 1206 

Test #408
56 57 83 129 138 171 180 245 255 279 295 336 471 507 565 569 595 612 618 705 771 783 800 931 938 1027 1133 1148 1206 

Test #409
56 57 83 129 138 171 180 245 255 279 295 336 471 507 565 569 595 612 618 705 771 783 800 931 938 1027 1133 1148 1206 

Test #410
56 57 83 129 138 171 180 245 255 279 295 336 471 507 565 569 595 612 618 705 771 783 800 931 938 1027 1133 1148 1206 

Test #411
56 57 83 129 138 171 180 245 255 279 295 336 471 507 565 569 595 612 618 705 771 783 800 931 938 1027 1133 1148 1206 

Test #412
56 57 83 129 138 171 180 245 255 279 295 336 471 507 565 569 595 612 618 705 771 783 800 931 938 1027 1133 1148 1206 

Test #413
56 57 83 129 138 171 180 245 255 279 295 336 471 507 565 569 595 612 618 705 771 783 800 931 938 1027 1133 1148 1206 

Test #414
56 57 83 129 138 171 180 245 255 279 295 336 471 507 565 569 595 612 618 705 771 783 800 931 938 1027 1133 1148 1206 

Test #415
56 57 83 129 138 171 180 245 255 279 295 336 471 507 565 569 595 612 618 705 771 783 800 931 938 1027 1133 1148 1206 

Test #416
56 57 83 129 138 171 180 245 255 279 295 336 471 507 565 569 595 612 618 705 771 783 800 931 938 1027 1133 1148 1206 

Test #417
56 57 83 129 138 171 180 245 255 279 295 336 471 507 565 569 595 612 618 705 771 783 800 931 938 1027 1133 1148 1206 

Test #418
56 57 83 129 138 171 180 245 255 279 295 336 471 507 565 569 595 612 618 705 771 783 800 931 938 1027 1133 1148 1206 

Test #419
56 57 83 129 138 171 180 245 255 279 295 336 471 507 565 569 595 612 618 705 771 783 800 931 938 1027 1133 1148 1206 

Test #420
56 57 83 129 138 171 180 245 255 279 295 336 471 507 565 569 595 612 618 705 771 783 800 931 938 1027 1133 1148 1206 

Test #421
56 57 83 129 138 171 180 245 255 279 295 336 471 507 565 569 595 612 618 705 771 783 800 931 938 1027 1133 1148 1206 

Test #422
56 57 83 129 138 171 180 245 255 279 295 336 471 507 565 569 595 612 618 705 771 783 800 931 938 1027 1133 1148 1206 

Test #423
56 57 83 129 138 171 180 245 255 279 295 336 471 507 565 569 595 612 618 705 771 783 800 931 938 1027 1133 1148 1206 

Test #424
56 57 83 129 138 171 180 245 255 279 295 336 471 507 565 569 595 612 618 705 771 783 800 931 938 1027 1133 1148 1206 

Test #425
56 57 83 129 138 171 180 245 255 279 295 336 471 507 565 569 595 612 618 705 771 783 800 931 938 1027 1133 1148 1206 

Test #426
56 57 83 129 138 171 180 245 255 279 295 336 471 507 565 569 595 612 618 705 771 783 800 931 938 1027 1133 1148 1206 

Test #427
56 57 83 129 138 171 180 245 255 279 295 336 471 507 565 569 595 612 618 705 771 783 800 931 938 1027 1133 1148 1206 

Test #428
56 57 83 129 138 171 180 245 255 279 295 336 471 507 565 569 595 612 618 705 771 783 800 931 938 1027 1133 1148 1206 

Test #429
56 57 83 129 138 171 180 245 255 279 295 336 471 507 565 569 595 612 618 705 771 783 800 931 938 1027 1133 1148 1206 

Test #430
56 57 83 129 138 171 180 245 255 279 295 336 471 507 565 569 595 612 618 705 771 783 800 931 938 1027 1133 1148 1206 

Test #431
56 57 83 129 138 171 180 245 255 279 295 336 471 507 565 569 595 612 618 705 771 783 800 931 938 1027 1133 1148 1206 

Test #432
56 57 83 129 138 171 180 245 255 279 295 336 471 507 565 569 595 612 618 705 771 783 800 931 938 1027 1133 1148 1206 

Test #433
56 57 83 129 138 171 180 245 255 279 295 336 471 507 565 569 595 612 618 705 771 783 800 931 938 1027 1133 1148 1206 

Test #434
56 57 83 129 138 171 180 245 255 279 295 336 471 507 565 569 595 612 618 705 771 783 800 931 938 1027 1133 1148 1206 

Test #435
56 57 83 129 138 171 180 245 255 279 295 336 471 507 565 569 595 612 618 705 771 783 800 931 938 1027 1133 1148 1206 

Test #436
56 57 83 129 138 171 180 245 255 279 295 336 471 507 565 569 595 612 618 705 771 783 800 931 938 1027 1133 1148 1206 

Test #437
56 57 83 129 138 171 180 245 255 279 295 336 471 507 565 569 595 612 618 705 771 783 800 931 938 1027 1133 1148 1206 

Test #438
56 57 83 129 138 171 180 245 255 279 295 336 471 507 565 569 595 612 618 705 771 783 800 931 938 1027 1133 1148 1206 

Test #439
56 57 83 129 138 171 180 245 255 279 295 336 471 507 565 569 595 612 618 705 771 783 800 931 938 1027 1133 1148 1206 

Test #440
56 57 83 129 138 171 180 245 255 279 295 336 471 507 565 569 595 612 618 705 771 783 800 931 938 1027 1133 1148 1206 

Test #441
56 57 83 129 138 171 180 245 255 279 295 336 471 507 565 569 595 612 618 705 771 783 800 931 938 1027 1133 1148 1206 

Test #442
56 57 83 129 138 171 180 245 255 279 295 336 471 507 565 569 595 612 618 705 771 783 800 931 938 1027 1133 1148 1206 

Test #443
56 57 83 129 138 171 180 245 255 279 295 336 471 507 565 569 595 612 618 705 771 783 800 931 938 1027 1133 1148 1206 

Test #444
56 57 83 129 138 171 180 245 255 279 295 336 471 507 565 569 595 612 618 705 771 783 800 931 938 1027 1133 1148 1206 

Test #445
56 57 83 129 138 171 180 245 255 279 295 336 471 507 565 569 595 612 618 705 771 783 800 931 938 1027 1133 1148 1206 

Test #446
56 57 83 129 138 171 180 245 255 279 295 336 471 507 565 569 595 612 618 705 771 783 800 931 938 1027 1133 1148 1206 

Test #447
56 57 83 129 138 171 180 245 255 279 295 336 471 507 565 569 595 612 618 705 771 783 800 931 938 1027 1133 1148 1206 

Test #448
56 57 83 129 138 171 180 245 255 279 295 336 471 507 565 569 595 612 618 705 771 783 800 931 938 1027 1133 1148 1206 

Test #449
56 57 83 129 138 171 180 245 255 279 295 336 471 507 565 569 595 612 618 705 771 783 800 931 938 1027 1133 1148 1206 

Test #450
56 57 83 129 138 171 180 245 255 279 295 336 471 507 565 569 595 612 618 705 771 783 800 931 938 1027 1133 1148 1206 

Test #451
56 57 83 129 138 171 180 245 255 279 295 336 471 507 565 569 595 612 618 705 771 783 800 931 938 1027 1133 1148 1206 

Test #452
56 57 83 129 138 171 180 245 255 279 295 336 471 507 565 569 595 612 618 705 771 783 800 931 938 1027 1133 1148 1206 

Test #453
56 57 83 129 138 171 180 245 255 279 295 336 471 507 565 569 595 612 618 705 771 783 800 931 938 1027 1133 1148 1206 

Test #454
56 57 83 129 138 171 180 245 255 279 295 336 471 507 565 569 595 612 618 705 771 783 800 931 938 1027 1133 1148 1206 

Test #455
56 57 83 129 138 171 180 245 255 279 295 336 471 507 565 569 595 612 618 705 771 783 800 931 938 1027 1133 1148 1206 

Test #456
56 57 83 129 138 171 180 245 255 279 295 336 471 507 565 569 595 612 618 705 771 783 800 931 938 1027 1133 1148 1206 

Test #457
56 57 83 129 138 171 180 245 255 279 295 336 471 507 565 569 595 612 618 705 771 783 800 931 938 1027 1133 1148 1206 

Test #458
56 57 83 129 138 171 180 245 255 279 295 336 471 507 565 569 595 612 618 705 771 783 800 931 938 1027 1133 1148 1206 

Test #459
56 57 83 129 138 171 180 245 255 279 295 336 471 507 565 569 595 612 618 705 771 783 800 931 938 1027 1133 1148 1206 

Test #460
56 57 83 129 138 171 180 245 255 279 295 336 471 507 565 569 595 612 618 705 771 783 800 931 938 1027 1133 1148 1206 

Test #461
56 57 83 129 138 171 180 245 255 279 295 336 471 507 565 569 595 612 618 705 771 783 800 931 938 1027 1133 1148 1206 

Test #462
56 57 83 129 138 171 180 245 255 279 295 336 471 507 565 569 595 612 618 705 771 783 800 931 938 1027 1133 1148 1206 

Test #463
56 57 83 129 138 171 180 245 255 279 295 336 471 507 565 569 595 612 618 705 771 783 800 931 938 1027 1133 1148 1206 

Test #464
56 57 83 129 138 171 180 245 255 279 295 336 471 507 565 569 595 612 618 705 771 783 800 931 938 1027 1133 1148 1206 

Test #465
56 57 83 129 138 171 180 245 255 279 295 336 471 507 565 569 595 612 618 705 771 783 800 931 938 1027 1133 1148 1206 

Test #466
56 57 83 129 138 171 180 245 255 279 295 336 471 507 565 569 595 612 618 705 771 783 800 931 938 1027 1133 1148 1206 

Test #467
56 57 83 129 138 171 180 245 255 279 295 336 471 507 565 569 595 612 618 705 771 783 800 931 938 1027 1133 1148 1206 

Test #468
56 57 83 129 138 171 180 245 255 279 295 336 471 507 565 569 595 612 618 705 771 783 800 931 938 1027 1133 1148 1206 

Test #469
56 57 83 129 138 171 180 245 255 279 295 336 471 507 565 569 595 612 618 705 771 783 800 931 938 1027 1133 1148 1206 

Test #470
56 57 83 129 138 171 180 245 255 279 295 336 471 507 565 569 595 612 618 705 771 783 800 931 938 1027 1133 1148 1206 

Test #471
56 57 83 129 138 171 180 245 255 279 295 336 471 507 565 569 595 612 618 705 771 783 800 931 938 1027 1133 1148 1206 

Test #472
56 57 83 129 138 171 180 245 255 279 295 336 471 507 565 569 595 612 618 705 771 783 800 931 938 1027 1133 1148 1206 

Test #473
56 57 83 129 138 171 180 245 255 279 295 336 471 507 565 569 595 612 618 705 771 783 800 931 938 1027 1133 1148 1206 

Test #474
56 57 83 129 138 171 180 245 255 279 295 336 471 507 565 569 595 612 618 705 771 783 800 931 938 1027 1133 1148 1206 

Test #475
56 57 83 129 138 171 180 245 255 279 295 336 471 507 565 569 595 612 618 705 771 783 800 931 938 1027 1133 1148 1206 

Test #476
56 57 83 129 138 171 180 245 255 279 295 336 471 507 565 569 595 612 618 705 771 783 800 931 938 1027 1133 1148 1206 

Test #477
56 57 83 129 138 171 180 245 255 279 295 336 471 507 565 569 595 612 618 705 771 783 800 931 938 1027 1133 1148 1206 

Test #478
56 57 83 129 138 171 180 245 255 279 295 336 471 507 565 569 595 612 618 705 771 783 800 931 938 1027 1133 1148 1206 

Test #479
56 57 83 129 138 171 180 245 255 279 295 336 471 507 565 569 595 612 618 705 771 783 800 931 938 1027 1133 1148 1206 

Test #480
56 57 83 129 138 171 180 245 255 279 295 336 471 507 565 569 595 612 618 705 771 783 800 931 938 1027 1133 1148 1206 

Test #481
56 57 83 129 138 171 180 245 255 279 295 336 471 507 565 569 595 612 618 705 771 783 800 931 938 1027 1133 1148 1206 

Test #482
56 57 83 129 138 171 180 245 255 279 295 336 471 507 565 569 595 612 618 705 771 783 800 931 938 1027 1133 1148 1206 

Test #483
56 57 83 129 138 171 180 245 255 279 295 336 471 507 565 569 595 612 618 705 771 783 800 931 938 1027 1133 1148 1206 

Test #484
56 57 83 129 138 171 180 245 255 279 295 336 471 507 565 569 595 612 618 705 771 783 800 931 938 1027 1133 1148 1206 

Test #485
56 57 83 129 138 171 180 245 255 279 295 336 471 507 565 569 595 612 618 705 771 783 800 931 938 1027 1133 1148 1206 

Test #486
56 57 83 129 138 171 180 245 255 279 295 336 471 507 565 569 595 612 618 705 771 783 800 931 938 1027 1133 1148 1206 

Test #487
56 57 83 129 138 171 180 245 255 279 295 336 471 507 565 569 595 612 618 705 771 783 800 931 938 1027 1133 1148 1206 

Test #488
56 57 83 129 138 171 180 245 255 279 295 336 471 507 565 569 595 612 618 705 771 783 800 931 938 1027 1133 1148 1206 

Test #489
56 57 83 129 138 171 180 245 255 279 295 336 471 507 565 569 595 612 618 705 771 783 800 931 938 1027 1133 1148 1206 

Test #490
56 57 83 129 138 171 180 245 255 279 295 336 471 507 565 569 595 612 618 705 771 783 800 931 938 1027 1133 1148 1206 

Test #491
56 57 83 129 138 171 180 245 255 279 295 336 471 507 565 569 595 612 618 705 771 783 800 931 938 1027 1133 1148 1206 

Test #492
56 57 83 129 138 171 180 245 255 279 295 336 471 507 565 569 595 612 618 705 771 783 800 931 938 1027 1133 1148 1206 

Test #493
56 57 83 129 138 171 180 245 255 279 295 336 471 507 565 569 595 612 618 705 771 783 800 931 938 1027 1133 1148 1206 

Test #494
56 57 83 129 138 171 180 245 255 279 295 336 471 507 565 569 595 612 618 705 771 783 800 931 938 1027 1133 1148 1206 

Test #495
56 57 83 129 138 171 180 245 255 279 295 336 471 507 565 569 595 612 618 705 771 783 800 931 938 1027 1133 1148 1206 

Test #496
56 57 83 129 138 171 180 245 255 279 295 336 471 507 565 569 595 612 618 705 771 783 800 931 938 1027 1133 1148 1206 

Test #497
56 57 83 129 138 171 180 245 255 279 295 336 471 507 565 569 595 612 618 705 771 783 800 931 938 1027 1133 1148 1206 

Test #498
56 57 83 129 138 171 180 245 255 279 295 336 471 507 565 569 595 612 618 705 771 783 800 931 938 1027 1133 1148 1206 

Test #499
56 57 83 129 138 171 180 245 255 279 295 336 471 507 565 569 595 612 618 705 771 783 800 931 938 1027 1133 1148 1206 

Test #500
56 57 83 129 138 171 180 245 255 279 295 336 471 507 565 569 595 612 618 705 771 783 800 931 938 1027 1133 1148 1206 

