281 3935 2854 30851 92 92
281 3935 2854 30851 46 46
281 3935 2854 30851 82 82
281 3935 2854 30851 86 86
281 3935 2854 30851 57 57
281 3935 2854 30851 12 12
281 3935 2854 30851 43 43
281 3935 2854 30851 23 23
281 3935 2854 30851 5 5
281 3935 2854 30851 62 62
281 3935 2854 30851 98 98
281 3935 2854 30851 8 8
281 3935 2854 30851 63 63
281 3935 2854 30851 10 10
281 3935 2854 30851 14 14
281 3935 2854 30851 83 83
281 3935 2854 30851 65 65
281 3935 2854 30851 38 38
281 3935 2854 30851 64 64
281 3935 2854 30851 55 55
281 3935 2854 30851 40 40
281 3935 2854 30851 92 92
281 3935 2854 30851 35 35
281 3935 2854 30851 31 31
281 3935 2854 30851 26 26
281 3935 2854 30851 74 74
281 3935 2854 30851 18 18
281 3935 2854 30851 13 13
281 3935 2854 30851 54 54
281 3935 2854 30851 59 59
281 3935 2854 30851 55 55
281 3935 2854 30851 45 45
281 3935 2854 30851 5 5
281 3935 2854 30851 37 37
281 3935 2854 30851 31 31
281 3935 2854 30851 61 61
281 3935 2854 30851 48 48
281 3935 2854 30851 71 71
281 3935 2854 30851 84 84
281 3935 2854 30851 51 51
281 3935 2854 30851 33 33
281 3935 2854 30851 80 80
281 3935 2854 30851 56 56
281 3935 2854 30851 96 96
281 3935 2854 30851 89 89
281 3935 2854 30851 70 70
281 3935 2854 30851 79 79
281 3935 2854 30851 52 52
281 3935 2854 30851 8 8
281 3935 2854 30851 42 42
281 3935 2854 30851 6 6
281 3935 2854 30851 46 46
281 3935 2854 30851 34 34
281 3935 2854 30851 38 38
281 3935 2854 30851 76 76
281 3935 2854 30851 59 59
281 3935 2854 30851 10 10
281 3935 2854 30851 92 92
281 3935 2854 30851 71 71
281 3935 2854 30851 64 64
281 3935 2854 30851 51 51
281 3935 2854 30851 24 24
281 3935 2854 30851 7 7
281 3935 2854 30851 55 55
281 3935 2854 30851 61 61
281 3935 2854 30851 37 37
281 3935 2854 30851 14 14
281 3935 2854 30851 7 7
281 3935 2854 30851 8 8
281 3935 2854 30851 95 95
281 3935 2854 30851 57 57
281 3935 2854 30851 40 40
281 3935 2854 30851 75 75
281 3935 2854 30851 12 12
281 3935 2854 30851 34 34
281 3935 2854 30851 62 62
281 3935 2854 30851 81 81
281 3935 2854 30851 12 12
281 3935 2854 30851 15 15
281 3935 2854 30851 86 86
281 3935 2854 30851 53 53
281 3935 2854 30851 20 20
281 3935 2854 30851 32 32
281 3935 2854 30851 86 86
281 3935 2854 30851 57 57
281 3935 2854 30851 7 7
281 3935 2854 30851 43 43
281 3935 2854 30851 67 67
281 3935 2854 30851 98 98
281 3935 2854 30851 12 12
281 3935 2854 30851 29 29
281 3935 2854 30851 47 47
281 3935 2854 30851 35 35
281 3935 2854 30851 35 35
281 3935 2854 30851 2 2
281 3935 2854 30851 93 93
281 3935 2854 30851 69 69
281 3935 2854 30851 13 13
281 3935 2854 30851 98 98
281 3935 2854 30851 76 76
281 3935 2854 30851 9 9
281 3935 2854 30851 53 53
281 3935 2854 30851 14 14
281 3935 2854 30851 83 83
281 3935 2854 30851 64 64
281 3935 2854 30851 48 48
281 3935 2854 30851 46 46
281 3935 2854 30851 43 43
281 3935 2854 30851 59 59
281 3935 2854 30851 58 58
281 3935 2854 30851 30 30
281 3935 2854 30851 10 10
281 3935 2854 30851 75 75
281 3935 2854 30851 59 59
281 3935 2854 30851 93 93
281 3935 2854 30851 30 30
281 3935 2854 30851 65 65
281 3935 2854 30851 36 36
281 3935 2854 30851 94 94
281 3935 2854 30851 61 61
281 3935 2854 30851 45 45
281 3935 2854 30851 23 23
281 3935 2854 30851 8 8
281 3935 2854 30851 77 77
281 3935 2854 30851 55 55
281 3935 2854 30851 7 7
281 3935 2854 30851 71 71
281 3935 2854 30851 24 24
281 3935 2854 30851 20 20
281 3935 2854 30851 67 67
281 3935 2854 30851 97 97
281 3935 2854 30851 28 28
281 3935 2854 30851 20 20
281 3935 2854 30851 10 10
281 3935 2854 30851 9 9
281 3935 2854 30851 82 82
281 3935 2854 30851 57 57
281 3935 2854 30851 52 52
281 3935 2854 30851 25 25
281 3935 2854 30851 14 14
281 3935 2854 30851 8 8
281 3935 2854 30851 52 52
281 3935 2854 30851 23 23
281 3935 2854 30851 82 82
281 3935 2854 30851 10 10
281 3935 2854 30851 14 14
281 3935 2854 30851 13 13
281 3935 2854 30851 72 72
281 3935 2854 30851 49 49
281 3935 2854 30851 7 7
281 3935 2854 30851 34 34
281 3935 2854 30851 91 91
281 3935 2854 30851 28 28
281 3935 2854 30851 39 39
281 3935 2854 30851 68 68
281 3935 2854 30851 80 80
281 3935 2854 30851 46 46
281 3935 2854 30851 37 37
281 3935 2854 30851 3 3
281 3935 2854 30851 63 63
281 3935 2854 30851 4 4
281 3935 2854 30851 99 99
281 3935 2854 30851 88 88
281 3935 2854 30851 22 22
281 3935 2854 30851 7 7
281 3935 2854 30851 94 94
281 3935 2854 30851 2 2
281 3935 2854 30851 63 63
281 3935 2854 30851 45 45
281 3935 2854 30851 24 24
281 3935 2854 30851 74 74
281 3935 2854 30851 52 52
281 3935 2854 30851 76 76
281 3935 2854 30851 94 94
281 3935 2854 30851 35 35
281 3935 2854 30851 85 85
281 3935 2854 30851 8 8
281 3935 2854 30851 45 45
281 3935 2854 30851 57 57
281 3935 2854 30851 54 54
281 3935 2854 30851 51 51
281 3935 2854 30851 88 88
281 3935 2854 30851 45 45
281 3935 2854 30851 76 76
281 3935 2854 30851 28 28
281 3935 2854 30851 12 12
281 3935 2854 30851 57 57
281 3935 2854 30851 71 71
281 3935 2854 30851 48 48
281 3935 2854 30851 59 59
281 3935 2854 30851 32 32
281 3935 2854 30851 50 50
281 3935 2854 30851 56 56
281 3935 2854 30851 18 18
281 3935 2854 30851 69 69
281 3935 2854 30851 63 63
281 3935 2854 30851 12 12
281 3935 2854 30851 70 70
281 3935 2854 30851 24 24
281 3935 2854 30851 56 56
281 3935 2854 30851 91 91
281 3935 2854 30851 98 98
281 3935 2854 30851 9 9
281 3935 2854 30851 67 67
281 3935 2854 30851 90 90
281 3935 2854 30851 41 41
281 3935 2854 30851 50 50
281 3935 2854 30851 96 96
281 3935 2854 30851 85 85
281 3935 2854 30851 6 6
281 3935 2854 30851 50 50
281 3935 2854 30851 34 34
281 3935 2854 30851 93 93
281 3935 2854 30851 93 93
281 3935 2854 30851 11 11
281 3935 2854 30851 19 19
281 3935 2854 30851 5 5
281 3935 2854 30851 67 67
281 3935 2854 30851 87 87
281 3935 2854 30851 50 50
281 3935 2854 30851 24 24
281 3935 2854 30851 19 19
281 3935 2854 30851 99 99
281 3935 2854 30851 79 79
281 3935 2854 30851 36 36
281 3935 2854 30851 66 66
281 3935 2854 30851 42 42
281 3935 2854 30851 46 46
281 3935 2854 30851 34 34
281 3935 2854 30851 66 66
281 3935 2854 30851 2 2
281 3935 2854 30851 26 26
281 3935 2854 30851 62 62
281 3935 2854 30851 8 8
281 3935 2854 30851 92 92
281 3935 2854 30851 52 52
281 3935 2854 30851 48 48
281 3935 2854 30851 41 41
281 3935 2854 30851 46 46
281 3935 2854 30851 31 31
281 3935 2854 30851 46 46
281 3935 2854 30851 96 96
281 3935 2854 30851 65 65
281 3935 2854 30851 37 37
281 3935 2854 30851 87 87
281 3935 2854 30851 73 73
281 3935 2854 30851 56 56
281 3935 2854 30851 91 91
281 3935 2854 30851 40 40
281 3935 2854 30851 43 43
281 3935 2854 30851 39 39
281 3935 2854 30851 63 63
281 3935 2854 30851 60 60
281 3935 2854 30851 39 39
281 3935 2854 30851 40 40
281 3935 2854 30851 93 93
281 3935 2854 30851 3 3
281 3935 2854 30851 82 82
281 3935 2854 30851 39 39
281 3935 2854 30851 37 37
281 3935 2854 30851 46 46
281 3935 2854 30851 39 39
281 3935 2854 30851 62 62
281 3935 2854 30851 8 8
281 3935 2854 30851 46 46
281 3935 2854 30851 52 52
281 3935 2854 30851 57 57
281 3935 2854 30851 92 92
281 3935 2854 30851 90 90
281 3935 2854 30851 4 4
281 3935 2854 30851 23 23
281 3935 2854 30851 36 36
281 3935 2854 30851 97 97
281 3935 2854 30851 85 85
281 3935 2854 30851 73 73
281 3935 2854 30851 84 84
281 3935 2854 30851 58 58
281 3935 2854 30851 27 27
281 3935 2854 30851 73 73
281 3935 2854 30851 95 95
281 3935 2854 30851 67 67
281 3935 2854 30851 12 12
281 3935 2854 30851 56 56
281 3935 2854 30851 27 27
281 3935 2854 30851 48 48
281 3935 2854 30851 96 96
281 3935 2854 30851 19 19
281 3935 2854 30851 51 51
281 3935 2854 30851 78 78
281 3935 2854 30851 57 57
281 3935 2854 30851 85 85
281 3935 2854 30851 22 22
281 3935 2854 30851 93 93
281 3935 2854 30851 47 47
281 3935 2854 30851 29 29
281 3935 2854 30851 38 38
281 3935 2854 30851 96 96
281 3935 2854 30851 83 83
281 3935 2854 30851 30 30
281 3935 2854 30851 87 87
281 3935 2854 30851 84 84
281 3935 2854 30851 50 50
281 3935 2854 30851 21 21
281 3935 2854 30851 81 81
281 3935 2854 30851 34 34
281 3935 2854 30851 91 91
281 3935 2854 30851 63 63
281 3935 2854 30851 91 91
281 3935 2854 30851 18 18
281 3935 2854 30851 36 36
281 3935 2854 30851 85 85
281 3935 2854 30851 83 83
281 3935 2854 30851 46 46
281 3935 2854 30851 41 41
281 3935 2854 30851 8 8
281 3935 2854 30851 93 93
281 3935 2854 30851 37 37
281 3935 2854 30851 26 26
281 3935 2854 30851 44 44
281 3935 2854 30851 13 13
281 3935 2854 30851 81 81
281 3935 2854 30851 29 29
281 3935 2854 30851 34 34
281 3935 2854 30851 74 74
281 3935 2854 30851 73 73
281 3935 2854 30851 60 60
281 3935 2854 30851 12 12
281 3935 2854 30851 68 68
281 3935 2854 30851 42 42
281 3935 2854 30851 39 39
281 3935 2854 30851 53 53
281 3935 2854 30851 24 24
281 3935 2854 30851 89 89
281 3935 2854 30851 71 71
281 3935 2854 30851 6 6
281 3935 2854 30851 21 21
281 3935 2854 30851 63 63
281 3935 2854 30851 66 66
281 3935 2854 30851 10 10
281 3935 2854 30851 78 78
281 3935 2854 30851 1 1
281 3935 2854 30851 94 94
281 3935 2854 30851 61 61
281 3935 2854 30851 46 46
281 3935 2854 30851 36 36
281 3935 2854 30851 67 67
281 3935 2854 30851 39 39
281 3935 2854 30851 70 70
281 3935 2854 30851 92 92
281 3935 2854 30851 81 81
281 3935 2854 30851 81 81
281 3935 2854 30851 73 73
281 3935 2854 30851 10 10
281 3935 2854 30851 13 13
281 3935 2854 30851 46 46
281 3935 2854 30851 81 81
281 3935 2854 30851 71 71
281 3935 2854 30851 57 57
281 3935 2854 30851 47 47
281 3935 2854 30851 11 11
281 3935 2854 30851 96 96
281 3935 2854 30851 99 99
281 3935 2854 30851 34 34
281 3935 2854 30851 83 83
281 3935 2854 30851 70 70
281 3935 2854 30851 37 37
281 3935 2854 30851 2 2
281 3935 2854 30851 31 31
281 3935 2854 30851 4 4
281 3935 2854 30851 11 11
281 3935 2854 30851 10 10
281 3935 2854 30851 4 4
281 3935 2854 30851 6 6
281 3935 2854 30851 68 68
281 3935 2854 30851 49 49
281 3935 2854 30851 39 39
281 3935 2854 30851 35 35
281 3935 2854 30851 85 85
281 3935 2854 30851 7 7
281 3935 2854 30851 28 28
281 3935 2854 30851 66 66
281 3935 2854 30851 87 87
281 3935 2854 30851 98 98
281 3935 2854 30851 74 74
281 3935 2854 30851 98 98
281 3935 2854 30851 44 44
281 3935 2854 30851 55 55
281 3935 2854 30851 69 69
281 3935 2854 30851 99 99
281 3935 2854 30851 2 2
281 3935 2854 30851 79 79
281 3935 2854 30851 93 93
281 3935 2854 30851 98 98
281 3935 2854 30851 13 13
281 3935 2854 30851 76 76
281 3935 2854 30851 66 66
281 3935 2854 30851 50 50
281 3935 2854 30851 75 75
281 3935 2854 30851 97 97
281 3935 2854 30851 51 51
281 3935 2854 30851 85 85
281 3935 2854 30851 7 7
281 3935 2854 30851 52 52
281 3935 2854 30851 90 90
281 3935 2854 30851 72 72
281 3935 2854 30851 98 98
281 3935 2854 30851 27 27
281 3935 2854 30851 8 8
281 3935 2854 30851 83 83
281 3935 2854 30851 34 34
281 3935 2854 30851 33 33
281 3935 2854 30851 50 50
281 3935 2854 30851 19 19
281 3935 2854 30851 29 29
281 3935 2854 30851 24 24
281 3935 2854 30851 15 15
281 3935 2854 30851 73 73
281 3935 2854 30851 76 76
281 3935 2854 30851 83 83
281 3935 2854 30851 72 72
281 3935 2854 30851 75 75
281 3935 2854 30851 60 60
281 3935 2854 30851 63 63
281 3935 2854 30851 71 71
281 3935 2854 30851 71 71
281 3935 2854 30851 39 39
281 3935 2854 30851 37 37
281 3935 2854 30851 19 19
281 3935 2854 30851 14 14
281 3935 2854 30851 34 34
281 3935 2854 30851 69 69
281 3935 2854 30851 96 96
281 3935 2854 30851 38 38
281 3935 2854 30851 19 19
281 3935 2854 30851 85 85
281 3935 2854 30851 11 11
281 3935 2854 30851 17 17
281 3935 2854 30851 12 12
281 3935 2854 30851 16 16
281 3935 2854 30851 99 99
281 3935 2854 30851 43 43
281 3935 2854 30851 48 48
281 3935 2854 30851 47 47
281 3935 2854 30851 60 60
281 3935 2854 30851 76 76
281 3935 2854 30851 68 68
281 3935 2854 30851 74 74
281 3935 2854 30851 47 47
281 3935 2854 30851 42 42
281 3935 2854 30851 56 56
281 3935 2854 30851 17 17
281 3935 2854 30851 17 17
281 3935 2854 30851 14 14
281 3935 2854 30851 79 79
281 3935 2854 30851 85 85
281 3935 2854 30851 84 84
281 3935 2854 30851 16 16
281 3935 2854 30851 23 23
281 3935 2854 30851 1 1
281 3935 2854 30851 27 27
281 3935 2854 30851 54 54
281 3935 2854 30851 67 67
281 3935 2854 30851 24 24
281 3935 2854 30851 92 92
281 3935 2854 30851 85 85
281 3935 2854 30851 9 9
281 3935 2854 30851 3 3
281 3935 2854 30851 2 2
281 3935 2854 30851 18 18
281 3935 2854 30851 18 18
281 3935 2854 30851 99 99
281 3935 2854 30851 59 59
281 3935 2854 30851 63 63
281 3935 2854 30851 46 46
281 3935 2854 30851 19 19
281 3935 2854 30851 39 39
281 3935 2854 30851 15 15
281 3935 2854 30851 90 90
281 3935 2854 30851 84 84
281 3935 2854 30851 56 56
281 3935 2854 30851 44 44
281 3935 2854 30851 1 1
281 3935 2854 30851 71 71
281 3935 2854 30851 58 58
281 3935 2854 30851 80 80
281 3935 2854 30851 56 56
281 3935 2854 30851 42 42
281 3935 2854 30851 95 95
281 3935 2854 30851 76 76
281 3935 2854 30851 43 43
281 3935 2854 30851 23 23
281 3935 2854 30851 31 31
281 3935 2854 30851 10 10
281 3935 2854 30851 44 44
281 3935 2854 30851 23 23
281 3935 2854 30851 93 93
281 3935 2854 30851 52 52
281 3935 2854 30851 23 23
281 3935 2854 30851 94 94
281 3935 2854 30851 69 69
