344 601 7318 10009 1 100
1290 1547 10566 13257 1 100
378 635 15893 18584 1 100
406 663 24638 27329 1 100
2595 2852 25034 27725 1 100
807 1064 9136 11827 1 100
436 693 24094 26785 1 100
320 577 14675 17366 1 100
2045 2302 5549 8240 1 100
1709 1966 24995 27686 1 100
793 1050 17599 20290 1 100
458 715 14634 17325 1 100
1000 1257 24542 27233 1 100
730 987 16796 19487 1 100
290 547 17165 19856 1 100
883 1140 20519 23210 1 100
1478 1735 13755 16446 1 100
989 1246 14693 17384 1 100
1183 1440 25656 28347 1 100
1246 1503 26203 28894 1 100
1745 2002 5326 8017 1 100
862 1119 20542 23233 1 100
460 717 18639 21330 1 100
1036 1293 11114 13805 1 100
2092 2349 13355 16046 1 100
2456 2713 26562 29253 1 100
1661 1918 16588 19279 1 100
2096 2353 19578 22269 1 100
2561 2818 10779 13470 1 100
1025 1282 21340 24031 1 100
2031 2288 23058 25749 1 100
2202 2459 14574 17265 1 100
2360 2617 9044 11735 1 100
1766 2023 4384 7075 1 100
547 804 6521 9212 1 100
966 1223 23313 26004 1 100
1027 1284 28073 30764 1 100
1314 1571 27640 30331 1 100
1728 1985 15172 17863 1 100
2269 2526 8825 11516 1 100
1498 1755 12787 15478 1 100
790 1047 19804 22495 1 100
1286 1543 12683 15374 1 100
2221 2478 8428 11119 1 100
1673 1930 11856 14547 1 100
343 600 15377 18068 1 100
1117 1374 9550 12241 1 100
1298 1555 11474 14165 1 100
1698 1955 19541 22232 1 100
665 922 17266 19957 1 100
2038 2295 8592 11283 1 100
939 1196 26106 28797 1 100
1736 1993 20534 23225 1 100
513 770 21301 23992 1 100
565 822 6199 8890 1 100
1369 1626 26380 29071 1 100
1593 1850 25837 28528 1 100
1183 1440 10508 13199 1 100
1007 1264 23490 26181 1 100
371 628 24130 26821 1 100
297 554 10851 13542 1 100
470 727 10007 12698 1 100
1537 1794 5558 8249 1 100
1292 1549 27192 29883 1 100
794 1051 20062 22753 1 100
1881 2138 13309 16000 1 100
1865 2122 21137 23828 1 100
2298 2555 25642 28333 1 100
1475 1732 5036 7727 1 100
1151 1408 17125 19816 1 100
1995 2252 13169 15860 1 100
2381 2638 14769 17460 1 100
1081 1338 27613 30304 1 100
2429 2686 13626 16317 1 100
614 871 6361 9052 1 100
1171 1428 24372 27063 1 100
1792 2049 13362 16053 1 100
1042 1299 23986 26677 1 100
2127 2384 14359 17050 1 100
649 906 4343 7034 1 100
2568 2825 7511 10202 1 100
2595 2852 25222 27913 1 100
1752 2009 17391 20082 1 100
2120 2377 8244 10935 1 100
1350 1607 9684 12375 1 100
1668 1925 18210 20901 1 100
316 573 6798 9489 1 100
1019 1276 22183 24874 1 100
1699 1956 20405 23096 1 100
1764 2021 21614 24305 1 100
1769 2026 9664 12355 1 100
1942 2199 4302 6993 1 100
977 1234 14641 17332 1 100
535 792 26494 29185 1 100
1280 1537 17389 20080 1 100
552 809 25569 28260 1 100
1992 2249 10636 13327 1 100
1927 2184 15697 18388 1 100
1246 1503 13532 16223 1 100
616 873 10778 13469 1 100
1843 2100 11457 14148 1 100
467 724 8216 10907 1 100
2295 2552 24115 26806 1 100
1834 2091 12991 15682 1 100
455 712 4131 6822 1 100
392 649 7386 10077 1 100
618 875 16691 19382 1 100
2187 2444 21369 24060 1 100
1720 1977 26348 29039 1 100
1102 1359 22481 25172 1 100
2184 2441 14799 17490 1 100
493 750 6561 9252 1 100
322 579 12541 15232 1 100
1565 1822 13786 16477 1 100
552 809 8346 11037 1 100
1007 1264 11436 14127 1 100
427 684 15699 18390 1 100
956 1213 24431 27122 1 100
798 1055 12199 14890 1 100
801 1058 20434 23125 1 100
2350 2607 8126 10817 1 100
2195 2452 12849 15540 1 100
2245 2502 24056 26747 1 100
965 1222 16474 19165 1 100
751 1008 18180 20871 1 100
610 867 7840 10531 1 100
1998 2255 24928 27619 1 100
757 1014 20562 23253 1 100
1801 2058 23031 25722 1 100
731 988 23866 26557 1 100
465 722 22883 25574 1 100
1150 1407 15153 17844 1 100
1489 1746 15279 17970 1 100
2331 2588 14496 17187 1 100
857 1114 13105 15796 1 100
382 639 4132 6823 1 100
726 983 23074 25765 1 100
2137 2394 4548 7239 1 100
605 862 13347 16038 1 100
581 838 11233 13924 1 100
1131 1388 23948 26639 1 100
2569 2826 26654 29345 1 100
572 829 19847 22538 1 100
1851 2108 22446 25137 1 100
1609 1866 21311 24002 1 100
1127 1384 12179 14870 1 100
721 978 17714 20405 1 100
1243 1500 18876 21567 1 100
344 601 27239 29930 1 100
899 1156 20795 23486 1 100
791 1048 6226 8917 1 100
370 627 20075 22766 1 100
2136 2393 4056 6747 1 100
450 707 14354 17045 1 100
1131 1388 9617 12308 1 100
2375 2632 11079 13770 1 100
940 1197 6809 9500 1 100
1792 2049 16717 19408 1 100
1915 2172 22873 25564 1 100
286 543 5633 8324 1 100
2187 2444 21575 24266 1 100
1560 1817 24478 27169 1 100
1968 2225 5468 8159 1 100
1521 1778 8382 11073 1 100
2339 2596 12825 15516 1 100
2232 2489 9151 11842 1 100
2419 2676 16251 18942 1 100
609 866 6852 9543 1 100
1071 1328 14173 16864 1 100
941 1198 24083 26774 1 100
369 626 7117 9808 1 100
865 1122 17678 20369 1 100
2345 2602 8994 11685 1 100
1099 1356 25129 27820 1 100
2262 2519 9658 12349 1 100
1870 2127 13975 16666 1 100
1076 1333 10723 13414 1 100
1444 1701 8446 11137 1 100
2194 2451 16082 18773 1 100
1759 2016 11046 13737 1 100
1346 1603 8152 10843 1 100
1749 2006 6458 9149 1 100
678 935 7923 10614 1 100
1965 2222 6858 9549 1 100
1695 1952 20888 23579 1 100
352 609 8033 10724 1 100
748 1005 26426 29117 1 100
2091 2348 26479 29170 1 100
2152 2409 20431 23122 1 100
1439 1696 5211 7902 1 100
976 1233 20294 22985 1 100
2509 2766 23470 26161 1 100
2260 2517 16138 18829 1 100
1499 1756 7532 10223 1 100
563 820 10891 13582 1 100
757 1014 21451 24142 1 100
1334 1591 23323 26014 1 100
1636 1893 5593 8284 1 100
826 1083 27591 30282 1 100
2479 2736 15490 18181 1 100
2470 2727 5540 8231 1 100
547 804 12583 15274 1 100
2326 2583 9559 12250 1 100
2273 2530 5311 8002 1 100
2229 2486 4370 7061 1 100
2537 2794 22226 24917 1 100
2543 2800 14256 16947 1 100
1219 1476 16005 18696 1 100
329 586 15535 18226 1 100
1028 1285 24762 27453 1 100
2377 2634 4262 6953 1 100
1080 1337 3968 6659 1 100
2129 2386 12045 14736 1 100
1685 1942 19156 21847 1 100
1839 2096 8385 11076 1 100
1437 1694 24214 26905 1 100
640 897 20317 23008 1 100
1613 1870 6215 8906 1 100
1023 1280 15607 18298 1 100
1089 1346 20189 22880 1 100
1684 1941 8420 11111 1 100
543 800 4965 7656 1 100
2319 2576 24211 26902 1 100
801 1058 17041 19732 1 100
882 1139 6654 9345 1 100
1818 2075 24672 27363 1 100
1891 2148 25939 28630 1 100
616 873 23049 25740 1 100
1576 1833 24574 27265 1 100
620 877 13720 16411 1 100
550 807 14775 17466 1 100
2250 2507 7207 9898 1 100
2319 2576 12656 15347 1 100
558 815 25292 27983 1 100
1834 2091 11320 14011 1 100
1120 1377 10388 13079 1 100
1235 1492 23996 26687 1 100
1392 1649 4563 7254 1 100
2143 2400 22694 25385 1 100
2164 2421 24054 26745 1 100
2299 2556 23731 26422 1 100
2245 2502 26635 29326 1 100
966 1223 17114 19805 1 100
1856 2113 23755 26446 1 100
1563 1820 5589 8280 1 100
482 739 10746 13437 1 100
495 752 13333 16024 1 100
2021 2278 15780 18471 1 100
2556 2813 15924 18615 1 100
2559 2816 16400 19091 1 100
2503 2760 24476 27167 1 100
1115 1372 9132 11823 1 100
1304 1561 4288 6979 1 100
938 1195 10380 13071 1 100
661 918 21671 24362 1 100
2433 2690 18477 21168 1 100
1610 1867 22907 25598 1 100
795 1052 8773 11464 1 100
1625 1882 6672 9363 1 100
1519 1776 17809 20500 1 100
649 906 6102 8793 1 100
1703 1960 17173 19864 1 100
695 952 6833 9524 1 100
2236 2493 7572 10263 1 100
388 645 13772 16463 1 100
1287 1544 12148 14839 1 100
2560 2817 12907 15598 1 100
2591 2848 24645 27336 1 100
1310 1567 21347 24038 1 100
956 1213 4500 7191 1 100
717 974 9206 11897 1 100
1332 1589 26344 29035 1 100
2152 2409 26589 29280 1 100
864 1121 8234 10925 1 100
300 557 27968 30659 1 100
1491 1748 5846 8537 1 100
786 1043 16747 19438 1 100
811 1068 15654 18345 1 100
1003 1260 19944 22635 1 100
693 950 6660 9351 1 100
1928 2185 11170 13861 1 100
2559 2816 8065 10756 1 100
784 1041 26460 29151 1 100
1997 2254 25820 28511 1 100
2326 2583 5658 8349 1 100
467 724 4524 7215 1 100
427 684 11797 14488 1 100
892 1149 9124 11815 1 100
2205 2462 24485 27176 1 100
882 1139 9570 12261 1 100
541 798 5550 8241 1 100
296 553 24448 27139 1 100
1528 1785 24808 27499 1 100
1085 1342 6200 8891 1 100
555 812 27299 29990 1 100
323 580 16392 19083 1 100
2476 2733 18039 20730 1 100
1056 1313 22870 25561 1 100
1678 1935 19314 22005 1 100
1757 2014 6005 8696 1 100
1967 2224 15109 17800 1 100
2569 2826 26207 28898 1 100
2301 2558 24122 26813 1 100
935 1192 27439 30130 1 100
1178 1435 13014 15705 1 100
1097 1354 14760 17451 1 100
2467 2724 14574 17265 1 100
1323 1580 25408 28099 1 100
1217 1474 17233 19924 1 100
611 868 22057 24748 1 100
2464 2721 6615 9306 1 100
2533 2790 19101 21792 1 100
1653 1910 23230 25921 1 100
2286 2543 5253 7944 1 100
288 545 24936 27627 1 100
981 1238 5440 8131 1 100
353 610 6335 9026 1 100
611 868 4875 7566 1 100
2532 2789 4903 7594 1 100
1246 1503 16988 19679 1 100
2080 2337 5424 8115 1 100
1391 1648 22852 25543 1 100
2453 2710 8880 11571 1 100
2187 2444 19703 22394 1 100
1084 1341 17791 20482 1 100
1403 1660 6745 9436 1 100
2009 2266 18133 20824 1 100
2574 2831 9383 12074 1 100
1171 1428 28141 30832 1 100
639 896 21832 24523 1 100
673 930 14090 16781 1 100
1991 2248 6823 9514 1 100
1132 1389 21067 23758 1 100
1957 2214 11206 13897 1 100
549 806 26736 29427 1 100
1461 1718 6034 8725 1 100
1947 2204 20265 22956 1 100
821 1078 14305 16996 1 100
1968 2225 15069 17760 1 100
1715 1972 13758 16449 1 100
2207 2464 13692 16383 1 100
686 943 19413 22104 1 100
1140 1397 8497 11188 1 100
1524 1781 9288 11979 1 100
2206 2463 7404 10095 1 100
2487 2744 25816 28507 1 100
2501 2758 18716 21407 1 100
1742 1999 24643 27334 1 100
1166 1423 4660 7351 1 100
944 1201 26077 28768 1 100
548 805 22542 25233 1 100
746 1003 25704 28395 1 100
1218 1475 21321 24012 1 100
981 1238 6228 8919 1 100
977 1234 10117 12808 1 100
2201 2458 5350 8041 1 100
2216 2473 4460 7151 1 100
1046 1303 14134 16825 1 100
2549 2806 15707 18398 1 100
2069 2326 8096 10787 1 100
695 952 14866 17557 1 100
1279 1536 27329 30020 1 100
805 1062 26874 29565 1 100
2351 2608 9464 12155 1 100
365 622 23920 26611 1 100
2404 2661 23254 25945 1 100
2101 2358 5576 8267 1 100
2126 2383 25369 28060 1 100
1120 1377 25068 27759 1 100
2468 2725 23610 26301 1 100
2204 2461 15554 18245 1 100
1683 1940 17494 20185 1 100
1641 1898 15871 18562 1 100
1423 1680 17519 20210 1 100
821 1078 17197 19888 1 100
2590 2847 15013 17704 1 100
1694 1951 19850 22541 1 100
674 931 27792 30483 1 100
535 792 6190 8881 1 100
432 689 16182 18873 1 100
846 1103 10721 13412 1 100
971 1228 14496 17187 1 100
1948 2205 26318 29009 1 100
1788 2045 27741 30432 1 100
289 546 9385 12076 1 100
2007 2264 20847 23538 1 100
1134 1391 18235 20926 1 100
560 817 7101 9792 1 100
2381 2638 9716 12407 1 100
1051 1308 27832 30523 1 100
1876 2133 8735 11426 1 100
1120 1377 21124 23815 1 100
1156 1413 21287 23978 1 100
1591 1848 15057 17748 1 100
1661 1918 22272 24963 1 100
1310 1567 19736 22427 1 100
821 1078 8598 11289 1 100
975 1232 11438 14129 1 100
1780 2037 10197 12888 1 100
2239 2496 20578 23269 1 100
1545 1802 26631 29322 1 100
524 781 6669 9360 1 100
1581 1838 19513 22204 1 100
1417 1674 18720 21411 1 100
1784 2041 21113 23804 1 100
1251 1508 16466 19157 1 100
2071 2328 25496 28187 1 100
877 1134 22405 25096 1 100
1007 1264 22605 25296 1 100
1321 1578 12185 14876 1 100
453 710 4800 7491 1 100
696 953 15795 18486 1 100
1313 1570 26476 29167 1 100
444 701 8638 11329 1 100
836 1093 26736 29427 1 100
1564 1821 16579 19270 1 100
574 831 10389 13080 1 100
1023 1280 13757 16448 1 100
1890 2147 21565 24256 1 100
2520 2777 19455 22146 1 100
869 1126 15128 17819 1 100
1420 1677 10450 13141 1 100
667 924 11434 14125 1 100
2130 2387 25331 28022 1 100
727 984 6416 9107 1 100
303 560 16841 19532 1 100
2483 2740 5536 8227 1 100
731 988 9161 11852 1 100
1388 1645 22016 24707 1 100
1415 1672 6609 9300 1 100
2136 2393 9164 11855 1 100
567 824 17643 20334 1 100
1028 1285 8583 11274 1 100
1267 1524 9779 12470 1 100
2307 2564 24200 26891 1 100
678 935 8926 11617 1 100
2083 2340 25479 28170 1 100
2079 2336 17876 20567 1 100
357 614 12554 15245 1 100
386 643 8877 11568 1 100
1745 2002 18647 21338 1 100
541 798 14733 17424 1 100
2282 2539 22325 25016 1 100
2109 2366 18343 21034 1 100
724 981 28065 30756 1 100
1856 2113 6793 9484 1 100
2464 2721 8464 11155 1 100
1972 2229 17106 19797 1 100
415 672 16160 18851 1 100
2372 2629 7519 10210 1 100
1552 1809 16443 19134 1 100
1860 2117 19436 22127 1 100
1550 1807 20368 23059 1 100
2347 2604 16760 19451 1 100
1793 2050 18443 21134 1 100
1268 1525 14039 16730 1 100
1701 1958 15326 18017 1 100
1411 1668 21596 24287 1 100
1798 2055 16638 19329 1 100
1299 1556 18091 20782 1 100
1130 1387 27040 29731 1 100
1784 2041 19856 22547 1 100
1979 2236 9645 12336 1 100
733 990 12875 15566 1 100
1520 1777 24170 26861 1 100
1518 1775 4089 6780 1 100
2557 2814 19563 22254 1 100
353 610 20460 23151 1 100
963 1220 21161 23852 1 100
1975 2232 12601 15292 1 100
1835 2092 25004 27695 1 100
2256 2513 12793 15484 1 100
1013 1270 17560 20251 1 100
1605 1862 12256 14947 1 100
1273 1530 12253 14944 1 100
1294 1551 16825 19516 1 100
2460 2717 15555 18246 1 100
1960 2217 10896 13587 1 100
919 1176 9742 12433 1 100
479 736 11329 14020 1 100
1759 2016 26890 29581 1 100
1473 1730 14273 16964 1 100
1336 1593 23491 26182 1 100
2068 2325 26132 28823 1 100
928 1185 8052 10743 1 100
1457 1714 22180 24871 1 100
931 1188 25698 28389 1 100
825 1082 9485 12176 1 100
1905 2162 7287 9978 1 100
716 973 15380 18071 1 100
1295 1552 14236 16927 1 100
1984 2241 20980 23671 1 100
1490 1747 4985 7676 1 100
1839 2096 13491 16182 1 100
282 539 15971 18662 1 100
811 1068 10786 13477 1 100
2592 2849 26609 29300 1 100
883 1140 4838 7529 1 100
2388 2645 20116 22807 1 100
313 570 8453 11144 1 100
