928 1185 20495 23186 13 13
2212 2469 24447 27138 77 77
1804 2061 19939 22630 78 78
2002 2259 23012 25703 94 94
1435 1692 20509 23200 96 96
2298 2555 10645 13336 75 75
429 686 11891 14582 92 92
1865 2122 18354 21045 26 26
337 594 15291 17982 41 41
2216 2473 19070 21761 99 99
704 961 8481 11172 94 94
793 1050 24184 26875 96 96
521 778 27408 30099 18 18
566 823 19013 21704 26 26
1268 1525 12339 15030 6 6
682 939 25701 28392 77 77
1775 2032 13445 16136 40 40
1648 1905 19757 22448 65 65
1715 1972 26862 29553 68 68
730 987 10137 12828 33 33
432 689 17204 19895 21 21
2063 2320 18724 21415 33 33
1045 1302 18164 20855 45 45
1568 1825 22949 25640 38 38
2319 2576 9713 12404 8 8
589 846 20234 22925 87 87
2189 2446 15296 17987 11 11
2073 2330 19023 21714 8 8
2469 2726 9926 12617 65 65
2500 2757 9375 12066 66 66
763 1020 8639 11330 49 49
2095 2352 24277 26968 24 24
2361 2618 26529 29220 65 65
1764 2021 9000 11691 53 53
2466 2723 11343 14034 80 80
988 1245 27731 30422 41 41
784 1041 12779 15470 12 12
566 823 24715 27406 80 80
1039 1296 24039 26730 72 72
383 640 25755 28446 26 26
1969 2226 15301 17992 41 41
1149 1406 21447 24138 9 9
750 1007 17820 20511 27 27
1012 1269 26067 28758 11 11
1781 2038 10996 13687 86 86
1288 1545 27635 30326 58 58
375 632 25078 27769 1 1
2411 2668 11012 13703 51 51
1375 1632 23658 26349 74 74
1019 1276 11449 14140 39 39
1351 1608 4809 7500 78 78
2523 2780 17009 19700 7 7
1685 1942 10742 13433 61 61
1037 1294 22638 25329 84 84
2307 2564 23262 25953 9 9
2461 2718 16570 19261 45 45
1367 1624 20684 23375 76 76
933 1190 19094 21785 13 13
2512 2769 26888 29579 61 61
1343 1600 27658 30349 85 85
1522 1779 23196 25887 49 49
775 1032 16382 19073 1 1
916 1173 5158 7849 61 61
1271 1528 12119 14810 95 95
566 823 14457 17148 58 58
1426 1683 23230 25921 24 24
1803 2060 8312 11003 34 34
1760 2017 6421 9112 2 2
2021 2278 8640 11331 3 3
590 847 14498 17189 9 9
1761 2018 16119 18810 43 43
2591 2848 26693 29384 46 46
1631 1888 11636 14327 22 22
1226 1483 10882 13573 96 96
1229 1486 22339 25030 82 82
1263 1520 27021 29712 62 62
1896 2153 22579 25270 93 93
906 1163 7758 10449 73 73
1859 2116 12035 14726 52 52
1657 1914 27260 29951 2 2
2035 2292 14325 17016 62 62
311 568 20727 23418 8 8
2478 2735 9269 11960 47 47
676 933 10982 13673 38 38
295 552 18522 21213 64 64
604 861 25168 27859 37 37
1028 1285 19331 22022 96 96
2213 2470 15936 18627 21 21
2497 2754 7742 10433 19 19
2233 2490 15879 18570 51 51
1605 1862 13797 16488 6 6
1852 2109 22583 25274 25 25
714 971 24988 27679 9 9
701 958 25884 28575 21 21
487 744 7406 10097 51 51
358 615 26701 29392 59 59
1459 1716 6168 8859 64 64
2117 2374 21032 23723 2 2
1934 2191 25332 28023 66 66
2211 2468 23773 26464 64 64
941 1198 23269 25960 99 99
1482 1739 13604 16295 14 14
1510 1767 15713 18404 52 52
2377 2634 13073 15764 37 37
1831 2088 8984 11675 61 61
1260 1517 25497 28188 7 7
1207 1464 11204 13895 35 35
531 788 5324 8015 39 39
736 993 13505 16196 91 91
2520 2777 19623 22314 41 41
2189 2446 20955 23646 89 89
1496 1753 26068 28759 1 1
471 728 23882 26573 79 79
432 689 23378 26069 72 72
1774 2031 27956 30647 17 17
2195 2452 26155 28846 76 76
2018 2275 14986 17677 84 84
1110 1367 8020 10711 38 38
1404 1661 15435 18126 51 51
2359 2616 18638 21329 46 46
1296 1553 24102 26793 69 69
1855 2112 21113 23804 28 28
535 792 26496 29187 43 43
1522 1779 9207 11898 24 24
2480 2737 15421 18112 86 86
2178 2435 24383 27074 81 81
2571 2828 8589 11280 68 68
1641 1898 15070 17761 13 13
2104 2361 14301 16992 10 10
1537 1794 25855 28546 32 32
874 1131 21122 23813 34 34
2212 2469 17612 20303 21 21
2119 2376 24995 27686 1 1
1825 2082 27176 29867 27 27
670 927 9071 11762 31 31
2520 2777 22353 25044 77 77
1406 1663 19559 22250 67 67
2008 2265 26712 29403 37 37
2258 2515 20975 23666 23 23
297 554 11920 14611 16 16
2555 2812 13409 16100 56 56
1676 1933 20064 22755 31 31
1192 1449 24322 27013 40 40
853 1110 23730 26421 62 62
371 628 13507 16198 68 68
1238 1495 14026 16717 76 76
298 555 21460 24151 60 60
2044 2301 24459 27150 3 3
1794 2051 23460 26151 41 41
670 927 5740 8431 23 23
2186 2443 6578 9269 93 93
1290 1547 25566 28257 25 25
992 1249 5385 8076 40 40
1545 1802 13398 16089 83 83
1876 2133 8252 10943 76 76
988 1245 22009 24700 5 5
1217 1474 4271 6962 47 47
2539 2796 6314 9005 71 71
1242 1499 11403 14094 90 90
1026 1283 7504 10195 13 13
830 1087 16538 19229 69 69
1249 1506 5419 8110 92 92
1458 1715 13874 16565 1 1
978 1235 9043 11734 96 96
473 730 15990 18681 3 3
773 1030 13805 16496 52 52
1361 1618 19082 21773 19 19
1485 1742 21396 24087 67 67
1554 1811 21126 23817 36 36
2108 2365 5615 8306 41 41
407 664 7072 9763 4 4
1042 1299 12573 15264 75 75
336 593 8550 11241 83 83
1957 2214 19039 21730 69 69
1404 1661 9915 12606 92 92
645 902 18624 21315 20 20
2512 2769 27384 30075 25 25
515 772 5272 7963 69 69
1049 1306 19437 22128 52 52
2432 2689 18556 21247 13 13
421 678 25011 27702 73 73
1112 1369 15396 18087 28 28
884 1141 13168 15859 94 94
448 705 16128 18819 17 17
627 884 13163 15854 76 76
2138 2395 27343 30034 46 46
1496 1753 5894 8585 33 33
1952 2209 18176 20867 77 77
2570 2827 19945 22636 54 54
1995 2252 16844 19535 49 49
972 1229 12444 15135 80 80
1927 2184 19348 22039 11 11
755 1012 12991 15682 33 33
951 1208 25714 28405 48 48
454 711 16001 18692 50 50
1774 2031 20130 22821 43 43
331 588 21925 24616 78 78
1837 2094 10485 13176 68 68
2425 2682 27494 30185 82 82
1491 1748 17473 20164 52 52
2298 2555 4500 7191 20 20
342 599 14114 16805 85 85
575 832 8329 11020 24 24
1177 1434 12335 15026 20 20
628 885 18836 21527 39 39
491 748 5942 8633 73 73
2567 2824 14388 17079 40 40
2139 2396 13705 16396 62 62
1316 1573 7053 9744 9 9
1307 1564 8111 10802 30 30
627 884 9100 11791 36 36
1733 1990 25625 28316 1 1
824 1081 20699 23390 49 49
380 637 5379 8070 77 77
567 824 10610 13301 1 1
1292 1549 23221 25912 95 95
1656 1913 16347 19038 6 6
999 1256 16173 18864 64 64
2428 2685 9068 11759 46 46
1285 1542 11042 13733 1 1
1159 1416 12605 15296 81 81
427 684 20441 23132 65 65
735 992 25741 28432 58 58
2116 2373 9688 12379 94 94
1050 1307 21934 24625 22 22
1461 1718 22449 25140 86 86
2527 2784 5028 7719 31 31
1542 1799 8239 10930 33 33
1940 2197 16230 18921 58 58
1671 1928 24690 27381 90 90
1507 1764 22933 25624 76 76
708 965 9699 12390 37 37
1211 1468 21217 23908 54 54
995 1252 9785 12476 51 51
516 773 8026 10717 49 49
1996 2253 8442 11133 86 86
1454 1711 9392 12083 33 33
2172 2429 21329 24020 29 29
1377 1634 27976 30667 34 34
544 801 10051 12742 58 58
2134 2391 16529 19220 30 30
2302 2559 4128 6819 80 80
2060 2317 18762 21453 10 10
1953 2210 25101 27792 67 67
1638 1895 24588 27279 27 27
1843 2100 22075 24766 88 88
381 638 14448 17139 47 47
945 1202 14119 16810 8 8
1937 2194 5456 8147 36 36
873 1130 15991 18682 74 74
2068 2325 4384 7075 22 22
2209 2466 5353 8044 57 57
1002 1259 5708 8399 49 49
1218 1475 27256 29947 50 50
1936 2193 27302 29993 56 56
1609 1866 20196 22887 88 88
977 1234 26276 28967 31 31
2286 2543 18765 21456 13 13
1286 1543 24365 27056 65 65
1951 2208 10573 13264 45 45
600 857 15072 17763 42 42
775 1032 12060 14751 30 30
2463 2720 5478 8169 45 45
1522 1779 10783 13474 37 37
984 1241 11427 14118 59 59
2078 2335 7851 10542 57 57
453 710 6388 9079 15 15
592 849 10669 13360 65 65
2072 2329 12042 14733 35 35
1797 2054 8500 11191 54 54
1466 1723 7983 10674 82 82
616 873 21261 23952 43 43
828 1085 24303 26994 20 20
1126 1383 5889 8580 16 16
865 1122 9584 12275 1 1
963 1220 5769 8460 94 94
666 923 14409 17100 86 86
1950 2207 21793 24484 21 21
1289 1546 10232 12923 6 6
1774 2031 27873 30564 78 78
2121 2378 15922 18613 9 9
922 1179 19630 22321 16 16
545 802 16189 18880 56 56
1270 1527 5550 8241 78 78
1720 1977 11034 13725 32 32
794 1051 7560 10251 69 69
2577 2834 7741 10432 77 77
2252 2509 11519 14210 86 86
1826 2083 5851 8542 9 9
428 685 12992 15683 8 8
1603 1860 11708 14399 26 26
598 855 14962 17653 6 6
664 921 27230 29921 78 78
787 1044 27655 30346 81 81
771 1028 21263 23954 57 57
881 1138 11896 14587 60 60
2033 2290 8944 11635 43 43
2083 2340 9388 12079 21 21
904 1161 21785 24476 59 59
726 983 26372 29063 88 88
310 567 7138 9829 62 62
2277 2534 12932 15623 63 63
456 713 10807 13498 34 34
1461 1718 21133 23824 90 90
1505 1762 19816 22507 49 49
733 990 10680 13371 8 8
1703 1960 19784 22475 60 60
2483 2740 9154 11845 89 89
1547 1804 20873 23564 16 16
783 1040 10966 13657 46 46
364 621 25771 28462 56 56
2130 2387 4604 7295 52 52
2532 2789 7959 10650 49 49
952 1209 25691 28382 2 2
1137 1394 7319 10010 91 91
1330 1587 12040 14731 44 44
609 866 13782 16473 28 28
2265 2522 20000 22691 21 21
1762 2019 8582 11273 6 6
2521 2778 5668 8359 92 92
2374 2631 18491 21182 82 82
2203 2460 6376 9067 7 7
448 705 25151 27842 66 66
806 1063 27263 29954 37 37
2347 2604 8559 11250 3 3
488 745 10593 13284 17 17
463 720 15277 17968 40 40
386 643 25797 28488 15 15
625 882 23382 26073 57 57
923 1180 25882 28573 26 26
2164 2421 27864 30555 7 7
1621 1878 10130 12821 63 63
852 1109 26477 29168 56 56
470 727 11107 13798 16 16
337 594 27841 30532 34 34
2556 2813 16240 18931 56 56
2068 2325 10922 13613 89 89
295 552 20440 23131 93 93
1315 1572 7036 9727 55 55
1762 2019 8226 10917 90 90
1698 1955 4993 7684 44 44
1206 1463 22822 25513 74 74
1695 1952 10285 12976 27 27
1225 1482 19854 22545 53 53
1903 2160 24838 27529 54 54
1830 2087 26797 29488 20 20
2054 2311 9612 12303 90 90
589 846 7354 10045 95 95
853 1110 11864 14555 53 53
2013 2270 22317 25008 67 67
1676 1933 18046 20737 30 30
1056 1313 9959 12650 20 20
2075 2332 26546 29237 46 46
2144 2401 14526 17217 68 68
1790 2047 21453 24144 27 27
761 1018 27726 30417 22 22
2022 2279 12131 14822 67 67
2119 2376 8411 11102 5 5
2036 2293 16028 18719 46 46
799 1056 26556 29247 44 44
2246 2503 17143 19834 28 28
431 688 6246 8937 95 95
1767 2024 24284 26975 16 16
2193 2450 19303 21994 40 40
578 835 22700 25391 82 82
2491 2748 6285 8976 75 75
503 760 6586 9277 74 74
2028 2285 6368 9059 70 70
1012 1269 20312 23003 51 51
2242 2499 27294 29985 72 72
2127 2384 27959 30650 22 22
2083 2340 25189 27880 43 43
2595 2852 11823 14514 8 8
887 1144 16611 19302 42 42
2534 2791 7025 9716 96 96
891 1148 26367 29058 24 24
2139 2396 23005 25696 43 43
1543 1800 26840 29531 42 42
848 1105 15244 17935 15 15
1066 1323 20369 23060 14 14
733 990 10327 13018 8 8
1244 1501 21629 24320 20 20
1058 1315 11852 14543 73 73
1089 1346 26006 28697 12 12
445 702 26235 28926 1 1
1074 1331 5833 8524 68 68
2577 2834 12815 15506 33 33
627 884 27505 30196 63 63
375 632 7757 10448 62 62
1700 1957 10462 13153 71 71
2365 2622 9795 12486 40 40
1578 1835 18962 21653 89 89
2245 2502 14228 16919 15 15
341 598 12292 14983 33 33
974 1231 6124 8815 77 77
804 1061 10841 13532 32 32
607 864 4569 7260 67 67
2041 2298 12360 15051 60 60
2220 2477 10598 13289 75 75
1436 1693 17486 20177 63 63
1650 1907 26686 29377 96 96
1953 2210 13775 16466 94 94
951 1208 24231 26922 96 96
957 1214 15672 18363 12 12
703 960 23173 25864 79 79
2000 2257 25600 28291 93 93
2264 2521 17515 20206 79 79
1475 1732 17987 20678 76 76
2333 2590 25698 28389 26 26
773 1030 22261 24952 43 43
2213 2470 27758 30449 37 37
2032 2289 20711 23402 17 17
755 1012 18813 21504 1 1
1915 2172 5757 8448 60 60
809 1066 26015 28706 4 4
2232 2489 4991 7682 35 35
1905 2162 13606 16297 19 19
2565 2822 14116 16807 85 85
1362 1619 5869 8560 4 4
707 964 11437 14128 27 27
1578 1835 16773 19464 33 33
1429 1686 24089 26780 54 54
675 932 26011 28702 82 82
1722 1979 4962 7653 28 28
1434 1691 17746 20437 27 27
504 761 18105 20796 51 51
1332 1589 9297 11988 33 33
1927 2184 14358 17049 35 35
1295 1552 19311 22002 20 20
933 1190 27173 29864 60 60
1998 2255 4871 7562 16 16
786 1043 19955 22646 86 86
1286 1543 9593 12284 62 62
972 1229 21955 24646 40 40
960 1217 14856 17547 26 26
1233 1490 9360 12051 3 3
1634 1891 27131 29822 57 57
950 1207 7253 9944 71 71
376 633 10403 13094 19 19
1523 1780 11720 14411 26 26
2129 2386 27705 30396 33 33
2250 2507 7686 10377 76 76
880 1137 15063 17754 73 73
2247 2504 18090 20781 21 21
1477 1734 14941 17632 76 76
974 1231 27698 30389 46 46
2249 2506 8967 11658 62 62
419 676 16869 19560 40 40
1519 1776 9488 12179 65 65
2440 2697 12982 15673 39 39
412 669 8807 11498 91 91
1363 1620 11624 14315 49 49
1371 1628 13715 16406 67 67
829 1086 12934 15625 24 24
739 996 6658 9349 47 47
2254 2511 12348 15039 62 62
527 784 16300 18991 18 18
799 1056 22054 24745 45 45
2402 2659 17633 20324 78 78
1718 1975 14764 17455 38 38
1714 1971 14287 16978 82 82
1353 1610 11666 14357 28 28
1578 1835 22920 25611 56 56
2516 2773 7084 9775 32 32
664 921 26978 29669 92 92
2331 2588 19027 21718 60 60
2401 2658 16529 19220 39 39
908 1165 12984 15675 81 81
1276 1533 11709 14400 61 61
2282 2539 20998 23689 92 92
975 1232 22588 25279 1 1
1080 1337 14200 16891 15 15
1810 2067 21985 24676 12 12
1448 1705 10448 13139 62 62
1082 1339 14320 17011 82 82
471 728 18558 21249 50 50
1745 2002 26351 29042 11 11
2240 2497 13034 15725 23 23
1655 1912 19413 22104 26 26
2108 2365 19522 22213 84 84
2123 2380 26056 28747 34 34
1830 2087 17839 20530 66 66
2312 2569 23136 25827 30 30
1903 2160 5104 7795 89 89
711 968 19365 22056 67 67
1510 1767 20195 22886 10 10
2081 2338 12359 15050 79 79
1351 1608 8222 10913 87 87
2594 2851 25905 28596 83 83
544 801 4608 7299 42 42
829 1086 27834 30525 3 3
691 948 9039 11730 43 43
322 579 26802 29493 92 92
1459 1716 25612 28303 4 4
1706 1963 8618 11309 9 9
566 823 23087 25778 97 97
2406 2663 9616 12307 30 30
1957 2214 5022 7713 44 44
2164 2421 16532 19223 18 18
1265 1522 25871 28562 12 12
