1694 1951 23796 26487 46.8666 56.7666
664 921 24140 26831 82.139 92.039
953 1210 13220 15911 16.5892 26.4892
2283 2540 5997 8688 78.326 88.226
690 947 22873 25564 73.2652 83.1652
1095 1352 12246 14937 43.8573 53.7573
2415 2672 11901 14592 5.14742 15.0474
439 696 23960 26651 30.7864 40.6864
946 1203 11843 14534 76.8828 86.7828
1823 2080 11798 14489 73.618 83.518
1163 1420 7979 10670 20.6624 30.5624
1928 2185 4555 7246 5.2533 15.1533
1060 1317 12227 14918 61.1015 71.0015
973 1230 25745 28436 66.2491 76.1491
2041 2298 23002 25693 65.7738 75.6738
2245 2502 16017 18708 1.87472 11.7747
1612 1869 17843 20534 37.8768 47.7768
794 1051 6349 9040 21.5592 31.4592
730 987 26146 28837 54.4318 64.3318
1022 1279 27692 30383 80.9891 90.8891
371 628 11891 14582 83.9509 93.851
882 1139 9558 12249 54.1494 64.0494
1623 1880 22609 25300 63.2099 73.1099
1077 1334 19030 21721 57.2401 67.1401
1973 2230 10498 13189 40.057 49.957
1439 1696 7499 10190 61.7796 71.6796
545 802 24242 26933 10.9028 20.8028
2045 2302 21671 24362 45.2157 55.1157
2295 2552 7644 10335 38.8224 48.7224
1156 1413 18213 20904 62.8093 72.7093
1621 1878 15323 18014 22.8876 32.7876
2347 2604 17013 19704 55.0238 64.9238
2280 2537 15615 18306 66.5015 76.4015
334 591 24063 26754 78.2542 88.1542
2146 2403 14723 17414 78.508 88.408
2173 2430 8357 11048 49.428 59.328
1231 1488 13278 15969 39.2161 49.1161
1452 1709 9578 12269 52.0196 61.9196
2556 2813 20932 23623 32.8693 42.7693
2452 2709 25552 28243 61.9925 71.8925
1245 1502 7076 9767 33.8072 43.7072
814 1071 17998 20689 58.076 67.976
930 1187 8666 11357 67.3297 77.2297
1932 2189 11595 14286 19.5367 29.4367
2198 2455 22548 25239 82.0793 91.9793
291 548 12144 14835 44.7424 54.6424
932 1189 16690 19381 5.18969 15.0897
820 1077 22222 24913 89.3979 99.2979
1904 2161 8753 11444 56.9706 66.8706
2317 2574 22720 25411 49.4396 59.3396
484 741 13384 16075 57.6942 67.5942
2563 2820 14749 17440 86.274 96.174
1213 1470 6390 9081 9.12856 19.0286
646 903 5158 7849 63.3232 73.2232
664 921 24323 27014 46.4869 56.3869
1197 1454 22001 24692 2.02108 11.9211
1969 2226 24156 26847 73.1165 83.0165
928 1185 25047 27738 14.4092 24.3092
1275 1532 18186 20877 39.6261 49.5261
391 648 7282 9973 14.7341 24.6341
1468 1725 27189 29880 3.88678 13.7868
334 591 16623 19314 30.9718 40.8718
1372 1629 11063 13754 67.6019 77.5019
1949 2206 22189 24880 3.07866 12.9787
1678 1935 19856 22547 8.10067 18.0007
548 805 14852 17543 66.7315 76.6315
1008 1265 9777 12468 62.2326 72.1326
695 952 12148 14839 32.8199 42.7199
1337 1594 27610 30301 29.513 39.413
1457 1714 24712 27403 3.77015 13.6701
471 728 21423 24114 16.5837 26.4837
1219 1476 20885 23576 12.661 22.561
1477 1734 12936 15627 52.4223 62.3223
1894 2151 22885 25576 25.9974 35.8974
2247 2504 11766 14457 41.023 50.923
1255 1512 20594 23285 10.0674 19.9674
1246 1503 9129 11820 64.9728 74.8728
553 810 12527 15218 36.0736 45.9736
2033 2290 24851 27542 13.7675 23.6675
1795 2052 26695 29386 60.714 70.614
2317 2574 12622 15313 49.1527 59.0527
2480 2737 14480 17171 39.1222 49.0222
816 1073 18860 21551 26.7966 36.6966
2009 2266 3993 6684 21.3044 31.2044
1791 2048 15903 18594 89.3133 99.2133
2423 2680 26530 29221 12.3546 22.2546
2504 2761 27891 30582 59.7494 69.6494
1847 2104 15983 18674 45.0031 54.9031
2095 2352 8271 10962 61.9359 71.8359
2367 2624 19006 21697 64.4184 74.3184
457 714 27310 30001 71.5291 81.4291
863 1120 6165 8856 86.1548 96.0548
1763 2020 13061 15752 53.5118 63.4118
1492 1749 6677 9368 41.2021 51.1021
1280 1537 27667 30358 50.3041 60.2041
1087 1344 19281 21972 9.50763 19.4076
2177 2434 11188 13879 73.6441 83.5441
1085 1342 11054 13745 37.646 47.546
2417 2674 25269 27960 21.4333 31.3333
281 538 27235 29926 64.2078 74.1078
2361 2618 11683 14374 83.9843 93.8843
2341 2598 20325 23016 88.6574 98.5574
2153 2410 18015 20706 8.47707 18.3771
1119 1376 13755 16446 78.41 88.31
411 668 26494 29185 47.4648 57.3648
1555 1812 13792 16483 55.4532 65.3532
895 1152 18356 21047 20.3427 30.2427
830 1087 19332 22023 12.4506 22.3506
1194 1451 25312 28003 65.8503 75.7503
2303 2560 6940 9631 23.7983 33.6983
2034 2291 13024 15715 32.7641 42.6641
1985 2242 24380 27071 58.4892 68.3892
602 859 27329 30020 51.9958 61.8958
1733 1990 10747 13438 33.7362 43.6362
2474 2731 19493 22184 33.7036 43.6036
1579 1836 18911 21602 46.7669 56.6669
751 1008 27949 30640 88.6253 98.5253
1773 2030 22115 24806 44.1726 54.0726
2018 2275 11632 14323 50.8564 60.7564
2421 2678 23238 25929 76.168 86.068
876 1133 23556 26247 14.0147 23.9147
1312 1569 11736 14427 21.6813 31.5813
1995 2252 12409 15100 13.8113 23.7113
2090 2347 12301 14992 39.5723 49.4723
1929 2186 10506 13197 50.0663 59.9663
2511 2768 8356 11047 9.84178 19.7418
450 707 19375 22066 27.1953 37.0953
1394 1651 26591 29282 75.9821 85.8821
1955 2212 11076 13767 23.3371 33.2371
1953 2210 18388 21079 65.549 75.449
508 765 23379 26070 6.21462 16.1146
2456 2713 9575 12266 18.4182 28.3182
2030 2287 12117 14808 15.9617 25.8617
1542 1799 22686 25377 10.6665 20.5665
1390 1647 26878 29569 79.9427 89.8427
1704 1961 17556 20247 87.7106 97.6106
1003 1260 10049 12740 4.66785 14.5679
2216 2473 13306 15997 32.7017 42.6017
381 638 22148 24839 5.06274 14.9627
1483 1740 5856 8547 75.7012 85.6012
2473 2730 17707 20398 5.45999 15.36
1908 2165 14694 17385 3.30308 13.2031
1932 2189 19088 21779 47.3086 57.2086
2426 2683 4009 6700 10.2724 20.1724
2526 2783 22895 25586 18.3751 28.2751
1229 1486 16806 19497 15.2204 25.1204
1710 1967 26768 29459 50.9195 60.8195
2122 2379 24699 27390 34.8978 44.7978
1643 1900 4555 7246 19.0169 28.9169
1128 1385 24306 26997 48.7886 58.6886
403 660 26934 29625 29.87 39.77
1938 2195 9662 12353 64.3756 74.2756
1693 1950 26913 29604 80.5423 90.4423
1382 1639 14491 17182 10.7704 20.6704
2374 2631 27384 30075 62.1434 72.0434
1245 1502 23717 26408 29.4608 39.3608
2541 2798 7910 10601 8.31991 18.2199
1359 1616 17803 20494 22.9162 32.8162
1568 1825 25781 28472 74.165 84.065
1206 1463 16585 19276 81.2702 91.1702
2385 2642 25243 27934 28.3696 38.2696
2576 2833 24576 27267 15.1223 25.0223
1638 1895 20224 22915 58.9465 68.8465
1322 1579 16721 19412 89.0484 98.9484
2448 2705 10418 13109 25.9945 35.8945
1494 1751 24258 26949 47.5163 57.4163
1759 2016 21590 24281 53.4355 63.3355
2090 2347 6704 9395 61.4532 71.3532
1226 1483 13195 15886 8.8269 18.7269
1582 1839 9004 11695 84.1636 94.0636
2045 2302 22100 24791 1.42013 11.3201
1611 1868 14159 16850 36.7009 46.6009
2349 2606 20164 22855 18.4535 28.3535
397 654 4997 7688 86.431 96.331
1097 1354 17180 19871 71.7057 81.6057
1622 1879 25401 28092 85.0972 94.9972
2042 2299 18308 20999 60.4148 70.3148
1468 1725 16909 19600 47.578 57.478
2183 2440 14098 16789 80.4844 90.3844
477 734 14143 16834 11.9845 21.8845
1388 1645 11367 14058 59.3778 69.2778
2284 2541 25122 27813 86.3678 96.2678
2504 2761 14510 17201 63.8855 73.7855
1146 1403 24910 27601 74.8177 84.7177
305 562 16606 19297 41.8347 51.7347
640 897 11223 13914 24.0801 33.9801
2233 2490 4320 7011 60.7034 70.6034
838 1095 24096 26787 65.5801 75.4801
1283 1540 9922 12613 63.9708 73.8708
665 922 6046 8737 41.9405 51.8405
1783 2040 25118 27809 82.104 92.004
1671 1928 15773 18464 35.6307 45.5307
746 1003 19228 21919 14.4318 24.3318
2243 2500 5149 7840 67.7651 77.6651
1691 1948 8722 11413 20.7233 30.6233
1696 1953 12205 14896 86.1898 96.0898
715 972 8049 10740 33.6921 43.5921
1664 1921 15734 18425 11.11 21.01
283 540 11981 14672 83.2412 93.1412
1709 1966 4225 6916 78.7126 88.6126
2172 2429 19935 22626 78.3433 88.2433
1120 1377 6429 9120 2.1425 12.0425
2198 2455 20555 23246 65.011 74.911
2404 2661 26445 29136 20.4468 30.3468
1852 2109 25163 27854 44.9808 54.8808
920 1177 26306 28997 35.4633 45.3633
948 1205 6541 9232 81.3359 91.2359
941 1198 21392 24083 58.469 68.369
1648 1905 14810 17501 19.7849 29.6849
778 1035 17534 20225 53.4571 63.3571
1839 2096 15550 18241 78.0254 87.9254
2188 2445 16289 18980 70.4568 80.3568
2506 2763 14890 17581 20.3301 30.2301
826 1083 21929 24620 3.56409 13.4641
329 586 8109 10800 88.632 98.532
2474 2731 12148 14839 51.0687 60.9687
674 931 13463 16154 6.39852 16.2985
1512 1769 14263 16954 15.325 25.225
473 730 10486 13177 57.6725 67.5725
437 694 4471 7162 13.8676 23.7676
1786 2043 22554 25245 27.984 37.884
1392 1649 11421 14112 83.3369 93.2369
645 902 7134 9825 46.0458 55.9458
1885 2142 23164 25855 21.987 31.887
2004 2261 12276 14967 75.5811 85.4811
536 793 27705 30396 57.0401 66.9401
331 588 5050 7741 51.5541 61.4541
1824 2081 17449 20140 88.4706 98.3706
2206 2463 5854 8545 7.38841 17.2884
2475 2732 24934 27625 66.4044 76.3044
2183 2440 26531 29222 83.6198 93.5198
467 724 22999 25690 43.9338 53.8338
480 737 18655 21346 46.2776 56.1776
1385 1642 5895 8586 66.5622 76.4622
1113 1370 25983 28674 35.1345 45.0345
354 611 5074 7765 10.0084 19.9084
2505 2762 13988 16679 15.9586 25.8586
403 660 27459 30150 59.2541 69.1541
1218 1475 14496 17187 9.4752 19.3752
2125 2382 10198 12889 73.2956 83.1956
864 1121 24516 27207 40.2167 50.1167
430 687 24266 26957 81.7085 91.6085
1294 1551 19978 22669 84.6834 94.5834
2045 2302 18958 21649 73.8158 83.7158
1794 2051 18626 21317 63.7032 73.6032
2023 2280 17684 20375 45.1888 55.0888
295 552 27992 30683 72.6856 82.5856
1195 1452 5158 7849 71.1811 81.0811
1321 1578 9784 12475 55.0003 64.9003
2302 2559 22372 25063 80.8156 90.7156
2418 2675 17411 20102 76.7391 86.6391
1854 2111 11696 14387 71.7549 81.6549
2163 2420 16361 19052 62.4443 72.3443
951 1208 4909 7600 4.75317 14.6532
1700 1957 18970 21661 15.113 25.013
1501 1758 20261 22952 78.0048 87.9048
2485 2742 4679 7370 76.6131 86.5131
1946 2203 23613 26304 57.1477 67.0477
1427 1684 14257 16948 27.6679 37.5679
537 794 4578 7269 79.3178 89.2178
1030 1287 13751 16442 14.5462 24.4462
2493 2750 15925 18616 5.07279 14.9728
2355 2612 4115 6806 9.07594 18.9759
1256 1513 15441 18132 72.8332 82.7332
1736 1993 27641 30332 82.7069 92.6069
436 693 16137 18828 83.5204 93.4204
1181 1438 26870 29561 79.9376 89.8376
2003 2260 21443 24134 5.50597 15.406
2145 2402 23382 26073 5.23532 15.1353
2543 2800 15374 18065 5.18968 15.0897
851 1108 5508 8199 75.3202 85.2202
962 1219 10716 13407 84.3324 94.2324
1591 1848 4706 7397 16.1459 26.0459
553 810 25921 28612 56.5774 66.4774
1930 2187 13064 15755 7.79833 17.6983
2163 2420 6876 9567 25.9562 35.8562
1117 1374 21104 23795 60.7954 70.6954
2560 2817 27711 30402 18.8349 28.7349
458 715 27919 30610 51.6669 61.5669
922 1179 27577 30268 43.7805 53.6805
2337 2594 17251 19942 73.9914 83.8914
773 1030 10417 13108 36.4943 46.3943
1555 1812 14835 17526 10.7329 20.6329
1933 2190 15059 17750 53.8072 63.7072
2138 2395 12065 14756 84.7147 94.6147
1712 1969 20887 23578 33.8128 43.7128
557 814 5755 8446 71.5508 81.4508
1317 1574 15863 18554 89.9973 99.8973
586 843 22440 25131 70.2333 80.1333
1385 1642 9761 12452 30.2379 40.1379
2096 2353 26917 29608 59.0179 68.9179
2148 2405 11054 13745 84.3637 94.2637
1877 2134 18960 21651 13.5594 23.4594
1041 1298 4193 6884 41.5698 51.4698
2491 2748 21234 23925 67.3725 77.2725
735 992 26589 29280 74.8856 84.7856
1995 2252 26990 29681 71.5627 81.4627
665 922 21146 23837 41.897 51.797
2219 2476 24743 27434 89.1834 99.0834
1573 1830 10604 13295 35.1127 45.0127
550 807 12567 15258 66.419 76.319
2035 2292 7983 10674 84.5669 94.4669
2078 2335 26031 28722 79.4445 89.3445
1549 1806 19036 21727 73.8864 83.7864
720 977 5334 8025 35.37 45.27
802 1059 21928 24619 64.1383 74.0383
919 1176 17839 20530 7.94729 17.8473
1909 2166 13883 16574 20.037 29.937
539 796 4142 6833 28.1422 38.0422
2058 2315 14422 17113 4.51878 14.4188
2035 2292 19919 22610 76.7027 86.6027
2087 2344 6077 8768 53.7299 63.6299
829 1086 7250 9941 68.8834 78.7834
973 1230 4642 7333 39.4519 49.3519
1855 2112 13026 15717 18.2424 28.1424
700 957 14483 17174 3.21413 13.1141
816 1073 24141 26832 29.1798 39.0798
602 859 19598 22289 81.9348 91.8348
2532 2789 10956 13647 71.2761 81.1761
403 660 14898 17589 70.7817 80.6817
2266 2523 16672 19363 26.9338 36.8338
2550 2807 11390 14081 84.8504 94.7504
366 623 4347 7038 66.9395 76.8395
1943 2200 12391 15082 72.8608 82.7608
1532 1789 6086 8777 60.4283 70.3283
905 1162 6377 9068 11.259 21.159
2392 2649 8048 10739 84.9942 94.8942
758 1015 8106 10797 3.48528 13.3853
581 838 23761 26452 74.9294 84.8294
1043 1300 25551 28242 32.11 42.01
1121 1378 18321 21012 2.5841 12.4841
1083 1340 12526 15217 46.4262 56.3262
1803 2060 12216 14907 84.0367 93.9367
447 704 11614 14305 11.3155 21.2155
599 856 25821 28512 82.6934 92.5934
381 638 5966 8657 73.9294 83.8294
316 573 20313 23004 45.8173 55.7173
601 858 6446 9137 17.3377 27.2377
989 1246 22763 25454 87.9387 97.8387
1298 1555 21021 23712 32.4959 42.3959
551 808 9885 12576 27.3835 37.2835
941 1198 27739 30430 63.5488 73.4488
1518 1775 4054 6745 20.8661 30.7661
516 773 12992 15683 56.3188 66.2188
2378 2635 8638 11329 31.1587 41.0587
295 552 22483 25174 50.7284 60.6284
754 1011 14802 17493 33.4863 43.3863
1975 2232 7626 10317 3.2679 13.1679
1963 2220 14794 17485 46.3524 56.2524
2530 2787 15455 18146 59.1604 69.0604
1481 1738 20573 23264 21.3735 31.2735
1242 1499 20485 23176 54.3701 64.2701
446 703 17175 19866 62.8005 72.7005
1496 1753 12878 15569 32.1933 42.0933
1860 2117 14227 16918 40.7535 50.6535
2351 2608 21549 24240 53.465 63.365
1277 1534 13062 15753 5.52013 15.4201
2185 2442 15281 17972 61.3242 71.2242
1801 2058 8151 10842 53.8513 63.7513
1420 1677 11500 14191 52.6865 62.5865
2246 2503 19072 21763 14.873 24.773
1923 2180 21029 23720 20.4062 30.3062
1692 1949 25963 28654 31.9567 41.8567
2196 2453 17930 20621 52.15 62.05
1285 1542 27009 29700 82.6128 92.5128
1594 1851 22992 25683 39.8719 49.7719
467 724 9732 12423 78.2678 88.1678
2571 2828 26009 28700 76.4511 86.3511
838 1095 25885 28576 42.0706 51.9706
1048 1305 24540 27231 72.754 82.654
1023 1280 16662 19353 15.4528 25.3528
1032 1289 6376 9067 89.7837 99.6837
1295 1552 13839 16530 89.9957 99.8957
295 552 16770 19461 32.6103 42.5103
581 838 20578 23269 70.7354 80.6354
1496 1753 7568 10259 57.3294 67.2294
736 993 20510 23201 37.7765 47.6765
2528 2785 18177 20868 47.9073 57.8073
1618 1875 6082 8773 6.23423 16.1342
1565 1822 15662 18353 51.554 61.454
1861 2118 11812 14503 60.4827 70.3827
1390 1647 7523 10214 57.7381 67.6381
674 931 21169 23860 16.2792 26.1792
2194 2451 13895 16586 82.6621 92.5621
2093 2350 17044 19735 26.1246 36.0246
2391 2648 18507 21198 67.9645 77.8645
1961 2218 9850 12541 86.7912 96.6912
1361 1618 22602 25293 88.125 98.025
619 876 17835 20526 43.1899 53.0899
815 1072 27639 30330 3.83721 13.7372
773 1030 5659 8350 31.4424 41.3424
2017 2274 17305 19996 46.434 56.334
1119 1376 25750 28441 68.2183 78.1183
1804 2061 8224 10915 49.3407 59.2407
917 1174 23520 26211 35.6068 45.5068
1337 1594 20218 22909 24.874 34.774
2502 2759 17375 20066 60.3585 70.2585
962 1219 20787 23478 37.7838 47.6838
1765 2022 24658 27349 41.2897 51.1897
2271 2528 4312 7003 21.847 31.747
1812 2069 26980 29671 48.8652 58.7652
2126 2383 6669 9360 55.386 65.286
2528 2785 20315 23006 41.093 50.993
836 1093 25726 28417 6.88203 16.782
2137 2394 11514 14205 82.1522 92.0522
1219 1476 18546 21237 63.9945 73.8945
2493 2750 24407 27098 19.4271 29.3271
903 1160 21449 24140 69.9823 79.8823
1011 1268 20265 22956 87.7117 97.6117
1840 2097 23003 25694 82.1941 92.0941
1918 2175 15342 18033 21.2279 31.1279
508 765 5159 7850 48.0514 57.9514
1036 1293 20266 22957 50.8914 60.7914
1139 1396 27625 30316 40.6828 50.5828
2292 2549 11150 13841 20.6765 30.5765
1674 1931 9996 12687 5.30831 15.2083
1395 1652 12689 15380 72.2316 82.1316
381 638 25143 27834 43.282 53.182
1587 1844 15753 18444 2.23999 12.14
720 977 24469 27160 84.74 94.64
2506 2763 21074 23765 35.008 44.908
930 1187 10941 13632 52.9976 62.8976
1920 2177 5616 8307 14.6316 24.5316
802 1059 25090 27781 76.2284 86.1284
2296 2553 25205 27896 19.8285 29.7285
645 902 25546 28237 62.5832 72.4832
541 798 16349 19040 53.5111 63.4111
570 827 11053 13744 52.9706 62.8706
1853 2110 22863 25554 12.99 22.89
802 1059 27702 30393 68.3034 78.2034
1283 1540 22299 24990 65.9024 75.8024
2511 2768 27877 30568 49.3076 59.2076
1259 1516 26592 29283 81.5939 91.4939
2530 2787 5130 7821 21.3099 31.2099
1808 2065 9505 12196 60.2266 70.1266
508 765 23073 25764 14.1961 24.0961
450 707 10173 12864 43.0017 52.9017
2526 2783 17327 20018 68.2818 78.1818
410 667 11775 14466 78.6075 88.5075
1341 1598 8025 10716 71.5906 81.4906
1805 2062 26967 29658 39.3252 49.2252
1125 1382 27914 30605 3.03915 12.9392
1842 2099 13912 16603 14.1283 24.0283
1517 1774 21870 24561 28.0397 37.9397
1887 2144 27029 29720 9.38922 19.2892
1327 1584 12380 15071 62.6091 72.5091
1671 1928 6386 9077 18.152 28.052
1717 1974 17799 20490 33.0051 42.9051
1125 1382 21205 23896 69.0392 78.9392
1201 1458 24773 27464 33.0499 42.9499
2384 2641 26637 29328 13.1216 23.0216
1828 2085 16065 18756 52.9511 62.8511
2057 2314 26111 28802 17.6473 27.5473
520 777 8183 10874 21.975 31.875
1930 2187 7661 10352 44.3737 54.2737
914 1171 17943 20634 23.2609 33.1609
592 849 15842 18533 21.2197 31.1197
2221 2478 10122 12813 1.66121 11.5612
2337 2594 9727 12418 24.245 34.145
2514 2771 7535 10226 12.8611 22.7611
2393 2650 27315 30006 43.5017 53.4017
1101 1358 11110 13801 89.6249 99.5249
427 684 8910 11601 24.6826 34.5826
911 1168 17326 20017 23.7132 33.6132
2486 2743 9679 12370 13.5822 23.4822
1167 1424 17589 20280 57.8607 67.7607
2254 2511 9920 12611 1.23346 11.1335
403 660 11664 14355 59.5579 69.4579
2053 2310 15637 18328 36.1602 46.0602
825 1082 27854 30545 12.9923 22.8923
1531 1788 26359 29050 65.9892 75.8892
1504 1761 9959 12650 55.2761 65.1761
707 964 25033 27724 68.6477 78.5477
702 959 10712 13403 37.8212 47.7212
409 666 7329 10020 83.2808 93.1808
994 1251 11932 14623 31.8712 41.7712
747 1004 6917 9608 42.9903 52.8903
1500 1757 18959 21650 43.6902 53.5902
1932 2189 13476 16167 72.3204 82.2204
572 829 5912 8603 23.0645 32.9645
2532 2789 15283 17974 11.728 21.628
653 910 14018 16709 64.4656 74.3656
1112 1369 16072 18763 50.6842 60.5842
615 872 17573 20264 81.4754 91.3754
1717 1974 22769 25460 3.95875 13.8588
1436 1693 7514 10205 34.3635 44.2635
404 661 11864 14555 30.7838 40.6838
810 1067 21679 24370 4.75055 14.6506
1838 2095 18922 21613 51.3693 61.2693
1791 2048 7561 10252 20.0297 29.9297
2024 2281 15421 18112 6.34812 16.2481
2333 2590 15609 18300 66.8598 76.7598
1222 1479 17124 19815 14.2007 24.1007
1154 1411 19471 22162 63.2867 73.1867
442 699 11815 14506 49.9421 59.8421
1293 1550 25950 28641 88.8825 98.7825
1837 2094 23434 26125 50.0796 59.9796
1731 1988 10251 12942 33.5558 43.4558
2534 2791 18356 21047 87.18 97.08
2265 2522 9179 11870 82.9459 92.8459
