1934 1959 5609 5878 52.0691 53.0591
2636 2661 9207 9476 11.5255 12.5155
737 762 27758 28027 6.2147 7.2047
2049 2074 5151 5420 59.3763 60.3663
1278 1303 9115 9384 76.037 77.027
632 657 22751 23020 52.766 53.756
562 587 19438 19707 84.0822 85.0722
2002 2027 6183 6452 76.2105 77.2005
2355 2380 30573 30842 49.5515 50.5415
1221 1246 16473 16742 6.64389 7.63389
2081 2106 24274 24543 3.15813 4.14813
2483 2508 26415 26684 16.3208 17.3108
1305 1330 29622 29891 98.6457 99.6357
589 614 30018 30287 65.8703 66.8603
1908 1933 7748 8017 7.61485 8.60485
2075 2100 19863 20132 64.6838 65.6738
755 780 7367 7636 17.8157 18.8057
350 375 23894 24163 61 61.99
1449 1474 7074 7343 28.9019 29.8919
2614 2639 12047 12316 58.6058 59.5958
2236 2261 13608 13877 72.3252 73.3152
1876 1901 25234 25503 37.5396 38.5296
1395 1420 15069 15338 96.2053 97.1953
477 502 28298 28567 3.81273 4.80273
1701 1726 30258 30527 83.4683 84.4583
2246 2271 7666 7935 77.2596 78.2496
2546 2571 18320 18589 72.0831 73.0731
1460 1485 29681 29950 74.4152 75.4052
2052 2077 28523 28792 48.7207 49.7107
2219 2244 29402 29671 63.0494 64.0394
2157 2182 11846 12115 53.3349 54.3249
971 996 6096 6365 40.8662 41.8562
2589 2614 17423 17692 73.2835 74.2735
1400 1425 14438 14707 56.7916 57.7816
2693 2718 25005 25274 50.7666 51.7566
423 448 23821 24090 67.3504 68.3404
1009 1034 6890 7159 62.2991 63.2891
2185 2210 12527 12796 53.7995 54.7895
2751 2776 18251 18520 83.9474 84.9374
660 685 20219 20488 75.504 76.494
972 997 6239 6508 35.1132 36.1032
394 419 19462 19731 34.1628 35.1528
1727 1752 4345 4614 26.0784 27.0684
1874 1899 13224 13493 38.2761 39.2661
1743 1768 15050 15319 11.8358 12.8258
1987 2012 15556 15825 50.3824 51.3724
1853 1878 28750 29019 57.6944 58.6844
842 867 29501 29770 15.4729 16.4629
1570 1595 9202 9471 18.8326 19.8226
1683 1708 26205 26474 33.7804 34.7704
2542 2567 4845 5114 55.0267 56.0167
2580 2605 10009 10278 20.772 21.762
846 871 9701 9970 38.7856 39.7756
2574 2599 13138 13407 35.033 36.023
2267 2292 14200 14469 19.6616 20.6516
971 996 14481 14750 41.0247 42.0147
1625 1650 13876 14145 14.4768 15.4668
1400 1425 3961 4230 10.1011 11.0911
501 526 8563 8832 11.6374 12.6274
2273 2298 23705 23974 31.6914 32.6814
1012 1037 21561 21830 34.3025 35.2925
2716 2741 10042 10311 9.91053 10.9005
1406 1431 14120 14389 96.3917 97.3817
590 615 22554 22823 9.10424 10.0942
1762 1787 17283 17552 62.755 63.745
892 917 17458 17727 83.3102 84.3002
2616 2641 18238 18507 40.1103 41.1003
622 647 18740 19009 63.684 64.674
335 360 4747 5016 39.5913 40.5813
704 729 11467 11736 58.1139 59.1039
1134 1159 5726 5995 27.5163 28.5063
2317 2342 12640 12909 50.1413 51.1313
2417 2442 21089 21358 98.2565 99.2465
2283 2308 4835 5104 61.8156 62.8056
584 609 24545 24814 85.4391 86.4291
732 757 9474 9743 46.8381 47.8281
1509 1534 24537 24806 29.5097 30.4997
369 394 12692 12961 62.3682 63.3582
420 445 24232 24501 55.5418 56.5318
1977 2002 11132 11401 69.3127 70.3027
1349 1374 18471 18740 4.33619 5.32619
1395 1420 22432 22701 46.764 47.754
294 319 29089 29358 22.348 23.338
1758 1783 15642 15911 39.1035 40.0935
439 464 17941 18210 32.0536 33.0436
869 894 17687 17956 20.8597 21.8497
2766 2791 23508 23777 80.6614 81.6514
1406 1431 20615 20884 65.0304 66.0204
456 481 5200 5469 45.9629 46.9529
1708 1733 8536 8805 5.31611 6.30611
1088 1113 23748 24017 36.6764 37.6664
300 325 15168 15437 14.4413 15.4313
805 830 13633 13902 44.5312 45.5212
2756 2781 25491 25760 62.4326 63.4226
1367 1392 17987 18256 13.3547 14.3447
667 692 29198 29467 23.9475 24.9375
1866 1891 17434 17703 84.8459 85.8359
2205 2230 23647 23916 4.02521 5.01521
2027 2052 9347 9616 41.1895 42.1795
1385 1410 26722 26991 46.2446 47.2346
2276 2301 30011 30280 5.07457 6.06457
459 484 17169 17438 79.3207 80.3107
1117 1142 25467 25736 58.2089 59.1989
693 718 13010 13279 3.88102 4.87102
814 839 9264 9533 14.2674 15.2574
1784 1809 4356 4625 11.902 12.892
1506 1531 5743 6012 7.50807 8.49807
2782 2807 5462 5731 2.81507 3.80507
2179 2204 10353 10622 94.306 95.296
1411 1436 17902 18171 8.37792 9.36792
2173 2198 29552 29821 43.4782 44.4682
2012 2037 8464 8733 44.038 45.028
1069 1094 26428 26697 54.8213 55.8113
331 356 26741 27010 98.1759 99.1659
302 327 23026 23295 86.4152 87.4052
2712 2737 25455 25724 15.4779 16.4679
1483 1508 21133 21402 73.4632 74.4532
673 698 27715 27984 46.0027 46.9927
2008 2033 10506 10775 97.1368 98.1268
567 592 20228 20497 10.9132 11.9032
1899 1924 8189 8458 52.5631 53.5531
743 768 18931 19200 32.9628 33.9528
2211 2236 12313 12582 91.3438 92.3338
1734 1759 20842 21111 48.4369 49.4269
2386 2411 14700 14969 98.7996 99.7896
2706 2731 7939 8208 57.7667 58.7567
533 558 23904 24173 83.4104 84.4004
2546 2571 20883 21152 61.5567 62.5467
2054 2079 18587 18856 95.2408 96.2308
804 829 24346 24615 98.8618 99.8518
1473 1498 30466 30735 82.5496 83.5396
2534 2559 9728 9997 51.3786 52.3686
1619 1644 30579 30848 54.8892 55.8792
2111 2136 4127 4396 52.2804 53.2704
2476 2501 19388 19657 13.3183 14.3083
1673 1698 28397 28666 82.3951 83.3851
2778 2803 29657 29926 13.4976 14.4876
949 974 24976 25245 8.15402 9.14402
635 660 12045 12314 69.1793 70.1693
2759 2784 27767 28036 30.9644 31.9544
1411 1436 27060 27329 97.9072 98.8972
429 454 10813 11082 18.4559 19.4459
2145 2170 8284 8553 3.88828 4.87828
2253 2278 13401 13670 10.0157 11.0057
804 829 24242 24511 36.0039 36.9939
964 989 29415 29684 41.478 42.468
2018 2043 23794 24063 5.80088 6.79088
2247 2272 22658 22927 71.6655 72.6555
470 495 23142 23411 89.0546 90.0446
1560 1585 29899 30168 82.8753 83.8653
710 735 5927 6196 71.3752 72.3652
2084 2109 4938 5207 35.8879 36.8779
1651 1676 15283 15552 78.6057 79.5957
1339 1364 18691 18960 58.7377 59.7277
2603 2628 28235 28504 95.9505 96.9405
504 529 29951 30220 54.9088 55.8988
990 1015 25926 26195 64.609 65.599
790 815 9481 9750 39.2218 40.2118
2171 2196 20377 20646 10.5235 11.5135
1811 1836 19970 20239 39.64 40.63
1807 1832 28673 28942 98.6429 99.6329
804 829 15887 16156 74.0617 75.0517
2628 2653 14051 14320 15.2751 16.2651
1950 1975 23162 23431 11.2871 12.2771
1199 1224 12930 13199 87.5979 88.5879
2571 2596 27373 27642 86.286 87.276
791 816 7175 7444 62.9661 63.9561
2100 2125 6623 6892 30.1359 31.1259
1475 1500 16276 16545 64.1792 65.1692
1817 1842 15679 15948 2.14028 3.13028
1108 1133 3935 4204 44.2234 45.2134
480 505 26980 27249 90.3155 91.3055
2627 2652 13669 13938 60.8627 61.8527
2372 2397 17809 18078 28.9829 29.9729
1088 1113 24138 24407 5.69172 6.68172
497 522 22479 22748 24.9931 25.9831
1657 1682 11667 11936 30.355 31.345
1809 1834 11561 11830 96.808 97.798
1947 1972 10400 10669 2.98764 3.97764
2260 2285 4582 4851 30.9685 31.9585
2080 2105 16235 16504 40.8256 41.8156
1835 1860 16867 17136 65.8192 66.8092
782 807 11318 11587 79.9421 80.9321
1864 1889 7100 7369 95.9047 96.8947
1644 1669 18969 19238 12.5399 13.5299
872 897 17933 18202 85.7031 86.6931
1344 1369 30007 30276 81.6077 82.5977
2795 2820 21970 22239 30.748 31.738
1615 1640 27935 28204 6.46052 7.45052
292 317 7212 7481 52.3836 53.3736
2304 2329 29132 29401 13.1371 14.1271
1162 1187 11845 12114 21.4789 22.4689
1884 1909 18679 18948 87.5754 88.5654
748 773 4538 4807 92.5769 93.5669
2569 2594 13379 13648 55.1051 56.0951
1600 1625 29467 29736 25.643 26.633
1703 1728 17194 17463 90.4764 91.4664
841 866 6445 6714 17.5417 18.5317
1434 1459 28475 28744 5.21427 6.20427
1529 1554 8012 8281 18.6634 19.6534
714 739 13931 14200 58.0294 59.0194
2365 2390 17666 17935 42.7452 43.7352
611 636 15617 15886 25.0116 26.0016
1321 1346 17518 17787 3.79618 4.78618
516 541 6761 7030 6.08183 7.07183
578 603 7384 7653 71.6751 72.6651
2697 2722 7449 7718 29.5492 30.5392
1207 1232 12770 13039 7.06891 8.05891
2132 2157 4327 4596 36.1472 37.1372
1668 1693 13314 13583 22.7617 23.7517
1796 1821 13732 14001 30.9958 31.9858
2742 2767 15962 16231 2.66498 3.65498
590 615 6289 6558 4.5885 5.5785
336 361 14908 15177 50.8132 51.8032
1616 1641 20255 20524 42.2239 43.2139
2272 2297 6880 7149 25.4753 26.4653
1323 1348 13512 13781 85.2705 86.2605
430 455 12927 13196 9.18711 10.1771
1135 1160 21244 21513 92.223 93.213
652 677 7251 7520 47.8086 48.7986
564 589 27518 27787 87.2326 88.2226
1921 1946 25385 25654 97.842 98.832
2083 2108 8762 9031 29.8858 30.8758
2055 2080 15205 15474 77.284 78.274
1929 1954 20587 20856 64.3638 65.3538
846 871 28600 28869 52.565 53.555
2299 2324 13399 13668 32.4156 33.4056
2015 2040 12972 13241 30.4969 31.4869
1155 1180 29831 30100 34.5703 35.5603
1846 1871 6656 6925 15.7352 16.7252
2413 2438 27466 27735 26.7699 27.7599
1717 1742 20398 20667 60.8085 61.7985
868 893 27748 28017 63.5863 64.5763
1769 1794 5988 6257 93.2298 94.2198
367 392 21994 22263 54.525 55.515
1017 1042 23380 23649 86.6787 87.6687
2444 2469 13596 13865 29.2312 30.2212
2568 2593 18967 19236 44.8565 45.8465
744 769 23598 23867 40.6134 41.6034
396 421 24047 24316 87.7641 88.7541
1936 1961 29693 29962 74.9453 75.9353
1787 1812 21768 22037 67.2679 68.2579
462 487 10381 10650 31.2817 32.2717
1790 1815 26452 26721 76.92 77.91
2306 2331 23823 24092 22.8611 23.8511
798 823 20734 21003 9.33896 10.329
1431 1456 16293 16562 32.0485 33.0385
2099 2124 21995 22264 44.1355 45.1255
2578 2603 18269 18538 88.9018 89.8918
2149 2174 22423 22692 95.6652 96.6552
1183 1208 9208 9477 50.3393 51.3293
1536 1561 4127 4396 37.1565 38.1465
1327 1352 28629 28898 56.949 57.939
2359 2384 5683 5952 11.8122 12.8022
337 362 26500 26769 76.0399 77.0299
432 457 25873 26142 82.8613 83.8513
1260 1285 28468 28737 91.1757 92.1657
719 744 15184 15453 63.1693 64.1593
1144 1169 23622 23891 34.6733 35.6633
1835 1860 24468 24737 5.14332 6.13332
836 861 20441 20710 87.3245 88.3145
2827 2852 4591 4860 49.0717 50.0617
2202 2227 20026 20295 83.3181 84.3081
1495 1520 8702 8971 21.5153 22.5053
1820 1845 25966 26235 61.2376 62.2276
1690 1715 8017 8286 25.8752 26.8652
869 894 23759 24028 70.3365 71.3265
544 569 4830 5099 91.7278 92.7178
2405 2430 19557 19826 8.11537 9.10537
1446 1471 30473 30742 54.1326 55.1226
2277 2302 8233 8502 85.4088 86.3988
2059 2084 28052 28321 86.2137 87.2037
724 749 27824 28093 52.5855 53.5755
1601 1626 12077 12346 84.0357 85.0257
1103 1128 29975 30244 97.5792 98.5692
1257 1282 17630 17899 79.9622 80.9522
1006 1031 18487 18756 74.6385 75.6285
1125 1150 18257 18526 50.7615 51.7515
1861 1886 6437 6706 85.5816 86.5716
416 441 24006 24275 72.9806 73.9706
2779 2804 5677 5946 43.7284 44.7184
2211 2236 11934 12203 82.2792 83.2692
1542 1567 14404 14673 65.8845 66.8745
1817 1842 11135 11404 13.3783 14.3683
1593 1618 28604 28873 7.80242 8.79242
928 953 9434 9703 88.0821 89.0721
1544 1569 26940 27209 50.3829 51.3729
1875 1900 25714 25983 12.6611 13.6511
410 435 13170 13439 10.3056 11.2956
1533 1558 12831 13100 14.0946 15.0846
731 756 12829 13098 90.0665 91.0565
1106 1131 29671 29940 3.73548 4.72548
710 735 8800 9069 62.0885 63.0785
2437 2462 21520 21789 27.6332 28.6232
459 484 17386 17655 80.7901 81.7801
2384 2409 18430 18699 23.8817 24.8717
2579 2604 24898 25167 14.908 15.898
658 683 7155 7424 60.3102 61.3002
1380 1405 15555 15824 56.7963 57.7863
1399 1424 10508 10777 44.5963 45.5863
309 334 22390 22659 78.843 79.833
705 730 25014 25283 82.0399 83.0299
1818 1843 15852 16121 42.3907 43.3807
2519 2544 18793 19062 46.5958 47.5858
2778 2803 15333 15602 51.9005 52.8905
2819 2844 27675 27944 23.7593 24.7493
1670 1695 16222 16491 40.1343 41.1243
2603 2628 22171 22440 77.6541 78.6441
394 419 6552 6821 60.2898 61.2798
1718 1743 21325 21594 37.5083 38.4983
1616 1641 10455 10724 19.395 20.385
2210 2235 23226 23495 13.5635 14.5535
1311 1336 16259 16528 72.5126 73.5026
779 804 24754 25023 67.1068 68.0968
577 602 29264 29533 43.8393 44.8293
2017 2042 25893 26162 72.4076 73.3976
2226 2251 20140 20409 17.0935 18.0835
2467 2492 10281 10550 60.4047 61.3947
813 838 12342 12611 79.8776 80.8676
2487 2512 12746 13015 23.9227 24.9127
2075 2100 16555 16824 38.7593 39.7493
625 650 4098 4367 16.434 17.424
537 562 27758 28027 92.8071 93.7971
2240 2265 12459 12728 9.15675 10.1467
2795 2820 27162 27431 13.9164 14.9064
2006 2031 5378 5647 98.2008 99.1908
1377 1402 11059 11328 51.7567 52.7467
286 311 15712 15981 58.7318 59.7218
1656 1681 16801 17070 16.5312 17.5212
2466 2491 27866 28135 43.8464 44.8364
315 340 26914 27183 95.5982 96.5882
1897 1922 7671 7940 16.4947 17.4847
2543 2568 12111 12380 22.7009 23.6909
2816 2841 29339 29608 55.5973 56.5873
2408 2433 19002 19271 36.9895 37.9795
295 320 19145 19414 79.6731 80.6631
587 612 24943 25212 10.3874 11.3774
2126 2151 23955 24224 2.39153 3.38153
2141 2166 30581 30850 34.3295 35.3195
1344 1369 18874 19143 3.58607 4.57607
1173 1198 10059 10328 80.7944 81.7844
1988 2013 6821 7090 88.3294 89.3194
1598 1623 26533 26802 74.8696 75.8596
1633 1658 28225 28494 76.8127 77.8027
1617 1642 6071 6340 34.475 35.465
1845 1870 12046 12315 25.8109 26.8009
2481 2506 10979 11248 88.113 89.103
1949 1974 17157 17426 12.6746 13.6646
1463 1488 14117 14386 56.9204 57.9104
1554 1579 4510 4779 4.698 5.688
908 933 23796 24065 75.9501 76.9401
1319 1344 4654 4923 49.521 50.511
2157 2182 27189 27458 3.73982 4.72982
1133 1158 6717 6986 37.7482 38.7382
2751 2776 5058 5327 90.4732 91.4632
2485 2510 18792 19061 13.9262 14.9162
485 510 18879 19148 73.5475 74.5375
1969 1994 16280 16549 27.0639 28.0539
874 899 17017 17286 64.3321 65.3221
1121 1146 9228 9497 4.86323 5.85323
2349 2374 14926 15195 89.5238 90.5138
1071 1096 5714 5983 89.1016 90.0916
2424 2449 8139 8408 83.9865 84.9765
1628 1653 28460 28729 32.9844 33.9744
1218 1243 15976 16245 24.8073 25.7973
2349 2374 6646 6915 97.4449 98.4349
1512 1537 19516 19785 33.5401 34.5301
1562 1587 18466 18735 75.6154 76.6054
2770 2795 25433 25702 91.9374 92.9274
1528 1553 8016 8285 88.0553 89.0453
2420 2445 9719 9988 31.4403 32.4303
1844 1869 10019 10288 37.0016 37.9916
1507 1532 9884 10153 67.2785 68.2685
1152 1177 28076 28345 62.0156 63.0056
2732 2757 12780 13049 36.1306 37.1206
1515 1540 17509 17778 23.0983 24.0883
1611 1636 19891 20160 48.7298 49.7198
2673 2698 28887 29156 73.3478 74.3378
1876 1901 4426 4695 4.28229 5.27229
2348 2373 4230 4499 2.79825 3.78825
2442 2467 4145 4414 2.36397 3.35397
2783 2808 22116 22385 50.1493 51.1393
890 915 5567 5836 61.5504 62.5404
2159 2184 29128 29397 74.4219 75.4119
400 425 11806 12075 27.5021 28.4921
1606 1631 8017 8286 47.3791 48.3691
937 962 5972 6241 47.969 48.959
2120 2145 16779 17048 39.9242 40.9142
775 800 26137 26406 84.4235 85.4135
1615 1640 18563 18832 83.8937 84.8837
386 411 25996 26265 7.08333 8.07333
2302 2327 8051 8320 13.7458 14.7358
1486 1511 14048 14317 31.0775 32.0675
1654 1679 23462 23731 9.94016 10.9302
632 657 7525 7794 79.3282 80.3182
1306 1331 27735 28004 40.2486 41.2386
2821 2846 8780 9049 16.9266 17.9166
2289 2314 17619 17888 41.9022 42.8922
1965 1990 13569 13838 66.0006 66.9906
1416 1441 20048 20317 81.1491 82.1391
316 341 12570 12839 42.2782 43.2682
1403 1428 19732 20001 14.943 15.933
1148 1173 24805 25074 37.145 38.135
775 800 27986 28255 12.2578 13.2478
2730 2755 28685 28954 38.4117 39.4017
849 874 7184 7453 52.7274 53.7174
1460 1485 28433 28702 43.1883 44.1783
1398 1423 30365 30634 63.8588 64.8488
1483 1508 9367 9636 53.9619 54.9519
762 787 19224 19493 52.8947 53.8847
928 953 29748 30017 97.5703 98.5603
996 1021 16421 16690 90.3427 91.3327
546 571 22152 22421 17.466 18.456
2136 2161 20008 20277 38.5006 39.4906
2175 2200 8537 8806 30.8484 31.8384
781 806 20337 20606 55.1264 56.1164
1828 1853 6198 6467 96.8184 97.8084
2450 2475 19531 19800 67.7687 68.7587
367 392 17970 18239 16.2359 17.2259
1766 1791 21799 22068 86.5387 87.5287
2290 2315 18999 19268 69.5408 70.5308
1668 1693 29713 29982 40.5552 41.5452
349 374 4764 5033 76.2228 77.2128
1111 1136 5640 5909 17.9357 18.9257
2782 2807 25223 25492 1.4243 2.4143
1217 1242 11891 12160 77.2365 78.2265
2535 2560 18008 18277 87.601 88.591
1636 1661 16019 16288 48.4444 49.4344
2101 2126 23444 23713 72.8984 73.8884
519 544 17516 17785 90.839 91.829
2145 2170 18185 18454 23.51 24.5
1921 1946 5521 5790 43.3146 44.3046
2542 2567 20050 20319 5.29055 6.28055
2328 2353 25513 25782 8.4781 9.4681
1774 1799 21231 21500 35.3547 36.3447
1380 1405 30037 30306 62.437 63.427
1716 1741 22779 23048 43.4422 44.4322
1414 1439 27793 28062 20.5587 21.5487
2191 2216 14378 14647 91.7601 92.7501
2701 2726 14614 14883 52.0931 53.0831
1852 1877 13307 13576 15.3474 16.3374
1865 1890 13461 13730 17.1983 18.1883
1507 1532 21806 22075 19.198 20.188
2016 2041 29914 30183 39.8126 40.8026
754 779 27210 27479 53.6475 54.6375
2162 2187 16378 16647 27.6559 28.6459
671 696 15740 16009 16.9641 17.9541
377 402 25639 25908 53.4955 54.4855
1499 1524 10297 10566 71.8939 72.8839
1578 1603 6560 6829 59.6148 60.6048
2098 2123 5646 5915 67.0821 68.0721
1547 1572 24536 24805 2.93158 3.92158
339 364 9069 9338 4.72831 5.71831
2063 2088 9532 9801 83.8 84.79
506 531 27629 27898 26.9474 27.9374
1692 1717 6627 6896 2.83456 3.82456
1086 1111 5858 6127 88.698 89.688
345 370 10829 11098 14.2137 15.2037
449 474 6977 7246 56.9607 57.9507
1046 1071 11894 12163 94.8176 95.8076
1999 2024 14432 14701 20.6033 21.5933
2027 2052 25006 25275 25.0674 26.0574
2394 2419 20472 20741 19.3997 20.3897
2816 2841 13111 13380 6.89085 7.88085
2793 2818 26419 26688 2.35337 3.34337
297 322 22479 22748 69.9223 70.9123
2121 2146 27393 27662 81.3493 82.3393
485 510 4795 5064 80.0764 81.0664
1618 1643 5188 5457 85.6625 86.6525
1961 1986 10452 10721 65.0773 66.0673
2360 2385 4617 4886 67.414 68.404
1840 1865 21786 22055 11.0099 11.9999
1011 1036 16273 16542 72.9685 73.9585
2673 2698 5948 6217 46.6876 47.6776
2493 2518 14874 15143 8.09449 9.08449
945 970 11112 11381 72.7319 73.7219
2456 2481 7107 7376 44.4555 45.4455
375 400 16582 16851 36.2393 37.2293
866 891 6028 6297 2.56887 3.55887
652 677 6538 6807 15.338 16.328
1031 1056 20737 21006 7.3713 8.3613
299 324 21771 22040 43.7508 44.7408
2268 2293 30242 30511 65.5128 66.5028
930 955 22718 22987 41.271 42.261
614 639 29527 29796 25.0449 26.0349
1544 1569 21068 21337 42.782 43.772
638 663 24763 25032 98.3167 99.3067
1247 1272 13970 14239 19.4321 20.4221
889 914 22230 22499 85.5913 86.5813
1305 1330 24020 24289 25.6105 26.6005
2288 2313 27301 27570 64.4319 65.4219
461 486 15922 16191 97.8685 98.8585
2664 2689 7118 7387 78.7582 79.7482
1423 1448 19346 19615 95.7303 96.7203
1819 1844 4651 4920 22.5507 23.5407
2245 2270 16000 16269 28.8127 29.8027
2342 2367 12890 13159 85.4285 86.4185
805 830 20697 20966 13.8322 14.8222
984 1009 9798 10067 54.0054 54.9954
696 721 10012 10281 4.91502 5.90502
