2058 2083 23157 23426 1 100
2676 2701 21257 21526 1 100
1668 1693 9510 9779 1 100
2718 2743 8149 8418 1 100
2762 2787 5813 6082 1 100
1888 1913 18715 18984 1 100
1005 1030 23684 23953 1 100
1936 1961 9577 9846 1 100
2045 2070 18647 18916 1 100
1019 1044 6985 7254 1 100
2165 2190 11085 11354 1 100
698 723 10073 10342 1 100
2622 2647 22353 22622 1 100
741 766 8362 8631 1 100
2578 2603 17232 17501 1 100
320 345 27589 27858 1 100
2768 2793 21514 21783 1 100
554 579 21763 22032 1 100
2155 2180 19663 19932 1 100
1255 1280 8089 8358 1 100
453 478 28452 28721 1 100
1169 1194 8401 8670 1 100
1125 1150 16577 16846 1 100
1099 1124 26565 26834 1 100
2004 2029 21678 21947 1 100
494 519 20819 21088 1 100
2443 2468 12875 13144 1 100
2766 2791 30413 30682 1 100
1027 1052 29454 29723 1 100
1826 1851 8429 8698 1 100
1204 1229 28315 28584 1 100
1331 1356 18140 18409 1 100
2352 2377 15931 16200 1 100
1498 1523 11919 12188 1 100
793 818 25610 25879 1 100
1540 1565 22619 22888 1 100
2132 2157 8361 8630 1 100
2461 2486 12534 12803 1 100
1452 1477 8629 8898 1 100
2064 2089 17874 18143 1 100
1316 1341 30362 30631 1 100
714 739 18864 19133 1 100
1934 1959 25380 25649 1 100
1913 1938 11449 11718 1 100
1651 1676 21036 21305 1 100
1229 1254 7856 8125 1 100
1523 1548 15527 15796 1 100
2463 2488 30245 30514 1 100
1654 1679 21694 21963 1 100
1472 1497 28601 28870 1 100
1377 1402 23721 23990 1 100
1878 1903 5785 6054 1 100
1359 1384 13305 13574 1 100
2403 2428 14732 15001 1 100
989 1014 17050 17319 1 100
1903 1928 8035 8304 1 100
2661 2686 27093 27362 1 100
726 751 21715 21984 1 100
760 785 9160 9429 1 100
2220 2245 15561 15830 1 100
2016 2041 14590 14859 1 100
902 927 10612 10881 1 100
1646 1671 7126 7395 1 100
2076 2101 23124 23393 1 100
416 441 16005 16274 1 100
1384 1409 9108 9377 1 100
2198 2223 7363 7632 1 100
2512 2537 27602 27871 1 100
691 716 19491 19760 1 100
1030 1055 26962 27231 1 100
1497 1522 4087 4356 1 100
1195 1220 15018 15287 1 100
2759 2784 21527 21796 1 100
869 894 16637 16906 1 100
2744 2769 29527 29796 1 100
1567 1592 20513 20782 1 100
602 627 15246 15515 1 100
414 439 7219 7488 1 100
1472 1497 4966 5235 1 100
2757 2782 8904 9173 1 100
1676 1701 13134 13403 1 100
891 916 16491 16760 1 100
493 518 19184 19453 1 100
1119 1144 25525 25794 1 100
433 458 17492 17761 1 100
1048 1073 8199 8468 1 100
718 743 18551 18820 1 100
1724 1749 12389 12658 1 100
774 799 17663 17932 1 100
1659 1684 30396 30665 1 100
1319 1344 20855 21124 1 100
1967 1992 22373 22642 1 100
359 384 15018 15287 1 100
1378 1403 16185 16454 1 100
509 534 19566 19835 1 100
1902 1927 23396 23665 1 100
1367 1392 29379 29648 1 100
2294 2319 10909 11178 1 100
858 883 15045 15314 1 100
1228 1253 20221 20490 1 100
2172 2197 19988 20257 1 100
430 455 13746 14015 1 100
2702 2727 9350 9619 1 100
1029 1054 9682 9951 1 100
385 410 16710 16979 1 100
1657 1682 5268 5537 1 100
578 603 23971 24240 1 100
835 860 4731 5000 1 100
1643 1668 16864 17133 1 100
1925 1950 14767 15036 1 100
1985 2010 7553 7822 1 100
572 597 24924 25193 1 100
1283 1308 9115 9384 1 100
2422 2447 18479 18748 1 100
342 367 29981 30250 1 100
642 667 16327 16596 1 100
1562 1587 24833 25102 1 100
2613 2638 19573 19842 1 100
1410 1435 15838 16107 1 100
829 854 16990 17259 1 100
993 1018 28964 29233 1 100
709 734 27825 28094 1 100
774 799 7613 7882 1 100
1665 1690 21071 21340 1 100
1940 1965 15020 15289 1 100
804 829 16702 16971 1 100
507 532 5066 5335 1 100
1940 1965 17219 17488 1 100
852 877 10443 10712 1 100
2114 2139 24618 24887 1 100
1101 1126 5464 5733 1 100
917 942 19540 19809 1 100
2012 2037 4001 4270 1 100
1589 1614 22193 22462 1 100
1834 1859 26081 26350 1 100
854 879 12018 12287 1 100
2115 2140 19155 19424 1 100
1009 1034 12398 12667 1 100
1290 1315 7301 7570 1 100
1541 1566 10875 11144 1 100
1901 1926 27019 27288 1 100
2792 2817 29254 29523 1 100
1904 1929 28834 29103 1 100
2381 2406 5896 6165 1 100
1210 1235 11319 11588 1 100
1159 1184 10767 11036 1 100
1914 1939 4442 4711 1 100
2184 2209 4793 5062 1 100
1242 1267 27133 27402 1 100
438 463 14559 14828 1 100
1829 1854 23883 24152 1 100
1540 1565 14595 14864 1 100
2611 2636 26051 26320 1 100
1495 1520 29436 29705 1 100
861 886 20092 20361 1 100
2767 2792 13385 13654 1 100
1017 1042 27519 27788 1 100
807 832 10261 10530 1 100
2408 2433 20178 20447 1 100
1313 1338 26695 26964 1 100
1372 1397 4383 4652 1 100
592 617 5993 6262 1 100
2731 2756 25482 25751 1 100
302 327 28274 28543 1 100
614 639 20214 20483 1 100
1711 1736 14083 14352 1 100
1788 1813 4312 4581 1 100
1049 1074 20118 20387 1 100
1438 1463 15301 15570 1 100
415 440 23345 23614 1 100
1216 1241 22849 23118 1 100
2270 2295 11651 11920 1 100
2431 2456 12353 12622 1 100
790 815 11139 11408 1 100
2501 2526 24346 24615 1 100
572 597 21741 22010 1 100
2758 2783 8280 8549 1 100
2796 2821 21913 22182 1 100
552 577 20962 21231 1 100
2551 2576 19360 19629 1 100
1048 1073 27921 28190 1 100
818 843 18257 18526 1 100
603 628 19833 20102 1 100
924 949 20308 20577 1 100
2594 2619 18995 19264 1 100
1549 1574 28239 28508 1 100
758 783 13367 13636 1 100
1679 1704 23277 23546 1 100
1559 1584 21432 21701 1 100
2690 2715 17882 18151 1 100
1781 1806 5233 5502 1 100
1023 1048 5572 5841 1 100
2610 2635 23152 23421 1 100
1544 1569 4987 5256 1 100
1580 1605 10655 10924 1 100
1537 1562 20192 20461 1 100
472 497 15502 15771 1 100
2675 2700 28522 28791 1 100
2405 2430 7889 8158 1 100
1300 1325 30099 30368 1 100
2148 2173 25467 25736 1 100
1898 1923 26440 26709 1 100
1332 1357 29293 29562 1 100
2705 2730 24184 24453 1 100
708 733 17116 17385 1 100
1614 1639 27568 27837 1 100
1747 1772 12756 13025 1 100
2664 2689 20222 20491 1 100
2092 2117 20255 20524 1 100
609 634 13006 13275 1 100
1991 2016 9187 9456 1 100
964 989 27199 27468 1 100
1711 1736 29359 29628 1 100
2697 2722 21573 21842 1 100
327 352 10887 11156 1 100
2205 2230 21845 22114 1 100
1509 1534 12511 12780 1 100
1992 2017 8171 8440 1 100
2343 2368 4339 4608 1 100
395 420 25513 25782 1 100
2208 2233 7406 7675 1 100
2750 2775 28164 28433 1 100
282 307 19205 19474 1 100
1402 1427 13782 14051 1 100
764 789 6580 6849 1 100
2282 2307 28083 28352 1 100
1366 1391 17698 17967 1 100
1829 1854 26734 27003 1 100
948 973 17339 17608 1 100
283 308 15371 15640 1 100
639 664 4399 4668 1 100
1935 1960 24211 24480 1 100
1253 1278 18484 18753 1 100
1225 1250 18345 18614 1 100
740 765 24369 24638 1 100
1310 1335 28638 28907 1 100
1812 1837 28006 28275 1 100
2540 2565 7731 8000 1 100
615 640 11525 11794 1 100
703 728 17737 18006 1 100
1589 1614 6014 6283 1 100
745 770 18232 18501 1 100
295 320 9357 9626 1 100
1669 1694 30400 30669 1 100
2737 2762 24339 24608 1 100
1302 1327 14554 14823 1 100
1050 1075 15970 16239 1 100
2733 2758 5279 5548 1 100
1826 1851 4131 4400 1 100
1536 1561 14990 15259 1 100
1214 1239 23277 23546 1 100
2725 2750 16069 16338 1 100
594 619 8684 8953 1 100
1355 1380 29560 29829 1 100
2297 2322 29673 29942 1 100
1746 1771 20756 21025 1 100
1655 1680 28019 28288 1 100
1504 1529 19029 19298 1 100
702 727 15020 15289 1 100
1976 2001 21786 22055 1 100
1736 1761 26265 26534 1 100
1477 1502 27728 27997 1 100
2151 2176 8088 8357 1 100
2300 2325 7755 8024 1 100
284 309 12425 12694 1 100
2181 2206 23161 23430 1 100
1345 1370 26003 26272 1 100
1734 1759 19969 20238 1 100
713 738 20743 21012 1 100
2306 2331 12609 12878 1 100
784 809 29810 30079 1 100
585 610 19086 19355 1 100
1206 1231 30066 30335 1 100
625 650 26271 26540 1 100
1873 1898 18610 18879 1 100
2556 2581 17429 17698 1 100
1516 1541 17380 17649 1 100
1059 1084 18176 18445 1 100
359 384 9229 9498 1 100
734 759 20130 20399 1 100
1857 1882 6388 6657 1 100
923 948 18905 19174 1 100
2483 2508 15505 15774 1 100
778 803 26709 26978 1 100
1383 1408 19469 19738 1 100
869 894 19648 19917 1 100
1799 1824 30396 30665 1 100
1816 1841 13445 13714 1 100
1727 1752 7916 8185 1 100
550 575 11885 12154 1 100
678 703 18839 19108 1 100
898 923 29114 29383 1 100
2776 2801 5536 5805 1 100
1498 1523 17482 17751 1 100
2525 2550 4287 4556 1 100
987 1012 24615 24884 1 100
2357 2382 13887 14156 1 100
674 699 4615 4884 1 100
2751 2776 13460 13729 1 100
1126 1151 23353 23622 1 100
2720 2745 30273 30542 1 100
2537 2562 15192 15461 1 100
659 684 12802 13071 1 100
2187 2212 27468 27737 1 100
1456 1481 26066 26335 1 100
2222 2247 8792 9061 1 100
1481 1506 26380 26649 1 100
1538 1563 12189 12458 1 100
714 739 18181 18450 1 100
2055 2080 8230 8499 1 100
904 929 24996 25265 1 100
1685 1710 19421 19690 1 100
589 614 7431 7700 1 100
1191 1216 25988 26257 1 100
1995 2020 16909 17178 1 100
1163 1188 13451 13720 1 100
1522 1547 23408 23677 1 100
1350 1375 14188 14457 1 100
1142 1167 14993 15262 1 100
1777 1802 18476 18745 1 100
937 962 12075 12344 1 100
369 394 17029 17298 1 100
1183 1208 22888 23157 1 100
2312 2337 30003 30272 1 100
579 604 16603 16872 1 100
772 797 21249 21518 1 100
498 523 4062 4331 1 100
1954 1979 13466 13735 1 100
2027 2052 26256 26525 1 100
664 689 18661 18930 1 100
1098 1123 19860 20129 1 100
853 878 21413 21682 1 100
1164 1189 20387 20656 1 100
439 464 12462 12731 1 100
402 427 8322 8591 1 100
541 566 9423 9692 1 100
1852 1877 15920 16189 1 100
1941 1966 18484 18753 1 100
1000 1025 11465 11734 1 100
568 593 10942 11211 1 100
1709 1734 19703 19972 1 100
2818 2843 29298 29567 1 100
2580 2605 5845 6114 1 100
2078 2103 21535 21804 1 100
1006 1031 13283 13552 1 100
1719 1744 6332 6601 1 100
2752 2777 5293 5562 1 100
362 387 7477 7746 1 100
1984 2009 19140 19409 1 100
1859 1884 20690 20959 1 100
2773 2798 8591 8860 1 100
935 960 5572 5841 1 100
1493 1518 12360 12629 1 100
1723 1748 19113 19382 1 100
1792 1817 5526 5795 1 100
1281 1306 11524 11793 1 100
2414 2439 19958 20227 1 100
1945 1970 6707 6976 1 100
388 413 14651 14920 1 100
1118 1143 17535 17804 1 100
2401 2426 28070 28339 1 100
1682 1707 16871 17140 1 100
2618 2643 9324 9593 1 100
2159 2184 18673 18942 1 100
2601 2626 28648 28917 1 100
676 701 13639 13908 1 100
2054 2079 27189 27458 1 100
1516 1541 19462 19731 1 100
1698 1723 29545 29814 1 100
702 727 23004 23273 1 100
2740 2765 28260 28529 1 100
2628 2653 18013 18282 1 100
2692 2717 8333 8602 1 100
691 716 7005 7274 1 100
1685 1710 14512 14781 1 100
1684 1709 6712 6981 1 100
1855 1880 6120 6389 1 100
1355 1380 7010 7279 1 100
1047 1072 7563 7832 1 100
2763 2788 28268 28537 1 100
1220 1245 22758 23027 1 100
539 564 6433 6702 1 100
687 712 22667 22936 1 100
1483 1508 20561 20830 1 100
932 957 24100 24369 1 100
1512 1537 20266 20535 1 100
2351 2376 11077 11346 1 100
942 967 4996 5265 1 100
1803 1828 24549 24818 1 100
2786 2811 24836 25105 1 100
1625 1650 22820 23089 1 100
2237 2262 10790 11059 1 100
925 950 14763 15032 1 100
2615 2640 28744 29013 1 100
794 819 27842 28111 1 100
2231 2256 16249 16518 1 100
1906 1931 5256 5525 1 100
924 949 4966 5235 1 100
2035 2060 6289 6558 1 100
615 640 13118 13387 1 100
2775 2800 28723 28992 1 100
1302 1327 11896 12165 1 100
1904 1929 29377 29646 1 100
2284 2309 15006 15275 1 100
1086 1111 15171 15440 1 100
1857 1882 22134 22403 1 100
2629 2654 4374 4643 1 100
853 878 24644 24913 1 100
1374 1399 10354 10623 1 100
1163 1188 23904 24173 1 100
2534 2559 16737 17006 1 100
2365 2390 21779 22048 1 100
827 852 20547 20816 1 100
2670 2695 9547 9816 1 100
358 383 11903 12172 1 100
1466 1491 14937 15206 1 100
2622 2647 11845 12114 1 100
1348 1373 9574 9843 1 100
1247 1272 30003 30272 1 100
348 373 26213 26482 1 100
818 843 24053 24322 1 100
2253 2278 16149 16418 1 100
962 987 14254 14523 1 100
1665 1690 5277 5546 1 100
1236 1261 27164 27433 1 100
1714 1739 20516 20785 1 100
885 910 28965 29234 1 100
1299 1324 25526 25795 1 100
2031 2056 26753 27022 1 100
1783 1808 9332 9601 1 100
944 969 13533 13802 1 100
1159 1184 10347 10616 1 100
679 704 8815 9084 1 100
1182 1207 24312 24581 1 100
803 828 4132 4401 1 100
2442 2467 18893 19162 1 100
945 970 5208 5477 1 100
705 730 16243 16512 1 100
890 915 8818 9087 1 100
1454 1479 26511 26780 1 100
2408 2433 10331 10600 1 100
558 583 14786 15055 1 100
936 961 20388 20657 1 100
2214 2239 21792 22061 1 100
490 515 6450 6719 1 100
994 1019 16862 17131 1 100
1909 1934 13105 13374 1 100
636 661 4992 5261 1 100
297 322 6761 7030 1 100
1724 1749 20368 20637 1 100
1532 1557 12813 13082 1 100
905 930 27274 27543 1 100
1951 1976 7287 7556 1 100
1594 1619 19925 20194 1 100
1190 1215 22749 23018 1 100
2177 2202 13637 13906 1 100
879 904 26447 26716 1 100
2527 2552 5360 5629 1 100
2776 2801 26447 26716 1 100
419 444 23123 23392 1 100
1827 1852 15988 16257 1 100
336 361 10593 10862 1 100
1750 1775 26825 27094 1 100
1961 1986 8726 8995 1 100
974 999 29250 29519 1 100
1930 1955 28839 29108 1 100
940 965 27987 28256 1 100
620 645 17797 18066 1 100
2628 2653 4049 4318 1 100
1369 1394 12928 13197 1 100
2472 2497 17143 17412 1 100
505 530 21428 21697 1 100
943 968 12700 12969 1 100
802 827 21491 21760 1 100
862 887 11653 11922 1 100
1648 1673 29757 30026 1 100
818 843 17583 17852 1 100
2062 2087 12529 12798 1 100
1141 1166 13648 13917 1 100
851 876 9059 9328 1 100
797 822 8063 8332 1 100
2805 2830 16027 16296 1 100
1252 1277 26996 27265 1 100
1239 1264 29036 29305 1 100
301 326 4530 4799 1 100
788 813 17474 17743 1 100
816 841 26242 26511 1 100
1760 1785 24894 25163 1 100
2509 2534 23403 23672 1 100
1116 1141 11073 11342 1 100
994 1019 22064 22333 1 100
1697 1722 20409 20678 1 100
385 410 12246 12515 1 100
1590 1615 15120 15389 1 100
1846 1871 9989 10258 1 100
1825 1850 28423 28692 1 100
2431 2456 21709 21978 1 100
2565 2590 11814 12083 1 100
2717 2742 9339 9608 1 100
652 677 10815 11084 1 100
