2821 2846 27657 27926 39 39
693 718 13474 13743 82 82
2554 2579 29048 29317 21 21
1895 1920 17451 17720 44 44
699 724 7618 7887 94 94
904 929 23127 23396 37 37
2657 2682 29171 29440 68 68
324 349 17876 18145 6 6
1221 1246 14815 15084 52 52
1449 1474 12564 12833 10 10
1533 1558 26920 27189 97 97
761 786 20574 20843 8 8
2577 2602 21676 21945 98 98
948 973 18710 18979 64 64
2360 2385 12368 12637 8 8
392 417 7344 7613 44 44
2085 2110 20177 20446 94 94
566 591 11187 11456 80 80
733 758 14474 14743 85 85
1601 1626 5978 6247 39 39
2202 2227 15253 15522 92 92
2577 2602 11818 12087 81 81
2477 2502 12619 12888 72 72
1224 1249 6716 6985 20 20
2798 2823 20287 20556 28 28
2427 2452 11562 11831 43 43
643 668 15151 15420 78 78
2275 2300 26084 26353 54 54
2424 2449 4311 4580 24 24
2623 2648 4430 4699 94 94
1877 1902 22180 22449 1 1
2724 2749 26073 26342 81 81
1083 1108 25647 25916 18 18
2748 2773 15532 15801 26 26
2290 2315 9245 9514 53 53
2675 2700 10469 10738 90 90
1979 2004 9831 10100 75 75
1604 1629 5920 6189 75 75
1594 1619 12677 12946 93 93
1915 1940 12418 12687 82 82
1187 1212 11853 12122 49 49
664 689 5402 5671 87 87
2398 2423 9706 9975 8 8
2019 2044 13940 14209 8 8
2366 2391 29044 29313 47 47
2373 2398 10157 10426 35 35
1776 1801 15900 16169 15 15
806 831 5385 5654 78 78
1321 1346 10595 10864 6 6
2800 2825 15421 15690 80 80
494 519 21906 22175 42 42
2394 2419 8968 9237 76 76
608 633 13055 13324 69 69
1452 1477 14286 14555 88 88
2349 2374 15443 15712 53 53
721 746 4312 4581 90 90
1860 1885 15169 15438 41 41
1035 1060 28745 29014 85 85
1813 1838 13897 14166 70 70
1242 1267 24294 24563 24 24
691 716 28030 28299 36 36
1756 1781 20541 20810 7 7
1786 1811 22045 22314 17 17
611 636 23773 24042 81 81
696 721 12592 12861 23 23
1505 1530 16624 16893 93 93
935 960 17674 17943 86 86
1660 1685 19722 19991 70 70
1481 1506 24752 25021 23 23
1712 1737 12942 13211 36 36
2039 2064 21340 21609 91 91
821 846 27381 27650 37 37
989 1014 3967 4236 57 57
1139 1164 10164 10433 60 60
1435 1460 29330 29599 52 52
1041 1066 29443 29712 75 75
476 501 18643 18912 68 68
2810 2835 6978 7247 40 40
926 951 20627 20896 68 68
2532 2557 12956 13225 58 58
1532 1557 18262 18531 87 87
2259 2284 29788 30057 97 97
1135 1160 22083 22352 63 63
658 683 6187 6456 52 52
1401 1426 17180 17449 52 52
937 962 13276 13545 14 14
2253 2278 17664 17933 28 28
860 885 16848 17117 34 34
1035 1060 7074 7343 15 15
2360 2385 23033 23302 40 40
1678 1703 5143 5412 33 33
1944 1969 4146 4415 24 24
1114 1139 8084 8353 21 21
1291 1316 8420 8689 40 40
2206 2231 23074 23343 58 58
755 780 9327 9596 97 97
1306 1331 4597 4866 52 52
395 420 18788 19057 5 5
1948 1973 18228 18497 27 27
2070 2095 16062 16331 41 41
1218 1243 25134 25403 80 80
2724 2749 7637 7906 34 34
461 486 9827 10096 42 42
831 856 5090 5359 55 55
1545 1570 26302 26571 37 37
835 860 17000 17269 35 35
2009 2034 4610 4879 24 24
1142 1167 28568 28837 70 70
1362 1387 10060 10329 13 13
767 792 22908 23177 19 19
634 659 19004 19273 46 46
2214 2239 10756 11025 78 78
2392 2417 22101 22370 16 16
2620 2645 19810 20079 17 17
1702 1727 4218 4487 35 35
2332 2357 17135 17404 24 24
1645 1670 8856 9125 91 91
1612 1637 25509 25778 65 65
1240 1265 20961 21230 78 78
908 933 24996 25265 43 43
1122 1147 28149 28418 98 98
733 758 6897 7166 77 77
1404 1429 10911 11180 2 2
2020 2045 17693 17962 88 88
2018 2043 7000 7269 79 79
1376 1401 20781 21050 28 28
2515 2540 13054 13323 32 32
992 1017 5374 5643 41 41
442 467 16430 16699 58 58
960 985 5303 5572 12 12
2387 2412 6932 7201 39 39
565 590 19704 19973 18 18
486 511 18758 19027 80 80
2330 2355 6148 6417 70 70
1553 1578 13514 13783 41 41
992 1017 28903 29172 25 25
1801 1826 17841 18110 60 60
2561 2586 26625 26894 66 66
1213 1238 28512 28781 13 13
2359 2384 27711 27980 10 10
1991 2016 16547 16816 71 71
461 486 8171 8440 47 47
2251 2276 9406 9675 12 12
2430 2455 9851 10120 76 76
2362 2387 25383 25652 58 58
323 348 27718 27987 91 91
2109 2134 30058 30327 97 97
845 870 8759 9028 65 65
1982 2007 12041 12310 60 60
410 435 26449 26718 59 59
876 901 21667 21936 99 99
1676 1701 19991 20260 81 81
714 739 22467 22736 78 78
687 712 9423 9692 93 93
787 812 21265 21534 10 10
1779 1804 5846 6115 6 6
2209 2234 6659 6928 11 11
1766 1791 4260 4529 55 55
1758 1783 26734 27003 75 75
2348 2373 4718 4987 32 32
694 719 19521 19790 32 32
475 500 22765 23034 17 17
403 428 26383 26652 98 98
307 332 18551 18820 56 56
1639 1664 30048 30317 63 63
577 602 11404 11673 56 56
2552 2577 18070 18339 59 59
843 868 8741 9010 33 33
877 902 28918 29187 41 41
2013 2038 23236 23505 97 97
1836 1861 13555 13824 7 7
481 506 12485 12754 44 44
2250 2275 22346 22615 52 52
1472 1497 21962 22231 42 42
1869 1894 15330 15599 87 87
2001 2026 21982 22251 44 44
337 362 12406 12675 6 6
1852 1877 10808 11077 64 64
1416 1441 18176 18445 86 86
357 382 19805 20074 32 32
2323 2348 5809 6078 58 58
1843 1868 22485 22754 60 60
1885 1910 5947 6216 21 21
334 359 26105 26374 17 17
742 767 6586 6855 39 39
1070 1095 19934 20203 97 97
2814 2839 12846 13115 93 93
1836 1861 16613 16882 39 39
595 620 29642 29911 86 86
2739 2764 21437 21706 10 10
1123 1148 17510 17779 39 39
1853 1878 4884 5153 6 6
1004 1029 4306 4575 24 24
1843 1868 7742 8011 90 90
876 901 5079 5348 61 61
1409 1434 16677 16946 95 95
1792 1817 25276 25545 51 51
2721 2746 16445 16714 83 83
2812 2837 21639 21908 25 25
2060 2085 10629 10898 14 14
2798 2823 27444 27713 48 48
513 538 24576 24845 33 33
1472 1497 14410 14679 11 11
604 629 9604 9873 31 31
1647 1672 26267 26536 33 33
2669 2694 24418 24687 4 4
1269 1294 18269 18538 85 85
651 676 14373 14642 83 83
1787 1812 19602 19871 61 61
342 367 21550 21819 2 2
2462 2487 5606 5875 38 38
1573 1598 28855 29124 27 27
1785 1810 29906 30175 26 26
1181 1206 6937 7206 55 55
2361 2386 8763 9032 31 31
2265 2290 9472 9741 92 92
1683 1708 25063 25332 32 32
2773 2798 11152 11421 46 46
1398 1423 7066 7335 69 69
2590 2615 8029 8298 92 92
2141 2166 8731 9000 18 18
2466 2491 16994 17263 88 88
2592 2617 10956 11225 6 6
2266 2291 11881 12150 95 95
2078 2103 27412 27681 44 44
1647 1672 26292 26561 13 13
1504 1529 25101 25370 96 96
2785 2810 10859 11128 46 46
1262 1287 28479 28748 41 41
2015 2040 11888 12157 8 8
754 779 19156 19425 57 57
2544 2569 22417 22686 39 39
2523 2548 11828 12097 83 83
908 933 24511 24780 98 98
2144 2169 10924 11193 17 17
1528 1553 20046 20315 65 65
1448 1473 17147 17416 46 46
347 372 16563 16832 44 44
1740 1765 26814 27083 42 42
2039 2064 8354 8623 98 98
1307 1332 7364 7633 17 17
1723 1748 23597 23866 31 31
2633 2658 26761 27030 70 70
445 470 16180 16449 56 56
1155 1180 21504 21773 49 49
773 798 15160 15429 76 76
2259 2284 6522 6791 28 28
1546 1571 16717 16986 35 35
2101 2126 22480 22749 42 42
1519 1544 26942 27211 19 19
536 561 9469 9738 55 55
1612 1637 24315 24584 66 66
2812 2837 6515 6784 42 42
1952 1977 12548 12817 83 83
1018 1043 21796 22065 89 89
832 857 6360 6629 99 99
1787 1812 13325 13594 26 26
2559 2584 10565 10834 62 62
559 584 27814 28083 52 52
2461 2486 11594 11863 37 37
1759 1784 21234 21503 21 21
2072 2097 16745 17014 60 60
569 594 14689 14958 91 91
2039 2064 24879 25148 98 98
1042 1067 10760 11029 78 78
1013 1038 7887 8156 47 47
652 677 5724 5993 67 67
2701 2726 15565 15834 83 83
557 582 21475 21744 34 34
1374 1399 19684 19953 64 64
841 866 14613 14882 68 68
1932 1957 5853 6122 63 63
622 647 14986 15255 79 79
2782 2807 9624 9893 81 81
2510 2535 26743 27012 26 26
680 705 5889 6158 63 63
330 355 7746 8015 67 67
2466 2491 10171 10440 61 61
2285 2310 22110 22379 82 82
1607 1632 8815 9084 70 70
696 721 19940 20209 40 40
2355 2380 5808 6077 46 46
1247 1272 15363 15632 53 53
504 529 22620 22889 98 98
1797 1822 5711 5980 66 66
769 794 12979 13248 45 45
2091 2116 16366 16635 35 35
1201 1226 27182 27451 60 60
1352 1377 25408 25677 78 78
1847 1872 4442 4711 47 47
2321 2346 25235 25504 98 98
731 756 25147 25416 53 53
442 467 15070 15339 68 68
2715 2740 28568 28837 40 40
1669 1694 8564 8833 59 59
1211 1236 13257 13526 9 9
499 524 18036 18305 35 35
1478 1503 26606 26875 4 4
500 525 20116 20385 95 95
388 413 19942 20211 43 43
288 313 11349 11618 10 10
2708 2733 5017 5286 61 61
1282 1307 29510 29779 61 61
2421 2446 14020 14289 86 86
2557 2582 17532 17801 17 17
1373 1398 5723 5992 75 75
841 866 11031 11300 26 26
2583 2608 6784 7053 31 31
1145 1170 25865 26134 55 55
1077 1102 6508 6777 77 77
784 809 6889 7158 69 69
1655 1680 14447 14716 69 69
671 696 6326 6595 23 23
371 396 18684 18953 81 81
979 1004 13076 13345 40 40
489 514 21761 22030 65 65
365 390 21382 21651 99 99
1443 1468 24371 24640 77 77
2696 2721 29245 29514 58 58
1074 1099 26995 27264 16 16
691 716 18128 18397 2 2
1639 1664 20108 20377 10 10
2797 2822 4691 4960 91 91
2376 2401 30550 30819 18 18
1239 1264 17650 17919 22 22
774 799 23914 24183 66 66
2510 2535 30098 30367 55 55
2545 2570 21740 22009 24 24
1701 1726 19592 19861 72 72
1171 1196 15107 15376 97 97
2636 2661 22374 22643 38 38
2581 2606 20242 20511 3 3
888 913 9794 10063 51 51
1104 1129 18523 18792 44 44
1848 1873 27948 28217 68 68
303 328 23103 23372 38 38
1681 1706 7692 7961 32 32
1447 1472 11624 11893 68 68
2503 2528 9181 9450 78 78
1593 1618 24213 24482 19 19
2659 2684 28809 29078 62 62
1110 1135 27841 28110 77 77
1841 1866 29904 30173 35 35
2322 2347 8824 9093 52 52
2642 2667 7916 8185 10 10
1926 1951 7755 8024 46 46
983 1008 22333 22602 26 26
2443 2468 17721 17990 47 47
1401 1426 14355 14624 80 80
2819 2844 7062 7331 88 88
1422 1447 18902 19171 82 82
1141 1166 10774 11043 62 62
2360 2385 23581 23850 36 36
1528 1553 29513 29782 96 96
1714 1739 28539 28808 58 58
1929 1954 7727 7996 40 40
1092 1117 9868 10137 8 8
460 485 7831 8100 16 16
1323 1348 17503 17772 85 85
2555 2580 27894 28163 88 88
1524 1549 23529 23798 18 18
1561 1586 20929 21198 13 13
2043 2068 5919 6188 71 71
431 456 12922 13191 46 46
1669 1694 26045 26314 78 78
1256 1281 16006 16275 35 35
1762 1787 24784 25053 52 52
2039 2064 4762 5031 61 61
1305 1330 13085 13354 28 28
2757 2782 26436 26705 30 30
665 690 13717 13986 83 83
2500 2525 26448 26717 50 50
476 501 29488 29757 6 6
1249 1274 25995 26264 84 84
2363 2388 17024 17293 39 39
2061 2086 6554 6823 74 74
1987 2012 23136 23405 37 37
2468 2493 5227 5496 55 55
1547 1572 19908 20177 69 69
1917 1942 20468 20737 63 63
1620 1645 11954 12223 22 22
1198 1223 5497 5766 26 26
1137 1162 9855 10124 37 37
1943 1968 14190 14459 88 88
369 394 17433 17702 77 77
1368 1393 19460 19729 61 61
522 547 22145 22414 72 72
1188 1213 25668 25937 24 24
999 1024 11113 11382 26 26
1596 1621 14861 15130 65 65
2108 2133 9495 9764 28 28
1830 1855 12692 12961 31 31
2042 2067 12880 13149 84 84
386 411 12045 12314 59 59
1732 1757 17255 17524 2 2
800 825 22055 22324 86 86
1713 1738 9952 10221 48 48
2431 2456 26524 26793 37 37
591 616 23140 23409 12 12
1937 1962 27926 28195 4 4
2278 2303 15842 16111 36 36
1999 2024 17565 17834 95 95
2345 2370 4230 4499 26 26
1562 1587 26121 26390 35 35
1594 1619 25356 25625 6 6
2574 2599 11188 11457 72 72
589 614 12885 13154 11 11
2065 2090 23000 23269 55 55
949 974 14261 14530 60 60
680 705 29288 29557 93 93
2294 2319 29402 29671 16 16
1661 1686 22624 22893 49 49
674 699 8597 8866 15 15
1761 1786 19888 20157 50 50
517 542 9623 9892 40 40
1150 1175 19865 20134 61 61
627 652 10928 11197 75 75
763 788 27668 27937 52 52
1491 1516 9961 10230 13 13
1955 1980 18278 18547 80 80
2497 2522 8334 8603 23 23
449 474 12336 12605 62 62
1857 1882 10477 10746 32 32
465 490 11702 11971 12 12
874 899 22203 22472 62 62
1613 1638 30571 30840 84 84
1628 1653 24444 24713 62 62
1379 1404 11756 12025 43 43
2040 2065 11262 11531 60 60
2350 2375 13602 13871 26 26
1041 1066 19956 20225 39 39
487 512 9831 10100 39 39
2031 2056 23503 23772 17 17
1070 1095 7974 8243 97 97
1433 1458 10159 10428 18 18
1510 1535 24832 25101 76 76
1422 1447 28763 29032 49 49
1104 1129 8092 8361 46 46
1740 1765 4695 4964 17 17
1077 1102 28897 29166 25 25
488 513 26110 26379 59 59
1012 1037 19885 20154 37 37
508 533 26991 27260 7 7
1917 1942 27363 27632 78 78
2599 2624 6470 6739 4 4
841 866 23295 23564 18 18
1033 1058 13827 14096 84 84
2549 2574 9789 10058 75 75
2349 2374 8267 8536 44 44
1643 1668 15287 15556 3 3
533 558 18545 18814 28 28
860 885 24358 24627 41 41
2192 2217 8727 8996 4 4
1612 1637 6758 7027 46 46
2823 2848 24302 24571 77 77
1925 1950 24415 24684 57 57
1222 1247 5169 5438 74 74
1089 1114 17555 17824 83 83
1650 1675 10347 10616 29 29
2116 2141 19437 19706 66 66
1037 1062 25929 26198 23 23
1719 1744 19196 19465 33 33
1822 1847 27945 28214 37 37
1148 1173 20369 20638 47 47
1462 1487 25236 25505 61 61
393 418 20204 20473 96 96
1719 1744 24252 24521 28 28
512 537 12752 13021 5 5
1116 1141 10753 11022 68 68
2069 2094 19015 19284 33 33
2594 2619 7289 7558 26 26
1923 1948 24397 24666 4 4
2360 2385 29159 29428 99 99
613 638 19903 20172 23 23
1838 1863 16220 16489 49 49
2285 2310 24481 24750 81 81
2515 2540 8835 9104 38 38
2306 2331 30550 30819 99 99
2353 2378 13622 13891 42 42
1203 1228 15676 15945 11 11
2766 2791 17583 17852 6 6
1225 1250 9224 9493 50 50
1281 1306 9105 9374 88 88
2297 2322 22017 22286 19 19
510 535 20301 20570 87 87
1610 1635 24324 24593 69 69
1546 1571 26003 26272 21 21
287 312 26570 26839 16 16
1787 1812 11082 11351 35 35
748 773 12596 12865 5 5
2152 2177 19969 20238 89 89
2634 2659 26630 26899 16 16
1684 1709 23110 23379 13 13
2417 2442 29584 29853 16 16
1580 1605 13028 13297 73 73
1927 1952 13719 13988 44 44
2597 2622 25115 25384 23 23
907 932 10402 10671 41 41
2182 2207 5046 5315 95 95
2764 2789 12027 12296 56 56
