920 945 21301 21570 41.0678 50.9678
2028 2053 14763 15032 45.8352 55.7352
2076 2101 19585 19854 89.6353 99.5353
1767 1792 11001 11270 84.5707 94.4707
1884 1909 14811 15080 1.77437 11.6744
2730 2755 29149 29418 21.3111 31.2111
2292 2317 20743 21012 75.817 85.717
2738 2763 14701 14970 32.8723 42.7723
2540 2565 28684 28953 57.1343 67.0343
1134 1159 23131 23400 68.2538 78.1538
707 732 12222 12491 89.4007 99.3007
2396 2421 21964 22233 37.5583 47.4583
2191 2216 4017 4286 25.3494 35.2494
1557 1582 7041 7310 50.7937 60.6937
900 925 14364 14633 7.83237 17.7324
1529 1554 11189 11458 61.3423 71.2423
1392 1417 12790 13059 61.806 71.706
2807 2832 28308 28577 2.90225 12.8022
1333 1358 16719 16988 67.0421 76.9421
993 1018 16996 17265 80.0942 89.9942
2734 2759 7280 7549 8.92003 18.82
717 742 13131 13400 89.3859 99.2859
1385 1410 24534 24803 31.925 41.825
939 964 24030 24299 27.3896 37.2896
1351 1376 10771 11040 52.0746 61.9746
1718 1743 29615 29884 41.9987 51.8987
2215 2240 16443 16712 74.1676 84.0676
2272 2297 25631 25900 30.8696 40.7696
2752 2777 21505 21774 25.5329 35.4329
1948 1973 16279 16548 29.0122 38.9122
1687 1712 16507 16776 86.4163 96.3163
2607 2632 12908 13177 55.2688 65.1688
1960 1985 14393 14662 72.8492 82.7492
1543 1568 9965 10234 55.9372 65.8372
294 319 6691 6960 88.1036 98.0036
2364 2389 11610 11879 1.61155 11.5115
2186 2211 25208 25477 87.4166 97.3166
1172 1197 7163 7432 61.5914 71.4914
807 832 21536 21805 49.4526 59.3526
2375 2400 13135 13404 22.3789 32.2789
661 686 25884 26153 47.6241 57.5241
1187 1212 12859 13128 32.0446 41.9446
1572 1597 18736 19005 24.232 34.132
1179 1204 16951 17220 41.8469 51.7469
1286 1311 8692 8961 53.2719 63.1719
562 587 4388 4657 66.3394 76.2394
2804 2829 11293 11562 60.9805 70.8805
1482 1507 9698 9967 8.90129 18.8013
694 719 22057 22326 3.10391 13.0039
520 545 9779 10048 23.875 33.775
2644 2669 12572 12841 66.5532 76.4532
1505 1530 29946 30215 54.3029 64.2029
460 485 17803 18072 79.8546 89.7546
1811 1836 23390 23659 2.2777 12.1777
524 549 11589 11858 19.8173 29.7173
2388 2413 13965 14234 16.037 25.937
2173 2198 29553 29822 34.2799 44.1799
1813 1838 15648 15917 60.6134 70.5134
378 403 24429 24698 35.8072 45.7072
2286 2311 14419 14688 77.8387 87.7387
590 615 26527 26796 41.8645 51.7645
816 841 18112 18381 7.95652 17.8565
2743 2768 22877 23146 41.0724 50.9724
1982 2007 24633 24902 33.8612 43.7612
2343 2368 27494 27763 46.6048 56.5048
1292 1317 5649 5918 77.3067 87.2067
1510 1535 21987 22256 38.4784 48.3784
782 807 14002 14271 29.57 39.47
600 625 11571 11840 10.0393 19.9393
889 914 5648 5917 44.7169 54.6169
823 848 30162 30431 59.1926 69.0926
1755 1780 27121 27390 19.6796 29.5796
2643 2668 7367 7636 41.9779 51.8779
2232 2257 10431 10700 69.9085 79.8085
1420 1445 22681 22950 49.8739 59.7739
1212 1237 20311 20580 42.835 52.735
916 941 5692 5961 26.031 35.931
507 532 8994 9263 68.1314 78.0314
1188 1213 7414 7683 78.2487 88.1487
2397 2422 20992 21261 69.1757 79.0757
1826 1851 28926 29195 57.4428 67.3428
2439 2464 9370 9639 34.5366 44.4366
1338 1363 16901 17170 43.071 52.971
2824 2849 8256 8525 87.8341 97.7341
1384 1409 6728 6997 76.6591 86.5591
1757 1782 18051 18320 27.3633 37.2633
581 606 21774 22043 54.7726 64.6726
724 749 16868 17137 12.9669 22.8669
2743 2768 15045 15314 51.6596 61.5596
1641 1666 10153 10422 31.8024 41.7024
997 1022 8840 9109 36.5784 46.4784
2693 2718 7052 7321 11.4078 21.3078
2169 2194 20884 21153 63.036 72.936
913 938 12147 12416 53.3352 63.2352
628 653 26269 26538 18.5113 28.4113
1802 1827 10704 10973 8.5134 18.4134
951 976 14706 14975 12.5482 22.4482
1852 1877 6870 7139 67.0942 76.9942
1485 1510 20074 20343 27.8658 37.7658
1143 1168 10579 10848 86.4466 96.3466
1060 1085 4826 5095 19.2537 29.1537
1777 1802 29044 29313 64.6796 74.5796
648 673 22642 22911 66.5484 76.4484
2209 2234 15700 15969 66.8379 76.7379
1743 1768 14713 14982 45.3567 55.2567
390 415 7945 8214 55.3231 65.2231
1628 1653 13690 13959 49.4722 59.3722
624 649 27953 28222 63.5237 73.4237
2099 2124 4415 4684 73.5092 83.4092
1491 1516 24580 24849 65.2329 75.1329
916 941 27481 27750 22.1149 32.0149
1920 1945 5709 5978 3.94243 13.8424
2165 2190 21829 22098 46.2521 56.1521
2709 2734 6949 7218 11.9148 21.8148
2574 2599 16766 17035 86.5537 96.4537
1290 1315 27426 27695 74.1835 84.0835
2505 2530 24481 24750 9.85612 19.7561
2399 2424 25769 26038 37.4444 47.3444
1416 1441 15660 15929 88.504 98.404
2617 2642 5262 5531 30.1501 40.0501
1293 1318 27442 27711 81.0741 90.9741
1683 1708 29974 30243 9.5544 19.4544
730 755 17894 18163 8.54323 18.4432
1295 1320 29044 29313 57.321 67.221
2063 2088 20260 20529 23.6786 33.5786
834 859 11958 12227 29.2605 39.1605
1676 1701 10907 11176 80.5803 90.4803
2712 2737 25960 26229 10.986 20.886
1020 1045 4842 5111 70.1164 80.0164
1324 1349 16985 17254 17.5373 27.4373
2539 2564 15739 16008 35.4841 45.3841
1324 1349 26726 26995 49.7661 59.6661
748 773 19842 20111 43.6517 53.5517
1777 1802 15713 15982 82.6894 92.5894
2220 2245 20350 20619 63.2059 73.1059
2565 2590 19802 20071 25.2134 35.1134
373 398 16161 16430 27.3795 37.2795
2086 2111 17264 17533 37.7653 47.6653
1005 1030 20483 20752 30.7944 40.6944
1497 1522 26298 26567 74.6317 84.5317
2224 2249 28707 28976 64.9988 74.8988
1275 1300 22691 22960 22.0106 31.9106
888 913 8106 8375 38.7096 48.6096
1374 1399 4765 5034 75.5923 85.4923
666 691 13763 14032 58.8179 68.7179
2031 2056 17450 17719 73.9403 83.8403
1983 2008 14588 14857 20.2873 30.1873
2147 2172 21887 22156 89.2595 99.1595
1719 1744 5970 6239 52.0011 61.9011
2810 2835 5208 5477 87.4608 97.3608
712 737 19011 19280 52.9329 62.8329
1533 1558 17592 17861 22.1471 32.0471
607 632 23154 23423 5.65797 15.558
930 955 24927 25196 18.6975 28.5975
2542 2567 21373 21642 24.1423 34.0423
2131 2156 24981 25250 51.0153 60.9153
1823 1848 19045 19314 40.8217 50.7217
2039 2064 8619 8888 83.8305 93.7305
1091 1116 15728 15997 6.48328 16.3833
316 341 10797 11066 61.441 71.341
1731 1756 6876 7145 6.62982 16.5298
2126 2151 15768 16037 46.045 55.945
1945 1970 29783 30052 67.6303 77.5303
2253 2278 9614 9883 16.2487 26.1487
427 452 22253 22522 67.0339 76.9339
1552 1577 28901 29170 23.5808 33.4808
2220 2245 14944 15213 83.9582 93.8582
575 600 17335 17604 7.2457 17.1457
968 993 24676 24945 17.0974 26.9974
2176 2201 23032 23301 56.2077 66.1077
1295 1320 8120 8389 19.0082 28.9082
2815 2840 4711 4980 62.9423 72.8423
1662 1687 27727 27996 40.5093 50.4093
990 1015 29963 30232 78.5188 88.4188
918 943 8413 8682 81.0521 90.9521
857 882 26200 26469 12.4826 22.3826
1583 1608 14979 15248 35.8506 45.7506
678 703 13970 14239 90.0324 99.9324
607 632 10642 10911 84.0873 93.9873
1235 1260 7030 7299 66.6722 76.5722
597 622 6325 6594 47.181 57.081
1671 1696 21685 21954 73.2023 83.1023
2189 2214 11555 11824 78.7831 88.6831
2476 2501 21801 22070 75.2703 85.1703
636 661 18203 18472 78.017 87.917
1477 1502 18199 18468 28.7543 38.6543
782 807 16188 16457 62.2531 72.1531
1665 1690 25362 25631 46.4795 56.3795
792 817 21840 22109 70.9529 80.8529
1520 1545 15498 15767 49.712 59.612
362 387 15115 15384 45.5425 55.4425
1316 1341 19798 20067 70.4185 80.3185
2706 2731 14732 15001 73.9405 83.8405
2676 2701 25765 26034 44.3277 54.2277
1625 1650 30013 30282 83.929 93.829
297 322 19145 19414 82.5781 92.4781
938 963 14293 14562 65.2003 75.1003
1966 1991 28384 28653 31.9984 41.8984
2702 2727 19605 19874 71.9736 81.8736
312 337 8699 8968 33.7121 43.6121
2758 2783 10927 11196 61.5216 71.4216
1465 1490 7663 7932 83.3104 93.2104
2489 2514 20577 20846 72.9207 82.8207
1143 1168 20166 20435 74.2063 84.1063
1656 1681 7731 8000 85.2747 95.1747
1743 1768 8643 8912 3.63372 13.5337
1382 1407 20438 20707 17.9658 27.8658
901 926 27514 27783 80.366 90.266
2269 2294 11340 11609 16.9111 26.8111
718 743 5272 5541 3.13293 13.0329
2298 2323 10487 10756 17.6036 27.5036
1256 1281 29376 29645 15.4042 25.3042
1530 1555 28312 28581 79.4258 89.3258
1507 1532 9163 9432 15.8071 25.7071
2408 2433 18360 18629 80.3628 90.2628
470 495 14960 15229 84.8101 94.7101
1008 1033 13226 13495 59.2477 69.1477
1002 1027 23495 23764 71.2731 81.1731
1239 1264 13900 14169 72.9214 82.8214
1255 1280 28994 29263 48.3898 58.2898
1315 1340 23209 23478 52.735 62.635
527 552 9644 9913 49.0881 58.9881
1874 1899 26973 27242 9.07894 18.9789
1337 1362 7970 8239 11.9923 21.8923
714 739 27759 28028 14.4003 24.3003
974 999 28642 28911 16.4765 26.3765
1533 1558 25829 26098 6.35443 16.2544
2673 2698 29679 29948 47.2344 57.1344
987 1012 11346 11615 87.3593 97.2593
2041 2066 11230 11499 22.8472 32.7472
2720 2745 7448 7717 69.9545 79.8545
2580 2605 6994 7263 17.5584 27.4584
2805 2830 11677 11946 50.1027 60.0027
2083 2108 11492 11761 52.6192 62.5192
301 326 20754 21023 13.5586 23.4586
1381 1406 16611 16880 27.8846 37.7846
1693 1718 28501 28770 87.5419 97.4419
1363 1388 19633 19902 41.9853 51.8853
2584 2609 13587 13856 55.3363 65.2363
2251 2276 17768 18037 54.4059 64.3059
2374 2399 4949 5218 51.0161 60.9161
2423 2448 10246 10515 52.0815 61.9815
2399 2424 28619 28888 86.0397 95.9397
1004 1029 4503 4772 44.4275 54.3275
1037 1062 23068 23337 45.1853 55.0853
1105 1130 14962 15231 74.2316 84.1316
422 447 21694 21963 41.5209 51.4209
689 714 20154 20423 6.30102 16.201
2254 2279 29903 30172 46.5338 56.4338
380 405 9529 9798 49.2518 59.1518
1736 1761 6904 7173 73.8781 83.7781
2261 2286 12735 13004 78.7033 88.6033
2202 2227 8004 8273 23.7155 33.6155
1204 1229 11911 12180 14.7826 24.6826
323 348 30411 30680 58.5523 68.4523
1567 1592 5468 5737 84.6695 94.5695
533 558 15084 15353 22.8551 32.7551
1022 1047 25941 26210 54.3191 64.2191
930 955 10490 10759 59.1292 69.0292
963 988 25600 25869 25.8559 35.7559
1908 1933 27189 27458 79.4798 89.3798
1110 1135 16853 17122 17.3109 27.2109
2442 2467 22380 22649 41.7965 51.6965
2359 2384 24865 25134 23.8393 33.7393
2665 2690 5218 5487 11.7142 21.6142
2404 2429 27799 28068 26.6685 36.5685
1704 1729 27261 27530 10.8312 20.7312
404 429 26251 26520 47.3999 57.2999
2731 2756 11903 12172 2.50426 12.4043
801 826 18598 18867 25.925 35.825
1678 1703 8795 9064 81.968 91.868
415 440 8235 8504 46.794 56.694
1101 1126 21313 21582 56.2399 66.1399
386 411 15583 15852 21.4899 31.3899
2514 2539 22095 22364 80.4159 90.3159
1201 1226 27581 27850 8.90314 18.8031
2363 2388 18341 18610 69.0722 78.9722
1049 1074 8297 8566 29.7995 39.6995
1786 1811 15587 15856 78.9305 88.8305
479 504 10967 11236 84.7992 94.6992
750 775 24760 25029 9.90152 19.8015
2104 2129 6642 6911 20.5602 30.4602
2403 2428 16789 17058 13.9341 23.8341
1618 1643 4058 4327 16.0831 25.9831
1648 1673 29720 29989 46.1343 56.0343
586 611 13662 13931 68.1957 78.0957
1291 1316 6875 7144 86.5255 96.4255
1470 1495 24345 24614 29.5345 39.4345
289 314 6219 6488 48.3307 58.2307
2519 2544 8511 8780 18.4987 28.3987
2773 2798 5345 5614 54.9945 64.8945
2080 2105 14221 14490 65.7867 75.6867
894 919 23329 23598 69.1863 79.0863
778 803 24467 24736 19.2342 29.1342
1862 1887 9999 10268 25.5253 35.4253
2410 2435 7856 8125 18.3626 28.2626
2598 2623 15255 15524 24.4146 34.3146
1301 1326 23122 23391 52.5126 62.4126
2165 2190 4315 4584 66.3008 76.2008
2169 2194 14341 14610 66.2836 76.1836
1236 1261 16488 16757 82.7304 92.6304
1361 1386 13698 13967 22.7536 32.6536
2678 2703 10271 10540 18.9029 28.8029
2487 2512 19751 20020 45.007 54.907
893 918 29055 29324 29.1114 39.0114
1701 1726 27780 28049 54.9764 64.8764
2312 2337 11006 11275 45.7496 55.6496
1286 1311 17868 18137 71.5032 81.4032
1339 1364 26082 26351 75.281 85.181
1055 1080 18735 19004 42.5692 52.4692
2580 2605 4776 5045 65.8559 75.7559
914 939 25924 26193 60.5981 70.4981
1402 1427 4945 5214 55.0448 64.9448
2644 2669 7989 8258 58.7858 68.6858
2457 2482 4695 4964 2.14851 12.0485
1234 1259 24684 24953 18.3673 28.2673
1827 1852 18636 18905 6.12669 16.0267
2699 2724 16138 16407 46.6078 56.5078
545 570 14790 15059 5.17846 15.0785
467 492 9203 9472 12.9249 22.8249
583 608 9709 9978 3.59036 13.4904
463 488 11962 12231 35.5136 45.4136
1307 1332 24332 24601 84.3815 94.2815
807 832 16755 17024 49.8691 59.7691
1407 1432 4009 4278 34.9662 44.8662
1169 1194 18805 19074 69.5427 79.4427
2222 2247 13688 13957 80.861 90.761
2388 2413 24708 24977 5.23575 15.1357
2089 2114 13921 14190 75.724 85.624
2234 2259 10274 10543 1.22649 11.1265
2764 2789 22253 22522 30.5713 40.4713
2087 2112 9119 9388 62.9442 72.8442
1283 1308 5362 5631 43.0324 52.9324
801 826 17320 17589 71.1497 81.0497
1276 1301 5597 5866 11.1032 21.0032
1370 1395 25795 26064 79.8932 89.7932
932 957 17984 18253 62.1962 72.0962
1618 1643 15880 16149 9.10626 19.0063
1286 1311 4853 5122 84.5709 94.4709
1594 1619 5132 5401 5.47121 15.3712
2342 2367 4870 5139 80.6764 90.5764
1711 1736 4908 5177 28.3312 38.2312
1906 1931 23399 23668 86.2338 96.1338
1501 1526 9978 10247 40.129 50.029
1886 1911 18156 18425 38.9026 48.8026
1716 1741 23964 24233 83.7031 93.6031
370 395 17670 17939 21.3866 31.2866
2540 2565 12056 12325 26.591 36.491
458 483 23162 23431 70.8574 80.7574
2028 2053 29442 29711 62.9198 72.8198
395 420 11435 11704 25.392 35.292
356 381 26292 26561 52.3089 62.2089
1720 1745 26828 27097 86.7395 96.6395
1392 1417 4876 5145 37.21 47.11
497 522 28467 28736 51.378 61.278
2111 2136 13900 14169 69.7656 79.6656
2626 2651 29339 29608 72.8153 82.7153
1437 1462 4597 4866 59.977 69.877
2224 2249 13740 14009 35.4864 45.3864
1702 1727 9625 9894 74.0676 83.9676
2798 2823 25238 25507 83.5025 93.4025
2525 2550 23685 23954 11.9514 21.8514
1116 1141 8233 8502 12.4584 22.3584
1147 1172 6956 7225 36.9559 46.8559
2164 2189 4675 4944 66.4937 76.3937
2615 2640 27780 28049 32.7637 42.6637
1642 1667 18191 18460 8.31487 18.2149
1843 1868 16604 16873 65.0322 74.9322
1635 1660 8317 8586 37.1666 47.0666
2021 2046 17061 17330 8.28874 18.1887
1769 1794 17385 17654 71.97 81.87
1965 1990 10225 10494 41.5867 51.4867
2466 2491 23201 23470 45.6035 55.5035
1377 1402 22485 22754 73.4653 83.3653
2465 2490 14118 14387 78.5455 88.4455
1268 1293 8487 8756 19.3358 29.2358
2741 2766 25620 25889 63.2946 73.1946
2478 2503 24040 24309 56.9531 66.8531
2740 2765 11869 12138 30.2466 40.1466
1155 1180 6416 6685 54.0325 63.9325
1644 1669 8458 8727 12.0307 21.9307
1173 1198 21660 21929 30.7664 40.6664
418 443 13167 13436 64.7596 74.6596
818 843 7792 8061 24.8944 34.7944
2509 2534 29285 29554 40.825 50.725
2187 2212 22239 22508 74.8295 84.7295
1682 1707 23266 23535 17.4736 27.3736
2365 2390 4477 4746 30.6726 40.5726
897 922 17909 18178 7.23674 17.1367
2742 2767 18155 18424 68.4081 78.3081
708 733 10906 11175 24.2986 34.1986
1430 1455 15547 15816 42.1664 52.0664
1086 1111 21344 21613 53.5518 63.4518
1484 1509 9786 10055 68.9131 78.8131
569 594 6705 6974 35.1062 45.0062
1198 1223 14759 15028 23.9694 33.8694
1212 1237 29228 29497 60.9218 70.8218
1970 1995 9156 9425 74.8673 84.7673
1515 1540 22424 22693 40.738 50.638
1201 1226 16285 16554 84.8006 94.7006
819 844 30511 30780 43.8326 53.7326
286 311 23340 23609 75.5596 85.4596
310 335 27710 27979 46.7128 56.6128
531 556 9593 9862 5.24013 15.1401
2045 2070 12268 12537 21.2624 31.1624
1568 1593 17354 17623 85.5695 95.4695
1060 1085 4673 4942 44.6417 54.5417
1033 1058 16803 17072 47.8737 57.7737
2113 2138 22475 22744 64.1185 74.0185
689 714 25786 26055 32.5226 42.4226
1757 1782 29217 29486 11.4631 21.3631
2560 2585 12563 12832 16.315 26.215
468 493 16360 16629 83.1893 93.0893
2287 2312 23192 23461 2.20117 12.1012
1887 1912 8353 8622 66.5449 76.4449
521 546 21921 22190 60.7789 70.6789
1668 1693 28907 29176 46.6992 56.5992
2610 2635 21995 22264 53.8129 63.7129
2509 2534 24539 24808 19.3482 29.2482
1381 1406 23866 24135 38.6417 48.5417
714 739 7548 7817 10.5904 20.4905
1534 1559 5369 5638 46.593 56.493
2443 2468 28941 29210 11.6158 21.5158
1700 1725 15731 16000 47.3105 57.2105
2081 2106 22968 23237 55.4235 65.3235
1326 1351 26775 27044 71.0612 80.9612
353 378 9412 9681 23.7484 33.6484
1666 1691 20900 21169 71.1959 81.0959
886 911 11250 11519 17.6264 27.5264
2770 2795 27516 27785 88.6671 98.5671
2168 2193 24918 25187 7.37391 17.2739
2766 2791 30032 30301 85.8796 95.7796
449 474 10888 11157 45.6881 55.5881
938 963 14071 14340 25.9568 35.8568
2313 2338 18594 18863 24.2369 34.1369
2442 2467 4225 4494 63.1353 73.0353
1039 1064 11030 11299 59.7102 69.6102
2029 2054 11182 11451 57.6035 67.5035
2045 2070 17550 17819 13.5888 23.4888
970 995 20108 20377 81.8847 91.7847
786 811 12142 12411 33.4027 43.3027
1396 1421 18936 19205 54.4615 64.3615
585 610 22470 22739 74.6206 84.5206
1087 1112 6604 6873 6.55803 16.458
2362 2387 15326 15595 27.3307 37.2307
921 946 24487 24756 22.2834 32.1834
1124 1149 27346 27615 61.884 71.784
2787 2812 16472 16741 7.28719 17.1872
2769 2794 11845 12114 6.75036 16.6504
2699 2724 7422 7691 82.9661 92.8661
1730 1755 19298 19567 7.27627 17.1763
295 320 22522 22791 55.5712 65.4712
1219 1244 20445 20714 15.8327 25.7327
597 622 9510 9779 68.1878 78.0878
1421 1446 28159 28428 1.33584 11.2358
398 423 13567 13836 52.2447 62.1447
1719 1744 17139 17408 22.6757 32.5757
361 386 13870 14139 28.8215 38.7215
855 880 20725 20994 49.4337 59.3337
2235 2260 16455 16724 14.3832 24.2832
1894 1919 24640 24909 22.0257 31.9257
1346 1371 12971 13240 77.7354 87.6354
2477 2502 7545 7814 83.8473 93.7473
1559 1584 15315 15584 9.98282 19.8828
2172 2197 14017 14286 54.9543 64.8543
878 903 20227 20496 63.7987 73.6987
814 839 7590 7859 19.2402 29.1402
2363 2388 6012 6281 63.7444 73.6444
607 632 24659 24928 86.4039 96.3039
1429 1454 21933 22202 9.70731 19.6073
1997 2022 14007 14276 3.63942 13.5394
2817 2842 29983 30252 17.8474 27.7474
2457 2482 8755 9024 14.6928 24.5928
2795 2820 20236 20505 74.1406 84.0406
516 541 13800 14069 22.5489 32.4489
1823 1848 25567 25836 73.1371 83.0371
1286 1311 22797 23066 62.3 72.2
724 749 26981 27250 57.6102 67.5102
695 720 24011 24280 67.3551 77.2551
2113 2138 23715 23984 16.8739 26.7739
355 380 23827 24096 73.8883 83.7883
990 1015 13062 13331 69.819 79.719
1486 1511 11927 12196 63.5816 73.4816
2781 2806 6448 6717 71.0088 80.9088
2268 2293 26929 27198 74.533 84.433
2062 2087 19572 19841 71.1455 81.0455
1306 1331 16820 17089 35.0244 44.9244
1439 1464 29958 30227 72.6009 82.5009
593 618 17547 17816 39.841 49.741
315 340 19188 19457 72.2784 82.1784
2561 2586 20754 21023 11.4406 21.3406
328 353 16304 16573 56.5536 66.4536
2323 2348 12955 13224 16.0526 25.9526
2127 2152 14319 14588 71.5739 81.4739
2593 2618 5129 5398 49.5559 59.4559
1490 1515 20196 20465 10.2973 20.1973
990 1015 20601 20870 15.5968 25.4968
1626 1651 13834 14103 83.6945 93.5945
986 1011 22867 23136 20.7238 30.6238
1942 1967 18966 19235 83.9441 93.8441
