1480 1994 19399 24782 63.1 82.9
2326 2840 8558 13941 77.326 97.126
1693 2207 5876 11259 38.4687 58.2687
282 796 11675 17058 36.63 56.43
1990 2504 15140 20523 77.12 96.92
1641 2155 18841 24224 37.3254 57.1254
2150 2664 11459 16842 33.8535 53.6535
2113 2627 7755 13138 77.1978 96.9978
938 1452 23663 29046 47.0781 66.8781
2046 2560 12888 18271 46.5556 66.3556
1654 2168 16265 21648 69.3043 89.1043
302 816 6158 11541 26.9532 46.7532
2149 2663 10937 16320 33.7391 53.5391
413 927 15484 20867 9.89405 29.694
592 1106 12616 17999 78.892 98.692
1647 2161 10603 15986 57.6625 77.4625
295 809 14004 19387 3.31376 23.1138
573 1087 11114 16497 44.3863 64.1863
2093 2607 18268 23651 23.921 43.721
489 1003 20705 26088 64.031 83.831
830 1344 20359 25742 69.7001 89.5001
1970 2484 19675 25058 43.7006 63.5006
599 1113 12200 17583 75.2436 95.0436
452 966 10043 15426 4.33555 24.1355
319 833 8055 13438 74.1825 93.9825
1397 1911 4674 10057 53.2749 73.0749
1245 1759 13943 19326 17.9551 37.7551
549 1063 15271 20654 13.943 33.743
406 920 19958 25341 31.0717 50.8717
1018 1532 8192 13575 5.16571 24.9657
1773 2287 11923 17306 23.5396 43.3396
2062 2576 5992 11375 18.4934 38.2934
2123 2637 18997 24380 67.3532 87.1532
1310 1824 9812 15195 19.5876 39.3876
1681 2195 10154 15537 78.8267 98.6267
1081 1595 9695 15078 25.3903 45.1903
1120 1634 4251 9634 4.40406 24.2041
1360 1874 22878 28261 27.7213 47.5213
1824 2338 4798 10181 64.74 84.54
1111 1625 15247 20630 32.7382 52.5382
1238 1752 20112 25495 7.8714 27.6714
1769 2283 10190 15573 27.844 47.644
668 1182 14123 19506 21.4092 41.2092
1861 2375 14937 20320 21.3061 41.1061
1614 2128 5090 10473 15.4288 35.2288
988 1502 14798 20181 24.4692 44.2692
851 1365 10103 15486 34.4899 54.2899
1716 2230 25051 30434 19.2047 39.0047
1817 2331 21313 26696 51.5997 71.3997
1410 1924 18107 23490 25.796 45.596
701 1215 10669 16052 34.4245 54.2245
2299 2813 15424 20807 37.3854 57.1854
1719 2233 9930 15313 28.7793 48.5793
1836 2350 23985 29368 33.2497 53.0497
2323 2837 23073 28456 55.1322 74.9322
1660 2174 11314 16697 37.8094 57.6094
962 1476 13423 18806 3.95604 23.756
1194 1708 15433 20816 61.3274 81.1274
816 1330 12032 17415 52.8664 72.6664
2261 2775 19242 24625 69.8448 89.6448
1900 2414 17345 22728 37.2283 57.0283
1225 1739 19215 24598 7.15659 26.9566
2267 2781 24466 29849 46.723 66.523
696 1210 5094 10477 43.8807 63.6807
1655 2169 10044 15427 17.2174 37.0174
622 1136 7352 12735 45.5595 65.3595
2263 2777 21870 27253 73.0976 92.8976
1494 2008 15732 21115 55.6356 75.4356
1451 1965 5439 10822 78.0949 97.8949
1619 2133 13387 18770 17.2156 37.0156
1272 1786 10264 15647 43.1357 62.9357
1115 1629 12247 17630 54.9266 74.7266
1080 1594 8942 14325 29.8325 49.6325
1552 2066 8096 13479 68.4626 88.2626
1805 2319 18269 23652 61.3229 81.1229
1862 2376 4875 10258 73.4423 93.2423
1932 2446 19403 24786 29.09 48.89
777 1291 24954 30337 11.356 31.156
2139 2653 4463 9846 18.4449 38.2449
1381 1895 15932 21315 41.7564 61.5564
2190 2704 8935 14318 6.88644 26.6864
620 1134 14181 19564 56.0596 75.8596
999 1513 21625 27008 37.6612 57.4612
897 1411 15729 21112 11.0706 30.8706
2121 2635 21428 26811 7.53745 27.3375
289 803 14794 20177 31.5939 51.3939
1146 1660 5647 11030 12.2493 32.0493
1757 2271 5919 11302 61.2597 81.0597
727 1241 24666 30049 60.5525 80.3525
899 1413 10270 15653 3.79399 23.594
2195 2709 18662 24045 18.029 37.829
310 824 25071 30454 32.6858 52.4858
2112 2626 18359 23742 33.921 53.721
1856 2370 23941 29324 38.8577 58.6577
1764 2278 19003 24386 10.1765 29.9765
1903 2417 12094 17477 25.2948 45.0948
306 820 9075 14458 19.9721 39.7721
1265 1779 8788 14171 15.7062 35.5062
2125 2639 20590 25973 69.1325 88.9325
2000 2514 7801 13184 17.7461 37.5461
669 1183 18057 23440 18.1625 37.9625
931 1445 21945 27328 2.71739 22.5174
2064 2578 22895 28278 55.9374 75.7374
749 1263 11706 17089 18.6551 38.4551
567 1081 9189 14572 68.133 87.933
1234 1748 10587 15970 56.694 76.494
2272 2786 21724 27107 55.7804 75.5804
968 1482 10119 15502 14.282 34.082
376 890 4117 9500 2.75502 22.555
295 809 23336 28719 9.04419 28.8442
2075 2589 15175 20558 72.9059 92.7059
1202 1716 11051 16434 51.4267 71.2267
573 1087 18769 24152 20.666 40.466
656 1170 17837 23220 46.8852 66.6852
510 1024 20048 25431 11.3548 31.1548
1474 1988 21364 26747 79.0123 98.8123
2250 2764 15995 21378 73.4516 93.2516
1395 1909 8094 13477 4.92199 24.722
886 1400 18738 24121 44.4832 64.2832
918 1432 11385 16768 63.6876 83.4876
303 817 11462 16845 15.7294 35.5294
1205 1719 17046 22429 57.0374 76.8374
1596 2110 6209 11592 30.2974 50.0974
1498 2012 12464 17847 49.6306 69.4306
430 944 17637 23020 24.0945 43.8945
373 887 15263 20646 70.6656 90.4656
393 907 15942 21325 57.2388 77.0388
1264 1778 22374 27757 2.786 22.586
1912 2426 25204 30587 29.8135 49.6135
2125 2639 14670 20053 20.4538 40.2538
1812 2326 21057 26440 49.653 69.453
1613 2127 12977 18360 25.7735 45.5735
369 883 13326 18709 40.3328 60.1328
1671 2185 19531 24914 9.86831 29.6683
2123 2637 17829 23212 30.2351 50.0351
452 966 13474 18857 21.7662 41.5662
1477 1991 15561 20944 10.5557 30.3557
1267 1781 17904 23287 79.9839 99.7839
758 1272 12481 17864 36.3328 56.1328
1853 2367 18564 23947 59.7576 79.5576
701 1215 10046 15429 60.1022 79.9022
1654 2168 5494 10877 59.6728 79.4728
1268 1782 9582 14965 28.696 48.496
2142 2656 18054 23437 38.4378 58.2378
787 1301 4187 9570 5.98348 25.7835
1548 2062 24719 30102 51.4878 71.2878
1501 2015 15831 21214 63.9631 83.7631
1059 1573 11117 16500 18.661 38.461
1336 1850 17178 22561 76.9034 96.7034
879 1393 24843 30226 75.1735 94.9735
576 1090 24912 30295 76.1591 95.9591
448 962 24914 30297 46.9894 66.7894
1671 2185 18868 24251 41.7017 61.5017
1444 1958 9048 14431 61.9937 81.7937
1233 1747 8869 14252 7.6958 27.4958
1689 2203 8057 13440 30.7026 50.5026
595 1109 22824 28207 72.8796 92.6796
621 1135 22113 27496 31.0658 50.8658
443 957 24361 29744 67.447 87.247
2192 2706 12657 18040 51.4367 71.2367
1538 2052 16826 22209 32.0889 51.8889
2071 2585 15808 21191 9.45644 29.2564
1756 2270 16205 21588 57.9129 77.7129
2239 2753 8316 13699 39.391 59.191
1046 1560 10179 15562 11.3592 31.1592
2075 2589 14156 19539 33.6525 53.4525
1633 2147 8253 13636 27.8372 47.6372
1415 1929 4097 9480 54.069 73.869
2157 2671 18098 23481 12.9317 32.7317
471 985 20622 26005 67.5582 87.3582
2295 2809 21412 26795 20.1061 39.9061
1876 2390 7490 12873 8.8775 28.6775
586 1100 9274 14657 73.5453 93.3453
1722 2236 5995 11378 24.2055 44.0055
720 1234 16655 22038 67.2959 87.0959
645 1159 19973 25356 18.7999 38.5999
456 970 20085 25468 40.0054 59.8054
1623 2137 7354 12737 64.0755 83.8755
1060 1574 12938 18321 79.0711 98.8711
321 835 9455 14838 33.0956 52.8956
1563 2077 15373 20756 29.9225 49.7225
1715 2229 11044 16427 14.911 34.711
694 1208 19889 25272 36.0503 55.8503
1950 2464 11334 16717 4.24233 24.0423
720 1234 14467 19850 31.0806 50.8806
2074 2588 15131 20514 73.6611 93.4611
1746 2260 17448 22831 64.4862 84.2862
2107 2621 21217 26600 14.2356 34.0356
1440 1954 20640 26023 14.1751 33.9751
2215 2729 17053 22436 51.5516 71.3516
421 935 21620 27003 67.002 86.802
1180 1694 4166 9549 23.015 42.815
358 872 24514 29897 56.8471 76.6471
1489 2003 25452 30835 49.0112 68.8112
357 871 16245 21628 55.8983 75.6983
1843 2357 5578 10961 20.2677 40.0677
1568 2082 22765 28148 51.9718 71.7718
1633 2147 9967 15350 51.0479 70.8479
364 878 12854 18237 40.9651 60.7651
389 903 24057 29440 63.2549 83.0549
1647 2161 17196 22579 55.6757 75.4757
2287 2801 12191 17574 66.9335 86.7335
1846 2360 15039 20422 26.7058 46.5058
629 1143 9548 14931 6.53788 26.3379
2136 2650 19309 24692 11.6353 31.4353
882 1396 16420 21803 29.0938 48.8938
1096 1610 14476 19859 75.7135 95.5135
1395 1909 10537 15920 34.0996 53.8996
815 1329 8022 13405 54.1278 73.9278
633 1147 23261 28644 77.469 97.269
391 905 16266 21649 7.41893 27.2189
1869 2383 22450 27833 11.3 31.1
829 1343 5856 11239 24.8232 44.6232
1299 1813 6414 11797 32.439 52.239
1332 1846 12431 17814 37.3896 57.1896
1369 1883 10466 15849 70.7557 90.5557
1144 1658 16599 21982 76.3983 96.1983
314 828 25253 30636 38.6037 58.4037
706 1220 8201 13584 1.20742 21.0074
1421 1935 11007 16390 55.5846 75.3846
776 1290 17931 23314 75.8869 95.6869
471 985 8476 13859 17.3163 37.1163
2153 2667 4405 9788 42.2878 62.0878
1285 1799 4765 10148 17.6484 37.4484
1383 1897 14424 19807 1.00942 20.8094
466 980 21718 27101 69.2692 89.0692
2153 2667 11641 17024 61.2954 81.0954
1809 2323 22115 27498 59.6598 79.4598
1034 1548 23431 28814 35.2105 55.0105
1721 2235 22068 27451 28.9124 48.7124
2170 2684 16615 21998 52.4205 72.2205
2188 2702 22774 28157 53.6105 73.4105
1973 2487 5735 11118 78.416 98.216
783 1297 22112 27495 43.7426 63.5426
1274 1788 17801 23184 64.9284 84.7284
1186 1700 5736 11119 22.8085 42.6085
1119 1633 24819 30202 56.2769 76.0769
2138 2652 18549 23932 1.4469 21.2469
1743 2257 15061 20444 79.4183 99.2183
2274 2788 20886 26269 78.1188 97.9188
469 983 14725 20108 53.0175 72.8175
304 818 8910 14293 61.1333 80.9333
1808 2322 21956 27339 13.5662 33.3662
1165 1679 15162 20545 63.9395 83.7395
1699 2213 14980 20363 6.09216 25.8922
597 1111 8375 13758 63.4138 83.2138
755 1269 23411 28794 40.46 60.26
1227 1741 10596 15979 71.8291 91.6291
2047 2561 12780 18163 57.7249 77.5249
2332 2846 10254 15637 26.9547 46.7547
665 1179 17418 22801 64.7031 84.5031
349 863 21850 27233 37.8571 57.6571
1324 1838 11442 16825 61.9329 81.7329
1347 1861 10640 16023 50.4184 70.2184
1921 2435 20274 25657 79.1619 98.9619
1592 2106 7766 13149 8.77277 28.5728
1295 1809 14876 20259 47.9203 67.7203
343 857 6244 11627 18.2999 38.0999
1016 1530 24025 29408 58.7713 78.5713
2008 2522 23117 28500 74.745 94.545
2202 2716 24094 29477 15.9334 35.7334
2179 2693 18105 23488 42.5569 62.3569
2038 2552 4896 10279 49.8262 69.6262
913 1427 10244 15627 64.557 84.357
1866 2380 9260 14643 22.6922 42.4922
1523 2037 18251 23634 47.36 67.16
1039 1553 17487 22870 50.5691 70.3691
1253 1767 8761 14144 19.9963 39.7963
2214 2728 6686 12069 3.68843 23.4884
1018 1532 22389 27772 62.0639 81.8639
409 923 10664 16047 5.04142 24.8414
324 838 25367 30750 22.0386 41.8386
1038 1552 6874 12257 14.7886 34.5886
2019 2533 18714 24097 27.4578 47.2578
2093 2607 5074 10457 13.1856 32.9856
872 1386 22507 27890 65.8642 85.6642
979 1493 15739 21122 61.9075 81.7075
830 1344 23336 28719 39.7753 59.5753
1122 1636 13779 19162 51.2968 71.0968
2063 2577 17444 22827 44.397 64.197
1337 1851 19119 24502 45.0304 64.8304
1888 2402 15638 21021 47.3003 67.1003
1726 2240 22473 27856 58.4637 78.2637
1645 2159 11392 16775 60.2536 80.0536
1152 1666 5749 11132 54.4883 74.2883
1888 2402 5235 10618 67.7297 87.5297
1298 1812 11239 16622 30.5505 50.3505
2205 2719 20496 25879 19.4711 39.2711
805 1319 11339 16722 30.7914 50.5914
641 1155 6302 11685 13.4825 33.2825
882 1396 24567 29950 23.2895 43.0895
1891 2405 21693 27076 74.1458 93.9458
1450 1964 16736 22119 30.2083 50.0083
1566 2080 13098 18481 19.5032 39.3032
814 1328 17089 22472 55.9875 75.7875
1028 1542 12501 17884 54.5535 74.3535
1142 1656 18534 23917 9.96105 29.7611
358 872 5676 11059 52.9794 72.7794
1205 1719 24259 29642 73.8047 93.6047
2001 2515 12437 17820 24.5255 44.3255
1675 2189 15079 20462 77.0056 96.8056
2164 2678 14941 20324 17.6864 37.4864
1953 2467 14362 19745 34.6065 54.4065
1799 2313 21167 26550 33.7545 53.5545
1382 1896 4626 10009 21.5882 41.3882
457 971 8945 14328 30.2931 50.0931
1922 2436 14514 19897 55.1334 74.9334
551 1065 9163 14546 49.2168 69.0168
1261 1775 14735 20118 51.3184 71.1184
776 1290 19541 24924 11.535 31.335
1128 1642 15558 20941 52.4637 72.2637
1567 2081 22853 28236 31.1349 50.9349
1891 2405 7623 13006 53.0488 72.8488
1238 1752 14821 20204 65.8691 85.6691
1472 1986 11282 16665 30.6496 50.4496
1406 1920 15468 20851 50.4785 70.2785
839 1353 12031 17414 33.6854 53.4854
538 1052 8275 13658 71.021 90.821
621 1135 20762 26145 20.5563 40.3563
1861 2375 16272 21655 42.8826 62.6826
503 1017 21148 26531 20.6826 40.4826
1264 1778 8071 13454 5.84559 25.6456
1890 2404 21217 26600 22.9174 42.7174
1241 1755 11230 16613 21.9062 41.7062
1103 1617 8806 14189 49.9153 69.7153
2009 2523 5566 10949 4.53216 24.3322
840 1354 12518 17901 48.1102 67.9102
515 1029 20286 25669 31.2105 51.0105
1612 2126 16405 21788 37.4124 57.2124
689 1203 21199 26582 58.3207 78.1207
1773 2287 24079 29462 69.8609 89.6609
335 849 12215 17598 19.2386 39.0386
316 830 3938 9321 2.34014 22.1401
1582 2096 4792 10175 3.17216 22.9722
1284 1798 15360 20743 4.88918 24.6892
774 1288 14800 20183 77.6794 97.4794
2286 2800 10564 15947 72.4358 92.2358
1787 2301 15673 21056 44.292 64.092
1605 2119 16266 21649 40.4646 60.2646
913 1427 20700 26083 34.072 53.872
2014 2528 6400 11783 13.6493 33.4493
2138 2652 6522 11905 32.6602 52.4602
515 1029 18451 23834 42.0395 61.8395
561 1075 24343 29726 44.2361 64.0361
1677 2191 15993 21376 74.519 94.319
1436 1950 22281 27664 63.3379 83.1379
465 979 14116 19499 30.5712 50.3712
2128 2642 21127 26510 39.5044 59.3044
2318 2832 4589 9972 79.9584 99.7584
1875 2389 24394 29777 43.6896 63.4896
570 1084 9191 14574 22.1805 41.9805
683 1197 24143 29526 44.7137 64.5137
1391 1905 6344 11727 7.33491 27.1349
2243 2757 18584 23967 42.7614 62.5614
2143 2657 8444 13827 11.4995 31.2995
2161 2675 23861 29244 73.2644 93.0644
1969 2483 4308 9691 71.1884 90.9884
1874 2388 20525 25908 54.3816 74.1816
554 1068 7617 13000 61.6545 81.4545
1648 2162 21119 26502 70.2196 90.0196
1198 1712 13697 19080 40.1975 59.9975
946 1460 7937 13320 39.4491 59.2491
1696 2210 17004 22387 37.6131 57.4131
926 1440 14484 19867 65.6295 85.4295
2244 2758 25208 30591 48.4705 68.2705
729 1243 22419 27802 68.2253 88.0253
991 1505 14541 19924 73.7732 93.5732
1169 1683 13087 18470 57.3502 77.1502
710 1224 5819 11202 63.2482 83.0482
1189 1703 12396 17779 2.13165 21.9316
1180 1694 23164 28547 15.8727 35.6727
609 1123 23941 29324 38.9206 58.7206
1583 2097 17312 22695 52.3355 72.1355
2028 2542 17795 23178 49.557 69.357
2225 2739 5174 10557 24.2212 44.0212
2261 2775 13041 18424 50.847 70.647
984 1498 16675 22058 61.9724 81.7724
636 1150 9610 14993 69.1685 88.9685
1256 1770 9038 14421 22.1397 41.9397
1017 1531 15613 20996 8.44449 28.2445
1261 1775 9171 14554 70.7724 90.5724
971 1485 16500 21883 43.3039 63.1039
2106 2620 14744 20127 78.5527 98.3527
1910 2424 8752 14135 53.0538 72.8538
539 1053 15617 21000 60.1685 79.9685
1661 2175 20757 26140 10.1963 29.9963
1234 1748 22565 27948 5.00171 24.8017
1196 1710 23856 29239 37.5731 57.3731
1331 1845 24572 29955 30.492 50.292
1414 1928 4419 9802 46.413 66.213
1504 2018 4556 9939 74.3558 94.1558
461 975 13213 18596 24.7176 44.5176
757 1271 17743 23126 16.1478 35.9478
2251 2765 4799 10182 65.2592 85.0592
1222 1736 13788 19171 47.6815 67.4815
1940 2454 18033 23416 72.085 91.885
1238 1752 19371 24754 45.2951 65.0951
1634 2148 6874 12257 71.6849 91.4849
2209 2723 11227 16610 48.2048 68.0048
1334 1848 15225 20608 38.1028 57.9028
2224 2738 5794 11177 42.5107 62.3107
1163 1677 23698 29081 58.301 78.101
1287 1801 24344 29727 12.5945 32.3945
1342 1856 4459 9842 67.5265 87.3265
1766 2280 16087 21470 34.0542 53.8542
1945 2459 19843 25226 15.5986 35.3986
494 1008 8184 13567 41.0068 60.8068
1982 2496 10500 15883 63.4512 83.2512
839 1353 18258 23641 22.3001 42.1001
2157 2671 15030 20413 48.4934 68.2934
748 1262 14936 20319 20.6754 40.4754
1958 2472 4121 9504 37.2185 57.0185
2112 2626 14242 19625 33.6268 53.4268
1477 1991 15483 20866 37.853 57.653
1431 1945 12662 18045 21.7507 41.5507
426 940 19903 25286 76.0886 95.8886
2149 2663 8522 13905 49.663 69.463
1380 1894 21123 26506 57.2755 77.0755
1342 1856 15471 20854 56.2992 76.0992
1277 1791 14645 20028 75.2261 95.0261
2070 2584 16687 22070 52.6693 72.4693
1577 2091 8011 13394 69.5845 89.3845
1786 2300 14546 19929 13.2893 33.0893
1367 1881 11917 17300 37.3314 57.1314
2289 2803 24963 30346 77.1703 96.9703
1627 2141 18030 23413 71.6873 91.4873
791 1305 5216 10599 41.3675 61.1675
1238 1752 4399 9782 11.5059 31.3059
2012 2526 20960 26343 23.1875 42.9875
1677 2191 16684 22067 24.4169 44.2169
1036 1550 5302 10685 52.2972 72.0972
2281 2795 10207 15590 69.1388 88.9388
2178 2692 8096 13479 4.4429 24.2429
1735 2249 21821 27204 28.2039 48.0039
453 967 8840 14223 49.5483 69.3483
1627 2141 24372 29755 1.33031 21.1303
1246 1760 22167 27550 78.5485 98.3485
1082 1596 11360 16743 61.6098 81.4098
1278 1792 15165 20548 14.9653 34.7653
334 848 14606 19989 8.51525 28.3153
2184 2698 15896 21279 21.1529 40.9529
1371 1885 13387 18770 42.9537 62.7537
1630 2144 9708 15091 10.9362 30.7362
678 1192 12723 18106 58.9271 78.7271
2267 2781 12447 17830 13.7795 33.5795
1125 1639 22492 27875 56.6441 76.4441
1763 2277 13318 18701 54.6095 74.4095
1932 2446 13487 18870 55.3388 75.1388
1173 1687 16212 21595 67.5073 87.3073
298 812 18822 24205 67.2144 87.0144
553 1067 8052 13435 78.0861 97.8861
1669 2183 18187 23570 44.9918 64.7918
1326 1840 12680 18063 45.116 64.916
1280 1794 4583 9966 32.5479 52.3479
308 822 23411 28794 73.2189 93.0189
918 1432 6504 11887 66.8994 86.6994
342 856 13464 18847 23.0767 42.8767
1647 2161 21598 26981 43.3183 63.1183
1174 1688 12279 17662 56.93 76.73
1406 1920 4976 10359 8.89945 28.6995
1180 1694 17320 22703 9.44346 29.2435
2001 2515 5172 10555 52.6592 72.4592
1254 1768 20310 25693 56.8855 76.6855
1086 1600 23831 29214 76.1653 95.9653
1143 1657 12088 17471 38.5025 58.3025
1848 2362 11520 16903 72.6454 92.4454
430 944 23472 28855 20.5242 40.3242
1970 2484 4020 9403 68.4875 88.2875
1596 2110 20304 25687 40.5452 60.3452
2113 2627 7191 12574 58.4625 78.2625
2015 2529 13534 18917 80.1548 99.9548
1147 1661 10671 16054 17.9749 37.7749
850 1364 10495 15878 52.2765 72.0765
2223 2737 18781 24164 63.1959 82.9959
2047 2561 25224 30607 51.46 71.26
2059 2573 14363 19746 8.84857 28.6486
1544 2058 7197 12580 71.2055 91.0055
1486 2000 15552 20935 54.5405 74.3405
1976 2490 25004 30387 42.7921 62.5921
2100 2614 7208 12591 25.2678 45.0678
1875 2389 25001 30384 16.5819 36.3819
1574 2088 13018 18401 46.2205 66.0205
1026 1540 14369 19752 49.3755 69.1755
1278 1792 13826 19209 49.1629 68.9629
1271 1785 12035 17418 47.5306 67.3306
1281 1795 11825 17208 69.0975 88.8975
1946 2460 15765 21148 19.3631 39.1631
1269 1783 11850 17233 31.204 51.004
1116 1630 20185 25568 18.1386 37.9386
2130 2644 6050 11433 55.0969 74.8969
1821 2335 13550 18933 3.17822 22.9782
1088 1602 17890 23273 28.2261 48.0261
1650 2164 20307 25690 53.0999 72.8999
616 1130 13200 18583 25.8849 45.6849
599 1113 21351 26734 1.74667 21.5467
904 1418 7405 12788 66.7876 86.5876
539 1053 5364 10747 37.0531 56.8531
2211 2725 13232 18615 31.2674 51.0674
1437 1951 14445 19828 48.3179 68.1179
1589 2103 20489 25872 47.55 67.35
