0	0	0	0.0	7337	12506	298.0	7287	12500
0	1	5	0.0	5651	20112	31.53125	5684	20115
0	2	1	0.0	20734	19128	132.0	20671	19219
0	3	2	0.0	14324	16185	252.25	14279	16034
0	4	0	0.0	11299	27190	298.0	11251	27326
1	0	0	0.16898897063106277	7287	12500	298.0	7232	12502
1	0	0	0.35367471433330455	7232	12502	448.0	7258	12399
1	4	0	0.4839666141562401	11251	27326	298.0	11148	27477
1	0	0	0.5907972157455923	7258	12399	448.0	7289	12326
1	3	2	0.6246290820139151	14279	16034	252.25	14067	16065
1	0	0	0.7678273948428991	7289	12326	448.0	7293	12316
1	0	0	0.7918683091604638	7293	12316	448.0	7422	12174
1	2	1	0.8384827129234339	20671	19219	504.5	19984	18800
0	5	0	1.0	10523	19926	298.0	10361	19971
0	6	5	1.0	9796	14690	31.53125	9791	14748
0	7	0	1.0	16149	28406	198.0	15895	28515
0	8	0	1.0	16488	11887	298.0	16510	11920
0	9	0	1.0	11401	18098	88.00000000000001	11404	18045
1	1	5	1.050896588354784	5684	20115	31.53125	5920	20141
1	4	0	1.0973358274455767	11148	27477	298.0	11148	27558
1	8	0	1.133090818892966	16510	11920	298.0	16510	11941
1	8	0	1.203560617550684	16510	11941	298.0	16548	12107
1	0	0	1.2200966409478506	7422	12174	448.0	7545	12033
1	4	0	1.3691479079824895	11148	27558	298.0	10666	27643
1	3	2	1.4740028046669174	14067	16065	252.25	13749	16113
1	5	0	1.564207635001425	10361	19971	448.00000000000006	10359	19845
1	9	0	1.6032367927266815	11404	18045	88.0	11385	17891
1	0	0	1.6377519837026544	7545	12033	448.0	7578	11995
1	0	0	1.7500933188112402	7578	11995	448.0	7617	11949
1	8	0	1.775016535870362	16548	12107	298.0	16609	12379
1	5	0	1.845493063608985	10359	19845	448.0	10359	19726
1	0	0	1.8847083749122635	7617	11949	448.0	7665	11911
0	10	0	2.0	10118	22367	298.0	10268	22362
0	11	0	2.0	15810	10529	132.0	15794	10449
0	12	0	2.0	13934	18129	448.0	13888	18134
0	13	1	2.0	12991	5748	132.0	13394	5841
0	14	1	2.0	14176	10714	298.0	14260	10517
1	0	0	2.0213621951356027	7665	11911	448.0	7744	11851
1	12	0	2.1032833509041007	13888	18134	448.0	13829	18134
1	5	0	2.111118063608985	10359	19726	448.0	10358	19559
1	12	0	2.2349797794755295	13829	18134	448.0	13632	18108
1	0	0	2.2427948167863487	7744	11851	448.0	7829	11793
1	7	0	2.395959961408539	15895	28515	298.0	15782	28297
1	2	1	2.433512421245771	19984	18800	504.5	19285	18368
1	0	0	2.472488715940578	7829	11793	448.0	7863	11772
1	5	0	2.4838926037543825	10358	19559	447.99999999999994	10381	19245
1	10	0	2.5036352691209274	10268	22362	298.0	10279	22362
1	10	0	2.54054802079878	10279	22362	298.0	10281	22362
1	10	0	2.547259430194753	10281	22362	298.0	10260	22251
1	0	0	2.5616906855954356	7863	11772	447.99999999999994	8089	11636
1	11	0	2.61806297134458	15794	10449	132.0	15731	10313
1	12	0	2.678525156629195	13632	18108	447.99999999999994	13481	18095
1	8	0	2.710439911209588	16609	12379	298.0	16655	12590
1	14	1	2.718661591523709	14260	10517	298.0	14036	10426
1	3	2	2.7489373489609807	13749	16113	252.25	13601	16136
1	6	5	2.8462673795460547	9791	14748	31.53125	9718	15007
1	10	0	2.926350109062459	10260	22251	298.0	10260	22202
0	15	2	3.0	10745	17967	252.25	10717	18211
0	16	0	3.0	3718	17194	298.0	3730	17199
0	17	3	3.0	5787	21968	126.125	5897	21875
0	18	0	3.0	7867	20950	198.0	7897	20924
0	19	0	3.0	18695	13634	132.0	18690	13547
1	4	0	3.011555398454432	10666	27643	672.0	10692	27851
1	12	0	3.01682553505925	13481	18095	448.0	13453	18083
1	16	0	3.0436241610738257	3730	17199	298.0	3833	17238
1	12	0	3.084823509218749	13453	18083	448.0	13357	18042
1	10	0	3.0907796392638014	10260	22202	298.0	10335	21986
1	0	0	3.150451951140412	8089	11636	448.0	8436	11428
1	5	0	3.1866632060504165	10381	19245	448.0	10417	19094
1	18	0	3.2004993256694867	7897	20924	198.0	7846	20851
1	7	0	3.2199409333570648	15782	28297	298.0	15600	28376
1	12	0	3.3178339929377425	13357	18042	448.0	13245	17967
1	4	0	3.323487989906459	10692	27851	672.0	10714	27981
1	3	2	3.34269949032631	13601	16136	252.25	13378	16200
1	9	0	3.3665055571347597	11385	17891	88.0	11362	17784
1	16	0	3.4132089906646543	3833	17238	298.0	3740	17459
1	8	0	3.4351245220817237	16655	12590	298.0	16756	12872
1	4	0	3.5196909628094293	10714	27981	672.0	10746	28041
1	14	1	3.5299999289344055	14036	10426	298.0	13868	10359
1	5	0	3.533163394247939	10417	19094	448.00000000000006	10447	18930
1	12	0	3.6187099595047867	13245	17967	448.0	13180	17911
1	4	0	3.6208814389999056	10746	28041	672.0	10938	28315
1	18	0	3.6502495652834908	7846	20851	298.0	8001	20731
1	19	0	3.6601784826980106	18690	13547	132.0	18661	13432
1	11	0	3.753542425341857	15731	10313	132.0	15668	10202
1	12	0	3.8102194914583727	13180	17911	448.0	13082	17872
1	10	0	3.8580628209668038	10335	21986	298.0	10405	21795
1	7	0	3.8857333799955125	15600	28376	298.0	15428	28448
1	5	0	3.9053092075759284	10447	18930	448.0	10472	18718
1	15	2	3.9736424298439643	10717	18211	252.25000000000003	10672	18526
0	20	0	4.0	12393	19662	672.0	12458	19813
0	21	1	4.0	9018	7412	298.0	9182	7182
0	22	0	4.0	3580	19424	298.0	3535	19414
0	23	0	4.0	7005	19793	298.0	6917	19814
0	24	2	4.0	13378	13532	252.25	13302	13512
1	12	0	4.045655017236598	13082	17872	448.0	13025	17864
1	0	0	4.053499269669486	8436	11428	448.0	8610	11318
1	2	1	4.062294890003234	19285	18368	504.5	19071	18261
1	4	0	4.118759945635425	10938	28315	672.0	10979	28372
1	14	1	4.136937360849078	13868	10359	504.49999999999994	13932	9948
1	17	3	4.142082313707718	5897	21875	126.125	5933	21834
1	22	0	4.154690343243169	3535	19414	298.0	3608	19190
1	12	0	4.17413418180051	13025	17864	298.0	13018	17708
1	16	0	4.217808735018906	3740	17459	298.0	3687	17583
1	4	0	4.22324500326365	10979	28372	672.0	11147	28595
1	20	0	4.24463670192697	12458	19813	672.0	12466	19807
1	20	0	4.259517654307922	12466	19807	672.0	12492	19861
1	3	2	4.262430531604421	13378	16200	252.25	13337	16220
1	23	0	4.30359392558882	6917	19814	298.0	6927	19906
1	18	0	4.3080447258174726	8001	20731	298.0	8044	20726
1	24	2	4.311546207403584	13302	13512	252.25	13199	13747
1	20	0	4.348704107068468	12492	19861	672.0	12517	19916
1	5	0	4.381802438155614	10472	18718	298.0	10567	17947
1	20	0	4.438607722943428	12517	19916	672.0	12780	20082
1	8	0	4.4402967234743524	16756	12872	298.0	16749	12886
1	3	2	4.443274848400568	13337	16220	252.25	13265	16258
1	18	0	4.453312248112193	8044	20726	298.0	8119	20752
1	8	0	4.492821810194146	16749	12886	671.9999999999999	16565	13211
1	7	0	4.511444092522045	15428	28448	298.0	15392	28001
1	0	0	4.512995513908096	8610	11318	448.00000000000006	8878	11148
1	2	1	4.536545184537382	19071	18261	504.5	18950	18236
1	10	0	4.540691022922532	10405	21795	298.0	10421	21718
1	19	0	4.558664608712739	18661	13432	132.0	18642	13127
1	17	3	4.574684029963932	5933	21834	126.12500000000001	5909	21571
1	9	0	4.610187939324278	11362	17784	88.0	11345	17707
1	23	0	4.614137155152827	6927	19906	298.0	6933	19976
1	4	0	4.638722153112454	11147	28595	672.0	11321	28824
1	16	0	4.670331454730659	3687	17583	298.0	3594	17806
1	12	0	4.698150867393512	13018	17708	298.0	12958	17547
1	18	0	4.719684189353349	8119	20752	298.0	8178	20774
1	11	0	4.720453670168341	15668	10202	132.0	15610	10086
1	3	2	4.76602025870063	13265	16258	252.24999999999997	13138	16323
1	2	1	4.7814523311688575	18950	18236	504.5	18924	18234
1	10	0	4.804599650318932	10421	21718	298.0	10416	21638
1	2	1	4.833140754599602	18924	18234	504.5	18810	18229
1	23	0	4.849897800391086	6933	19976	298.0	6998	20165
1	20	0	4.901414911636404	12780	20082	672.0	12926	19852
1	18	0	4.930987028164505	8178	20774	298.0	8264	20779
1	22	0	4.94527756290021	3608	19190	298.0	3661	18898
1	21	1	4.947925697397764	9182	7182	448.0	9315	7298
1	14	1	4.961423232719758	13932	9948	504.50000000000006	13986	9602
0	25	1	5.0	7539	17491	298.0	7654	17541
0	26	3	5.0	15615	15302	126.12499999999999	15559	15257
0	27	0	5.0	11629	13938	298.0	11606	13886
0	28	0	5.0	12607	27605	298.0	12671	27497
0	29	0	5.0	5366	15171	298.0	5386	15156
1	8	0	5.048583047983995	16565	13211	672.0	16552	13242
1	2	1	5.059324295613112	18810	18229	504.5	18696	18231
1	4	0	5.066706725684189	11321	28824	448.0	11660	28770
1	10	0	5.0735798439746596	10416	21638	298.0	10391	21541
1	29	0	5.083892617449664	5386	15156	298.0	5405	15132
1	8	0	5.098606072727958	16552	13242	672.0	16431	13511
1	13	1	5.133269590817548	13394	5841	504.5	13461	5489
1	29	0	5.186612267550429	5405	15132	298.0	5889	15273
1	27	0	5.190803610413819	11606	13886	298.0	11551	13789
1	18	0	5.220064968490435	8264	20779	298.0	8344	20774
1	0	0	5.221411688035499	8878	11148	448.0	8983	11081
1	15	2	5.23508168270401	10672	18526	252.25	10641	18735
1	12	0	5.274717185718692	12958	17547	448.0	12866	17587
1	2	1	5.2853253709548635	18696	18231	504.5	18494	18273
1	20	0	5.306810948509013	12926	19852	672.0	13067	19645
1	24	2	5.3287171533249325	13199	13747	252.25	13170	13815
1	3	2	5.331599824531116	13138	16323	252.25	13087	16349
1	21	1	5.341853064722047	9315	7298	448.0	9403	7376
1	10	0	5.409720299495228	10391	21541	298.0	10160	21552
1	25	1	5.420803228321626	7654	17541	298.0	7725	17573
1	28	0	5.4212712705094015	12671	27497	298.0	12694	27459
1	16	0	5.481121377080935	3594	17806	298.0	3582	17887
1	18	0	5.489045162146164	8344	20774	298.0	8415	20760
1	12	0	5.4986446179327	12866	17587	448.0	12767	17556
1	0	0	5.499436707327002	8983	11081	447.99999999999994	9097	11009
1	9	0	5.506259484947747	11345	17707	197.99999999999997	11306	17613
1	23	0	5.520585566856587	6998	20165	298.0	6777	20316
1	8	0	5.537536153640289	16431	13511	672.0	16376	13632
1	3	2	5.558537731866882	13087	16349	252.25	12876	16471
1	27	0	5.564991017318151	11551	13789	298.0	11488	13677
1	26	3	5.569594451715736	15559	15257	126.12499999999999	15494	15194
1	28	0	5.570326520942373	12694	27459	298.0	12734	27389
1	21	1	5.604336361080781	9403	7376	447.99999999999994	9622	7570
1	24	2	5.621782121860531	13170	13815	252.24999999999997	13123	13949
1	14	1	5.6555531051817765	13986	9602	504.5	14025	9270
1	20	0	5.679518653236546	13067	19645	672.0	13131	19562
1	25	1	5.682139167548975	7725	17573	298.0	7994	17631
1	2	1	5.694285013351179	18494	18273	504.5	18339	18326
1	11	0	5.702968387554612	15610	10086	132.0	15601	10008
1	12	0	5.730207251336226	12767	17556	448.0	12676	17528
1	18	0	5.731887845386172	8415	20760	672.0	8471	20473
1	8	0	5.7353241085652	16376	13632	672.0	16270	13918
1	16	0	5.7559001166236765	3582	17887	672.0	3892	17932
1	0	0	5.800403739303487	9097	11009	672.0	9020	10880
1	4	0	5.832943205780982	11660	28770	448.0	11806	28727
1	20	0	5.835484948962559	13131	19562	672.0	13251	19482
1	28	0	5.840872082965815	12734	27389	298.0	12849	27330
1	13	1	5.843516745748642	13461	5489	504.5	13553	5074
1	22	0	5.941153252337057	3661	18898	298.0	3681	18779
1	12	0	5.9427302280352166	12676	17528	448.0	12628	17449
1	27	0	5.996208863810772	11488	13677	298.0	11429	13624
0	30	0	6.0	15198	13658	298.0	15313	13583
0	31	2	6.0	9679	13063	252.25	9712	13072
0	32	2	6.0	5992	17634	252.25	6293	17640
0	33	0	6.0	7824	16304	298.0	8155	16572
0	34	0	6.0	11726	27752	198.0	11662	27768
1	7	0	6.016300875478495	15392	28001	298.0	15370	27733
1	2	1	6.018984451508604	18339	18326	504.5	18030	18415
1	9	0	6.0202460862356	11306	17613	448.0	11552	17495
1	0	0	6.023964977597547	9020	10880	672.0	8892	10679
2	20	0	6.050101096311606	13251	19482	0.0	13251	19482
1	15	2	6.072689354863302	10641	18735	252.25	10606	18731
1	31	2	6.135600645205051	9712	13072	252.25	9808	13016
1	12	0	6.149067659256406	12628	17449	448.0	12617	17445
1	18	0	6.167025315682118	8471	20473	672.0	8498	20393
1	4	0	6.1726765219043545	11806	28727	447.99999999999994	11840	28715
1	12	0	6.17519422155712	12617	17445	448.0	12245	17333
1	24	2	6.184729678186024	13123	13949	252.24999999999997	13137	13983
1	10	0	6.185766462105681	10160	21552	298.0	10074	21316
1	8	0	6.189210232365746	16270	13918	672.0	16212	14068
1	15	2	6.212343784625906	10606	18731	252.25	10472	18718
1	16	0	6.222044613875971	3892	17932	672.0	4116	17954
1	4	0	6.253157577160247	11840	28715	448.0	11995	28657
1	21	1	6.257393615159312	9622	7570	448.0	9690	7634
1	27	0	6.262348193460414	11429	13624	298.0	11338	13542
1	28	0	6.274602594527556	12849	27330	298.0	12923	27291
1	26	3	6.287300821278209	15494	15194	126.125	15733	15033
1	18	0	6.292670264657188	8498	20393	672.0	8802	19982
1	11	0	6.297798038841085	15601	10008	298.0	15462	9926
1	14	1	6.318155314092056	14025	9270	504.5	14051	9055
1	24	2	6.330495991849851	13137	13983	252.25	13210	14007
1	34	0	6.333180252575165	11662	27768	198.0	11694	27833
1	22	0	6.346082677405819	3681	18779	298.0	3814	18354
1	0	0	6.378572171611551	8892	10679	672.0	8800	10533
2	23	0	6.418774266132653	6777	20316	0.0	6777	20316
1	8	0	6.428530000139254	16212	14068	672.0	16800	13876
1	30	0	6.460722490528388	15313	13583	448.0	15481	13769
1	21	1	6.4658332139080406	9690	7634	448.0	9992	7896
1	3	2	6.524767303908416	12876	16471	252.25000000000003	12748	16546
1	28	0	6.555300823732096	12923	27291	298.0	13092	27324
1	16	0	6.55698176319048	4116	17954	672.0	4240	17932
1	31	2	6.5761935170211006	9808	13016	252.25	9919	12953
1	25	1	6.605567886060184	7994	17631	298.0	8052	17690
1	4	0	6.622568790378701	11995	28657	448.0	12222	28565
1	9	0	6.629257130085063	11552	17495	448.0	11729	17450
1	24	2	6.635130274560466	13210	14007	252.25000000000003	13297	14116
1	0	0	6.635371021089057	8800	10533	672.0	8727	10405
1	2	1	6.656371594528031	18030	18415	504.5	17806	18481
1	17	3	6.66858124879181	5909	21571	126.12499999999999	5925	21491
1	27	0	6.673404897664881	11338	13542	298.0	11245	13460
1	13	1	6.686084213437792	13553	5074	448.0	13379	4959
1	34	0	6.699089256346476	11694	27833	198.0	11705	27860
1	16	0	6.744387257136089	4240	17932	672.0	4410	17879
1	15	2	6.746056847771051	10472	18718	252.25	10447	18930
1	14	1	6.747424664043004	14051	9055	504.5	14065	8701
1	11	0	6.839357212388374	15462	9926	298.0	15178	9862
1	34	0	6.846335516317318	11705	27860	198.0	11694	27916
1	0	0	6.854646790278255	8727	10405	672.0	8704	10363
1	19	0	6.873749686293496	18642	13127	132.0	18627	13050
1	29	0	6.87829020510338	5889	15273	298.0	6010	15311
1	25	1	6.883200487293379	8052	17690	504.5	8450	17784
1	7	0	6.918654798107863	15370	27733	298.0	15375	27679
1	0	0	6.925904646789046	8704	10363	298.0	8914	10255
1	5	0	6.988617004918494	10567	17947	298.0	10573	17890
0	35	2	7.0	8155	16572	252.25	8006	16747
0	36	0	7.0	14366	15322	298.0	14455	15334
0	37	1	7.0	13084	10737	298.0	12862	10645
0	38	0	7.0	20185	25123	132.0	20131	24972
0	39	1	7.0	14424	23843	198.0	14489	23722
1	16	0	7.009372689981333	4410	17879	672.0	4564	17828
1	30	0	7.020184952337463	15481	13769	448.0	15499	13789
1	10	0	7.028656426831485	10074	21316	298.0	10117	21312
1	9	0	7.036915110135717	11729	17450	448.0	11836	17634
1	12	0	7.0423695121955685	12245	17333	448.0	12144	17307
1	18	0	7.0534013756753815	8802	19982	672.0	8841	19915
1	30	0	7.080245773976184	15499	13789	448.0	15583	13881
1	31	2	7.082168876058151	9919	12953	252.25	9928	12479
1	27	0	7.089471685033004	11245	13460	298.0	11192	13285
1	7	0	7.100637977476404	15375	27679	298.0	15371	27614
1	3	2	7.112891409492191	12748	16546	252.25	12753	16556
1	2	1	7.1192474657094555	17806	18481	504.5	17778	18491
1	28	0	7.133125500165739	13092	27324	298.0	13191	27275
1	34	0	7.134568507698737	11694	27916	298.0	11860	27952
1	13	1	7.151639868457596	13379	4959	448.00000000000006	13265	4854
1	3	2	7.1572138669252885	12753	16556	252.25	12608	16620
1	18	0	7.168764753314157	8841	19915	672.0	8857	19846
1	4	0	7.169297998350518	12222	28565	448.0	12807	28333
1	10	0	7.173574701205237	10117	21312	298.0	10320	21290
1	2	1	7.1781813358673086	17778	18491	504.5	17431	18606
1	5	0	7.1809489496286565	10573	17890	672.0	10751	17914
1	24	2	7.188007407602344	13297	14116	252.25000000000003	13194	14198
1	32	2	7.193497699604495	6293	17640	252.25	6321	17547
1	16	0	7.250779166440473	4564	17828	672.0	4634	17805
1	18	0	7.27416770609371	8857	19846	672.0	8843	19730
1	12	0	7.275166067772032	12144	17307	448.0	12042	17310
1	36	0	7.301360218297006	14455	15334	298.0	14590	15352
1	29	0	7.303883001580405	6010	15311	298.0	6256	15391
1	17	3	7.315434071130637	5925	21491	126.12499999999999	6040	21363
1	7	0	7.319171402377947	15371	27614	298.0	15364	27479
1	8	0	7.348995997914959	16800	13876	672.0	17300	13648
1	21	1	7.358266148849006	9992	7896	448.0	9999	7938
1	30	0	7.35832455080471	15583	13881	448.0	15708	14019
1	16	0	7.360424624891596	4634	17805	672.0	4744	17794
1	33	0	7.429171741930926	8155	16572	297.99999999999994	8254	16450
1	18	0	7.448039392629168	8843	19730	1009.0	8584	18848
1	5	0	7.448226762284929	10751	17914	672.0	10866	17920
1	14	1	7.449658019834149	14065	8701	504.5	14038	8438
1	21	1	7.453309313384916	9999	7938	448.0	10078	7970
1	19	0	7.468048433489107	18627	13050	132.0	18531	12973
1	13	1	7.497593208272493	13265	4854	448.0	13192	4781
1	12	0	7.50294309480366	12042	17310	448.0	11977	17340
1	28	0	7.503805578606877	13191	27275	298.0	13211	27265
1	9	0	7.512026074953733	11836	17634	448.0	12002	17946
1	16	0	7.52493151749923	4744	17794	672.0	4870	17787
1	32	2	7.578526966409277	6321	17547	252.25	6629	17675
1	28	0	7.578841416778011	13211	27265	298.0	13346	27196
1	15	2	7.5923163811692636	10447	18930	252.25	10417	19094
1	5	0	7.619590475627536	10866	17920	672.0000000000001	10955	17941
1	21	1	7.64356594139706	10078	7970	448.0	10113	7978
1	12	0	7.662740204884869	11977	17340	447.99999999999994	11806	17110
1	39	1	7.6937048403095005	14489	23722	198.0	14559	23576
1	25	1	7.693804797856386	8450	17784	504.5	8558	17796
1	27	0	7.703061164984919	11192	13285	298.0	11166	13293
1	34	0	7.70456436293596	11860	27952	298.0	11880	28036
1	24	2	7.7099295157909715	13194	14198	252.25	13183	14204
1	16	0	7.712720646429646	4870	17787	672.0	5006	17794
1	0	0	7.718334257023453	8914	10255	298.0	8947	10209
1	21	1	7.723705776535525	10113	7978	448.0	10192	8061
1	13	1	7.728034257498466	13192	4781	448.0	12931	4553
1	5	0	7.755667814790088	10955	17941	448.0	10974	17897
1	36	0	7.758389458410409	14590	15352	298.0	14691	15377
1	24	2	7.75960231692533	13183	14204	252.25	13034	14290
1	7	0	7.772800126075102	15364	27479	298.0	15343	27425
1	30	0	7.773940919443028	15708	14019	448.0	15782	14101
1	3	2	7.78554313048637	12608	16620	252.25	12514	16662
1	27	0	7.794346201956298	11166	13293	298.0	10701	13426
1	37	1	7.806403139349117	12862	10645	298.0	12858	10785
1	11	0	7.816276566639583	15178	9862	132.0	15160	9857
1	22	0	7.840460532146704	3814	18354	298.0	3873	18101
1	10	0	7.858771473935216	10320	21290	298.0	10379	21301
1	5	0	7.862647787703675	10974	17897	448.0	11007	17825
1	2	1	7.902779640370613	17431	18606	504.5	17193	18653
1	0	0	7.908309825543159	8947	10209	298.0	8960	10219
1	25	1	7.909195524630715	8558	17796	504.5	8655	17760
1	35	2	7.91115589350512	8006	16747	252.24999999999997	8124	16842
1	16	0	7.915369497477624	5006	17794	672.0	5168	17808
1	33	0	7.9564019696169925	8254	16450	298.0	8381	16296
1	11	0	7.957803397641624	15160	9857	297.99999999999994	14861	9780
1	0	0	7.963347474760799	8960	10219	298.0	8991	10154
1	7	0	7.967228393684108	15343	27425	298.0	15289	26776
1	14	1	7.9737061842615375	14038	8438	504.5	13982	8255
1	21	1	7.979478571368225	10192	8061	448.00000000000006	10515	8400
1	34	0	7.994323197095999	11880	28036	298.0	11883	28080
0	40	0	8.0	14174	9354	298.0	14025	9270
0	41	0	8.0	8706	18979	298.0	8759	19116
0	42	0	8.0	13542	15017	298.0	13560	15036
0	43	1	8.0	9518	21362	298.0	9381	21362
0	44	2	8.0	8994	12670	252.25	8933	12577
1	30	0	8.020489156433815	15782	14101	448.0	15844	14192
1	5	0	8.03943857496855	11007	17825	448.0	11047	17737
1	10	0	8.060169676460365	10379	21301	298.0	10389	21253
1	28	0	8.08760432020727	13346	27196	298.0	13420	27159
1	42	0	8.087827196834244	13560	15036	298.0	13697	15238
1	36	0	8.10754404168476	14691	15377	298.0	14782	15398
1	25	1	8.114279706825679	8655	17760	504.50000000000006	8720	17736
1	34	0	8.142317002942978	11883	28080	298.0	11863	28138
1	16	0	8.157339457289265	5168	17808	672.0	5368	17826
1	8	0	8.166750028983468	17300	13648	672.0	18100	13388
1	29	0	8.171940958175636	6256	15391	298.0	6313	15409
1	3	2	8.19369496957406	12514	16662	252.25	12480	16590
2	0	0	8.205004815531119	8991	10154	0.0	8991	10154
1	38	0	8.214887940884777	20131	24972	132.0	20131	24886
1	10	0	8.224701900247362	10389	21253	447.99999999999994	10371	21227
1	25	1	8.25162212269343	8720	17736	448.0	8723	17715
1	15	2	8.253253246861789	10417	19094	252.24999999999997	10381	19245
1	5	0	8.255207253068454	11047	17737	448.0	11306	17613
1	30	0	8.266278392433204	15844	14192	448.0	15936	14291
1	37	1	8.276393512503791	12858	10785	298.0	12854	10940
1	10	0	8.295288455161835	10371	21227	447.99999999999994	10370	20956
1	25	1	8.298973023219315	8723	17715	448.0	8723	17701
1	9	0	8.300892014555174	12002	17946	448.0	12081	18097
1	12	0	8.302477955333824	11806	17110	448.0	11752	17071
1	25	1	8.330223023219315	8723	17701	447.99999999999994	8737	17640
1	34	0	8.34819434052926	11863	28138	298.0	11813	28261
1	14	1	8.3530453162537	13982	8255	448.0	13901	8271
1	18	0	8.359081548407122	8584	18848	1009.0	8548	18096
1	28	0	8.365236921440465	13420	27159	298.0	13507	27115
1	29	0	8.372526785476019	6313	15409	298.0	6443	15447
1	2	1	8.383644600931019	17193	18653	504.5	17033	18641
1	19	0	8.400359217301292	18531	12973	132.0	18431	12913
1	36	0	8.420938835137392	14782	15398	298.0	14869	15383
1	44	2	8.440913782783724	8933	12577	252.25000000000003	9069	12498
1	24	2	8.441615345853082	13034	14290	252.25	12965	14339
1	12	0	8.45116279893544	11752	17071	448.0	11764	17040
1	16	0	8.456161431038629	5368	17826	672.0	5578	17803
1	43	1	8.45973154362416	9381	21362	298.0	9248	21392
1	25	1	8.469923784186447	8737	17640	448.0	8752	17627
1	41	0	8.492934630803603	8759	19116	298.0	8618	19155
1	13	1	8.501609442367661	12931	4553	448.0	12877	4507
2	3	2	8.509350537263169	12480	16590	0.0	12480	16590
1	39	1	8.5114500786129	14559	23576	198.00000000000003	14667	23641
1	35	2	8.511708018570204	8124	16842	252.24999999999997	8174	16883
1	25	1	8.514230554814302	8752	17627	448.0	8834	17418
1	12	0	8.525362665625595	11764	17040	448.0	11773	17015
1	14	1	8.537342472079308	13901	8271	448.0	13722	8263
1	30	0	8.567948184729655	15936	14291	448.0	16009	14364
1	26	3	8.572098352797958	15733	15033	126.125	15803	14966
1	40	0	8.57398247391863	14025	9270	672.0	13986	9602
1	4	0	8.574039607175349	12807	28333	298.0	12869	28547
1	1	5	8.580819562797563	5920	20141	31.53125	5926	20012
1	12	0	8.584672175695177	11773	17015	448.0	11816	16870
1	33	0	8.626241311497159	8381	16296	298.0	8598	16032
1	13	1	8.659950048179876	12877	4507	448.0	12826	4484
1	17	3	8.679736620757469	6040	21363	126.125	6190	21242
1	9	0	8.681287405824548	12081	18097	448.0	12118	18114
1	28	0	8.692396617859428	13507	27115	298.0	13642	27048
1	2	1	8.701681011161053	17033	18641	504.5	16825	18588
1	22	0	8.71223360400418	3873	18101	298.0	3892	17932
1	36	0	8.717192639893677	14869	15383	298.0	14940	15596
1	35	2	8.768043608823161	8174	16883	252.25	8259	16953
1	16	0	8.770530135133855	5578	17803	672.0	5708	17794
1	9	0	8.772177017750897	12118	18114	448.0	12218	18111
1	24	2	8.77711029279676	12965	14339	252.24999999999997	12855	14415
1	13	1	8.784830411846835	12826	4484	448.0	12647	4411
1	34	0	8.793745496537358	11813	28261	298.0	11905	28288
1	37	1	8.7967009095269	12854	10940	298.0	12820	11124
1	30	0	8.798389233955627	16009	14364	448.0	16081	14393
1	29	0	8.827023509055536	6443	15447	672.0	6584	15570
1	38	0	8.86640309239993	20131	24886	132.0	20217	24735
1	15	2	8.868643075652631	10381	19245	252.25	10358	19559
1	5	0	8.89617437177085	11306	17613	448.0	11552	17495
1	10	0	8.900203287778286	10370	20956	448.0	10364	20772
1	32	2	8.900781093120585	6629	17675	252.24999999999997	6645	17642
1	42	0	8.906873532055135	13697	15238	298.0	13758	15306
1	43	1	8.91725329882214	9248	21392	298.0	9134	21407
1	12	0	8.922264873660325	11816	16870	448.0	11812	16817
1	14	1	8.937294886739286	13722	8263	448.0	13673	8261
1	31	2	8.961595775318408	9928	12479	252.25	9895	12431
1	16	0	8.964445560818854	5708	17794	672.0	5846	17794
1	30	0	8.9716501122621	16081	14393	672.0	16212	14068
1	41	0	8.983854845846688	8618	19155	298.0	8602	19208
1	11	0	8.993895903518924	14861	9780	448.0	14850	9778
1	9	0	8.995491727303472	12218	18111	448.0	12319	18241
0	45	2	9.0	16389	10404	252.25	16463	10771
0	46	0	9.0	18658	16788	132.0	18581	16896
0	47	0	9.0	14595	16634	198.0	14625	16589
0	48	0	9.0	13341	10829	298.0	13476	10877
0	49	0	9.0	10885	5480	298.0	10883	5673
1	25	1	9.015370239669977	8834	17418	448.0	8839	17404
1	11	0	9.018852019339233	14850	9778	448.0	14663	10196
1	21	1	9.024660247122078	10515	8400	448.00000000000006	10705	8600
1	12	0	9.040904893891739	11812	16817	448.0	11799	16757
1	32	2	9.046169563454717	6645	17642	252.25	6766	17381
1	14	1	9.04676095669678	13673	8261	448.0	13444	8248
1	25	1	9.048553428838098	8839	17404	504.50000000000006	8652	17274
1	44	2	9.064422227130482	9069	12498	252.25	9280	12837
1	40	0	9.071427138197254	13986	9602	672.0	13932	9948
1	18	0	9.105227444332542	8548	18096	1008.9999999999999	8652	17274
1	29	0	9.105460404225404	6584	15570	672.0	6679	15650
1	34	0	9.115490910967276	11905	28288	298.0	12080	28356
1	2	1	9.127144282832782	16825	18588	504.5	16575	18505
1	39	1	9.148074203589637	14667	23641	198.0	14744	23652
1	41	0	9.169634853036841	8602	19208	298.0	8576	19331
1	16	0	9.169802703675996	5846	17794	672.0	5964	17826
1	12	0	9.17794101423255	11799	16757	448.0	11776	16756
1	31	2	9.19251535318498	9895	12431	252.25000000000003	9935	12403
1	28	0	9.198140393710704	13642	27048	198.0	13603	26968
1	35	2	9.204569189507904	8259	16953	252.25	8652	17274
1	42	0	9.21342041639364	13758	15306	298.0	13917	15295
1	13	1	9.216333129133192	12647	4411	448.0	12585	4391
1	12	0	9.22932880188086	11776	16756	448.0	11743	16720
1	47	0	9.273147823898787	14625	16589	198.0	14696	16619
1	22	0	9.28292049518797	3892	17932	672.0	4116	17954
1	19	0	9.283836777126337	18431	12913	132.0	17947	13155
1	29	0	9.29027799869526	6679	15650	672.0	7073	15982
1	43	1	9.303100974595363	9134	21407	298.0	9088	21419
1	24	2	9.307144621069767	12855	14415	252.25	12683	14864
1	10	0	9.311135877277152	10364	20772	1009.0	9944	20776
1	4	0	9.321691818806684	12869	28547	298.0	12955	28670
1	12	0	9.33833876122974	11743	16720	448.0	11694	16656
1	26	3	9.340358827517942	15803	14966	126.125	15863	14909
1	16	0	9.351740224099544	5964	17826	672.0	6024	17849
1	13	1	9.361748285159106	12585	4391	448.0	12537	4362
1	9	0	9.362955596917805	12319	18241	448.0	12292	18433
1	31	2	9.386078177616831	9935	12403	252.25	9989	12493
1	27	0	9.417321252859773	10701	13426	672.0	10544	13292
1	8	0	9.418520317365202	18100	13388	672.0	18840	12888
1	37	1	9.424603385833024	12820	11124	298.0	12776	11279
1	16	0	9.44736119925679	6024	17849	672.0	6134	17890
1	43	1	9.462629354783346	9088	21419	298.0	8772	21639
1	36	0	9.470621209933794	14940	15596	672.0	15072	15498
1	48	0	9.480803514211795	13476	10877	298.0	13529	10894
1	13	1	9.486927525273481	12537	4362	448.0	12475	4352
1	30	0	9.493091084336866	16212	14068	672.0	16800	13876
1	25	1	9.499985871626043	8652	17274	504.5	8752	16404
1	5	0	9.505185415620314	11552	17495	448.0	11729	17450
1	12	0	9.518258337402836	11694	16656	672.0	11730	16535
1	39	1	9.54091130424883	14744	23652	448.0	14763	23569
1	14	1	9.558744659427877	13444	8248	447.99999999999994	13305	8242
1	41	0	9.591507129072502	8576	19331	298.0	8576	19454
1	40	0	9.592541008222684	13932	9948	672.0	13868	10359
1	22	0	9.617857644502479	4116	17954	672.0	4240	17932
1	16	0	9.622052425476484	6134	17890	672.0	6304	17932
1	13	1	9.627108940167298	12475	4352	448.0	12237	4507
1	21	1	9.640424274985191	10705	8600	448.0	10652	8973
1	28	0	9.647635343205653	13603	26968	198.0	13530	26818
1	49	0	9.647685779919849	10883	5673	298.0	10868	5746
1	2	1	9.64928089116686	16575	18505	504.5	16562	18505
1	47	0	9.66243005970774	14696	16619	198.0	14757	16503
1	48	0	9.667580964548382	13529	10894	298.0	13626	10925
1	2	1	9.675048978381925	16562	18505	504.5	16483	18502
1	12	0	9.706118205585735	11730	16535	672.0	11745	16487
1	36	0	9.715266963595248	15072	15498	672.0	15243	15373
1	27	0	9.72447867338014	10544	13292	1008.9999999999999	9708	14020
1	10	0	9.727408471119718	9944	20776	1009.0	9356	20552
1	39	1	9.730971419939973	14763	23569	448.00000000000006	14741	23288
1	34	0	9.745514972772954	12080	28356	298.0	12141	28294
1	42	0	9.7482527953857	13917	15295	298.0	13967	15292
1	33	0	9.773013807782327	8598	16032	298.0	8754	15857
1	12	0	9.78095327082788	11745	16487	672.0	11762	16432
1	9	0	9.79574386384789	12292	18433	448.0	12255	18826
1	31	2	9.802161960004208	9989	12493	252.25	10277	12973
1	22	0	9.805263138448087	4240	17932	672.0	4410	17879
1	4	0	9.825327087927612	12955	28670	298.0	13036	28839
1	2	1	9.831752529430904	16483	18502	504.50000000000006	16275	18495
1	12	0	9.86661897299826	11762	16432	672.0	11769	16364
1	14	1	9.869301436521003	13305	8242	448.0	13017	8221
1	16	0	9.882634855712764	6304	17932	672.0000000000001	6483	17923
1	49	0	9.897770221314302	10868	5746	298.0	10878	5842
1	5	0	9.912843395670969	11729	17450	448.0	11717	17349
1	42	0	9.91633977238393	13967	15292	298.0	14067	16065
1	18	0	9.926389937354438	8652	17274	1009.0	8752	16404
1	37	1	9.965288539240749	12776	11279	298.0	12800	11456
1	12	0	9.968344188240598	11769	16364	672.0	11763	16330
1	26	3	9.996522834216078	15863	14909	126.125	15937	14751
0	50	4	10.0	19999	15769	63.0625	20042	16127
0	51	1	10.0	13428	11335	298.0	13181	11287
0	52	0	10.0	3756	11304	298.0	3384	12008
0	53	1	10.0	14971	13852	298.0	14949	13878
0	54	2	10.0	15977	10655	132.0	16045	10742
1	41	0	10.004258806924852	8576	19454	298.0	8598	19582
1	46	0	10.004837929907646	18581	16896	132.0	18557	16940
1	48	0	10.009303101947065	13626	10925	298.0	13858	10979
1	12	0	10.019721201638312	11763	16330	672.0	11784	16295
1	36	0	10.03046928182472	15243	15373	672.0	15426	15241
1	34	0	10.037384128666437	12141	28294	298.0	12141	28280
1	11	0	10.041000417828005	14663	10196	448.0	14480	10608
1	29	0	10.056986488015921	7073	15982	672.0	7323	16192
1	22	0	10.070248571293332	4410	17879	672.0	4564	17828
1	12	0	10.080460283876285	11784	16295	672.0	11742	16253
1	34	0	10.084363994438249	12141	28280	298.0	12393	28070
1	53	1	10.114291183663935	14949	13878	298.0	14919	13926
1	15	2	10.116774809363724	10358	19559	252.25	10198	19543
1	5	0	10.139875478525811	11717	17349	448.00000000000006	11723	17229
1	16	0	10.14934038274947	6483	17923	672.0	6506	17925
1	7	0	10.15260644169735	15289	26776	298.0	15245	26210
1	12	0	10.168848631524604	11742	16253	672.0	11725	16208
1	38	0	10.182864003198361	20217	24735	132.0	20692	23947
1	16	0	10.183695729120348	6506	17925	672.0	6598	17936
1	32	2	10.186640739893633	6766	17381	252.25	6856	17184
1	17	3	10.207744582312275	6190	21242	126.125	6320	21136
1	40	0	10.211518868875597	13868	10359	672.0	13858	10979
1	49	0	10.221660919623393	10878	5842	298.0	10843	5913
1	12	0	10.240432045041304	11725	16208	672.0	11694	16127
1	2	1	10.244275334444099	16275	18495	504.5	15838	18490
1	13	1	10.261088597314135	12237	4507	298.0	12239	4705
1	53	1	10.30423711249729	14919	13926	298.0	14808	14107
1	22	0	10.31165504775247	4564	17828	672.0	4634	17805
1	16	0	10.321575602750093	6598	17936	447.99999999999994	6831	18153
1	47	0	10.324354577256338	14757	16503	298.0	14580	16422
1	10	0	10.351017729314801	9356	20552	1009.0	8843	19730
1	39	1	10.360122969658127	14741	23288	448.0	14711	22946
1	36	0	10.366241740690322	15426	15241	672.0	15435	15235
1	12	0	10.369493748059437	11694	16127	672.0	11657	16054
1	36	0	10.382337951741501	15435	15235	672.0	15494	15194
1	46	0	10.384533811305879	18557	16940	132.0	18562	16983
1	5	0	10.408067233809303	11723	17229	448.0	11748	17084
1	30	0	10.413557082112572	16800	13876	672.0	17300	13648
1	22	0	10.421300506203593	4634	17805	672.0	4744	17794
1	41	0	10.440087212161206	8598	19582	298.0	8600	19650
1	4	0	10.454215156421181	13036	28839	298.0	13119	29158
1	21	1	10.481376505316367	10652	8973	448.0	10642	9050
1	45	2	10.484186974328123	16463	10771	252.25	16456	10854
1	49	0	10.48729202602827	10843	5913	298.0	10801	5997
1	36	0	10.489253219281299	15494	15194	672.0	15733	15033
1	28	0	10.49016192178262	13530	26818	198.0	13460	26673
1	12	0	10.491281411545213	11657	16054	672.0	11513	15775
1	14	1	10.513865298172778	13017	8221	448.0	12729	8219
1	29	0	10.542844455793139	7323	16192	672.0	7478	16318
1	33	0	10.559717247267702	8754	15857	298.0	8649	15680
1	37	1	10.564683531721455	12800	11456	448.00000000000006	12686	11462
1	22	0	10.585807398811228	4744	17794	672.0	4870	17787
1	44	2	10.64738314211339	9280	12837	252.25	9365	12979
1	21	1	10.654694888064618	10642	9050	448.0	11015	9105
1	41	0	10.66837380748597	8600	19650	672.0	8405	19607
1	9	0	10.67685522036109	12255	18826	448.0	12191	18927
1	46	0	10.712486248001536	18562	16983	132.0	18576	17027
1	5	0	10.736503371522744	11748	17084	448.0	11752	17071
1	8	0	10.74751517223223	18840	12888	672.0	19392	12672
1	15	2	10.75422975460826	10198	19543	252.25	9972	19580
1	43	1	10.754710756244702	8772	21639	298.0	8581	21772
1	5	0	10.766863796765458	11752	17071	448.0	11764	17040
1	22	0	10.773596527741644	4870	17787	672.0	5006	17794
1	18	0	10.794306952574713	8752	16404	1009.0	8948	15300
1	49	0	10.80244254634703	10801	5997	298.0	10741	6118
1	48	0	10.808637314338766	13858	10979	672.0	13868	10359
1	45	2	10.814393744166916	16456	10854	252.25	16466	10946
1	37	1	10.81950001730771	12686	11462	448.0	12565	11496
1	27	0	10.823139328135953	9708	14020	1009.0	9160	14804
1	54	2	10.836529682682679	16045	10742	132.0	16098	10834
1	29	0	10.840094971670474	7478	16318	298.0	7647	16122
1	5	0	10.841063663455612	11764	17040	448.0	11773	17015
1	51	1	10.844364920679386	13181	11287	298.0	13123	11489
1	5	0	10.900373173525194	11773	17015	448.0	11816	16870
1	36	0	10.918077755982086	15733	15033	672.0000000000001	15803	14966
1	13	1	10.925552022657966	12239	4705	298.0	12215	4730
1	9	0	10.943752682733662	12191	18927	448.0	12136	18972
1	12	0	10.958498292148223	11513	15775	672.0	11446	15645
1	41	0	10.96552373538185	8405	19607	672.0	8175	19579
1	22	0	10.976245378789622	5006	17794	672.0	5168	17808
1	47	0	10.977554370444594	14580	16422	298.0	14412	16346
0	55	0	11.0	6363	19544	298.0	6409	19533
0	56	0	11.0	18073	17625	132.0	17952	17688
0	57	0	11.0	8011	12468	298.0	7994	12479
0	58	0	11.0	18879	13881	132.0	18695	13634
0	59	3	11.0	13940	20262	126.125	13774	20077
1	53	1	11.016737858274908	14808	14107	298.0	14792	14080
1	16	0	11.03228792552197	6831	18153	448.0	7149	18431
1	13	1	11.041845468638929	12215	4730	298.0	11623	4850
1	32	2	11.045252658029028	6856	17184	252.25000000000003	6935	17007
1	11	0	11.047281017724	14480	10608	672.0	14229	10990
1	36	0	11.06226950058634	15803	14966	672.0	15863	14909
1	46	0	11.062286138323207	18576	17027	132.0	18581	17100
1	57	0	11.067947841380256	7994	12479	298.0	7889	12539
1	37	1	11.100049385553229	12565	11496	448.0	12463	11501
1	9	0	11.102376236344732	12136	18972	448.0	12041	18991
1	2	1	11.110536193082165	15838	18490	504.5	15645	18513
1	53	1	11.122055675902258	14792	14080	298.0	14466	13863
1	39	1	11.126447228635982	14711	22946	448.0	14657	22361
1	40	0	11.134257916371281	13858	10979	672.0	13858	11129
1	14	1	11.156737941835104	12729	8219	448.0	12323	8182
1	55	0	11.15871454483739	6409	19533	298.0	6517	19490
1	12	0	11.17613190275035	11446	15645	672.0	11416	15588
1	45	2	11.181259482165228	16466	10946	252.25	16494	11058
1	34	0	11.18513743869355	12393	28070	298.0	12451	27936
1	36	0	11.18542230615896	15863	14909	672.0	15937	14751
1	24	2	11.213257655797804	12683	14864	252.25	12533	15101
1	35	2	11.216203381246912	8652	17274	252.25000000000003	8839	17404
1	22	0	11.218215338601263	5168	17808	672.0	5368	17826
1	30	0	11.231311113181082	17300	13648	672.0	18100	13388
1	25	1	11.235819902066591	8752	16404	504.5	8948	15300
1	5	0	11.237965871490342	11816	16870	448.0	11892	16818
1	33	0	11.25032420912579	8649	15680	448.0	8420	15310
1	49	0	11.255661493524272	10741	6118	298.0	10650	6304
1	12	0	11.271984182007422	11416	15588	672.0	11302	15368
1	28	0	11.303355971686894	13460	26673	198.0	13460	26630
1	44	2	11.30346331464805	9365	12979	252.25	9426	13083
1	41	0	11.310312544020354	8175	19579	672.0	8055	19564
1	10	0	11.311319286146587	8843	19730	1009.0	8584	18848
1	9	0	11.318629296072997	12041	18991	672.0	12063	19018
1	37	1	11.328001339769731	12463	11501	448.0	12294	11482
1	40	0	11.357472202085567	13858	11129	672.0	13861	11491
1	9	0	11.37045689954701	12063	19018	672.0	12167	19222
1	26	3	11.37983802074147	15937	14751	126.125	16070	14420
1	6	5	11.38037442108481	9718	15007	31.53125	9644	15180
1	5	0	11.443517022083581	11892	16818	448.0	12020	16774
1	36	0	11.445051216725204	15937	14751	672.0	16070	14420
1	57	0	11.47376618441542	7889	12539	298.0	8071	12843
1	41	0	11.490273654473446	8055	19564	672.0	7935	19575
1	2	1	11.49580008767606	15645	18513	504.5	15301	18562
2	21	1	11.496286751994916	11015	9105	0.0	11015	9105
1	22	0	11.517037312350626	5368	17826	672.0	5578	17803
1	28	0	11.520527688858612	13460	26630	198.00000000000003	13476	26571
1	43	1	11.535732551886943	8581	21772	504.50000000000006	8645	21977
1	17	3	11.537678304969116	6320	21136	126.12499999999999	6515	20952
1	55	0	11.548799880467255	6517	19490	298.0	6492	19405
1	51	1	11.549606002550897	13123	11489	448.0	13215	11506
1	4	0	11.560325876142626	13119	29158	298.0	13099	29314
1	47	0	11.596315743417271	14412	16346	298.0	14382	16320
1	46	0	11.616612142260381	18581	17100	132.0	18557	17148
1	8	0	11.629592960462835	19392	12672	1009.0	19440	12956
1	45	2	11.638928292937456	16494	11058	252.25	16553	11294
1	12	0	11.640707637948934	11302	15368	672.0	11258	15262
1	54	2	11.640881083122975	16098	10834	132.0	16166	10950
1	15	2	11.66209391103212	9972	19580	252.25	9842	19614
1	41	0	11.669593761605901	7935	19575	672.0	7881	19607
1	34	0	11.675116291000771	12451	27936	298.0	12564	27679
1	37	1	11.707610030780378	12294	11482	448.0	12067	11487
1	29	0	11.708548494896394	7647	16122	298.0	7872	15825
1	9	0	11.711201465769907	12167	19222	672.0	12201	19289
1	11	0	11.727464266863008	14229	10990	672.0	14045	11256
1	47	0	11.729533416177533	14382	16320	298.0	14337	16225
1	48	0	11.73137636183445	13868	10359	448.0	13733	10283
1	5	0	11.74564067057802	12020	16774	448.0	12059	16778
1	51	1	11.758439638643782	13215	11506	448.0	13487	11554
1	41	0	11.763000635573016	7881	19607	672.0	7778	19721
1	27	0	11.771142712597795	9160	14804	1008.9999999999999	8948	15300
1	44	2	11.781439457532148	9426	13083	252.24999999999997	9547	13285
1	12	0	11.811495337179927	11258	15262	672.0	11215	15107
1	32	2	11.813656314190986	6935	17007	252.25	7019	16798
1	9	0	11.823006845271467	12201	19289	672.0	12393	19662
1	28	0	11.829270147759177	13476	26571	198.0	13478	26513
1	22	0	11.831406016445854	5578	17803	672.0	5708	17794
1	5	0	11.833150919613345	12059	16778	672.0	12094	16784
1	55	0	11.846116074203318	6492	19405	298.0	6722	19330
1	5	0	11.885994017543597	12094	16784	672.0	12299	16664
1	40	0	11.896181176379908	13861	11491	672.0	13789	11651
1	18	0	11.905569165596546	8948	15300	1008.9999999999999	9160	14804
1	8	0	11.915051609063743	19440	12956	1009.0000000000001	19712	14356
1	49	0	11.950519284816393	10650	6304	298.0	10617	6342
1	43	1	11.96141739498565	8645	21977	504.50000000000006	8654	22068
1	16	0	11.975108710805825	7149	18431	298.0	7251	18301
1	36	0	11.975886305467375	16070	14420	672.0	16081	14393
1	41	0	11.991630379188175	7778	19721	672.0	7611	19958
0	60	3	12.0	10361	25448	126.125	10418	25472
0	61	0	12.0	11934	13373	298.0	11866	13091
0	62	3	12.0	12860	28271	126.12499999999999	12844	28239
0	63	2	12.0	20671	19219	132.0	20734	19128
0	64	2	12.0	13191	27275	252.25	13211	27265
1	36	0	12.019271364208784	16081	14393	672.0	16212	14068
1	31	2	12.021275466070207	10277	12973	252.25000000000003	10318	13043
1	46	0	12.023169956351252	18557	17148	132.0	18431	17338
1	22	0	12.025321442130851	5708	17794	672.0	5846	17794
1	56	0	12.033473286532422	17952	17688	132.0	17830	17852
1	12	0	12.050861365516328	11215	15107	672.0	11177	14972
1	7	0	12.057665741205525	15245	26210	298.0	15223	25950
1	14	1	12.066743465233063	12323	8182	448.00000000000006	12023	8169
1	48	0	12.077185650452305	13733	10283	448.0	13584	10199
1	47	0	12.082281671909557	14337	16225	298.0	14324	16185
2	4	0	12.088100460071148	13099	29314	0.0	13099	29314
1	64	2	12.088644914866196	13211	27265	252.24999999999997	13346	27196
1	35	2	12.119068266822799	8839	17404	252.25	9042	17545
1	49	0	12.119408271825273	10617	6342	298.0	10460	6481
1	28	0	12.122373544295478	13478	26513	198.0	13433	26431
1	43	1	12.142674029112975	8654	22068	504.5	8654	22251
1	40	0	12.157272988278256	13789	11651	672.0	13752	11736
1	2	1	12.184545976782784	15301	18562	504.5	15052	18597
1	15	2	12.194790110270679	9842	19614	252.25000000000003	9744	19640
1	11	0	12.208770492780122	14045	11256	672.0	13861	11491
1	37	1	12.214429359802475	12067	11487	448.0	11536	11511
1	33	0	12.221603925432413	8420	15310	448.0	8327	15253
1	10	0	12.22236144192454	8584	18848	1009.0	8548	18096
1	47	0	12.223420872210317	14324	16185	298.0	14279	16034
1	22	0	12.230678584987995	5846	17794	672.0	5964	17826
1	5	0	12.239475372312041	12299	16664	672.0	12514	16662
1	12	0	12.259561085858678	11177	14972	672.0	11090	14578
1	62	3	12.283663727571827	12844	28239	126.125	12784	28179
1	40	0	12.295225115478576	13752	11736	672.0	13536	12144
1	27	0	12.305738433010491	8948	15300	1009.0	8752	16404
1	24	2	12.325170225895654	12533	15101	252.25	12489	15164
1	31	2	12.34287452592919	10318	13043	252.25	10544	13292
1	51	1	12.374963799416356	13487	11554	448.0	13604	11564
1	22	0	12.41261610541154	5964	17826	672.0	6024	17849
1	41	0	12.423070226157932	7611	19958	672.0	7465	20158
1	53	1	12.436211503911622	14466	13863	298.0	14386	13783
1	39	1	12.437802186522664	14657	22361	448.0	14638	22146
1	18	0	12.440164886009242	9160	14804	1009.0	9708	14020
1	9	0	12.447285411324218	12393	19662	672.0	12458	19813
1	48	0	12.458986492478537	13584	10199	448.0	13518	10161
1	33	0	12.465081500825688	8327	15253	298.0	8370	14998
1	30	0	12.483081401562814	18100	13388	672.0	18840	12888
1	60	3	12.490359440113101	10418	25472	126.12499999999999	10678	25585
1	43	1	12.505409410678881	8654	22251	504.5	8610	22748
1	22	0	12.508237080568787	6024	17849	672.0	6134	17890
1	16	0	12.529602739416157	7251	18301	298.0	7474	18015
1	42	0	12.531915163970027	14067	16065	672.0	13749	16113
1	36	0	12.54071233628355	16212	14068	672.0	16270	13918
1	5	0	12.559429690949466	12514	16662	672.0	12608	16620
2	28	0	12.594778035668108	13433	26431	0.0	13433	26431
1	15	2	12.596733955048053	9744	19640	252.25	9687	19656
1	45	2	12.603301858493221	16553	11294	252.25	16562	11387
1	34	0	12.617215070511385	12564	27679	298.0	12607	27605
1	48	0	12.628981427877285	13518	10161	448.0	13245	10007
1	24	2	12.629804508606268	12489	15164	252.24999999999997	12475	15197
1	51	1	12.637076685134884	13604	11564	448.0	13789	11651
1	11	0	12.65291394997899	13861	11491	672.0	13789	11651
1	55	0	12.657926168391434	6722	19330	298.0	6856	19299
1	54	2	12.659531768818225	16166	10950	132.0	16276	11018
1	57	0	12.662746865369485	8071	12843	298.0	8386	12660
1	52	0	12.6719502332073	3384	12008	672.0	4201	12410
1	1	5	12.6764218462524	5926	20012	31.53125	5913	19869
1	22	0	12.682928306788481	6134	17890	672.0	6304	17932
1	2	1	12.682955902859485	15052	18597	504.49999999999994	14984	18622
1	64	2	12.689680971246451	13346	27196	252.25	13420	27159
1	9	0	12.691922113251188	12458	19813	672.0	12466	19807
1	32	2	12.7066146943055	7019	16798	252.25	7090	16676
1	9	0	12.70680306563214	12466	19807	672.0	12492	19861
1	5	0	12.712638472809392	12608	16620	672.0	12753	16556
2	44	2	12.714908713645608	9547	13285	0.0	9547	13285
1	14	1	12.737014747741581	12023	8169	448.0	11944	8149
1	47	0	12.75215471763988	14279	16034	672.0	14067	16065
1	24	2	12.771913117755405	12475	15197	252.25000000000003	12350	15144
1	36	0	12.780032104057057	16270	13918	672.0	16376	13632
1	41	0	12.791553377423277	7465	20158	672.0	7401	20260
1	9	0	12.795989518392686	12492	19861	672.0	12517	19916
1	53	1	12.81586615152856	14386	13783	298.0	14346	13817
1	49	0	12.823066821310265	10460	6481	298.0	10396	6537
1	2	1	12.826563400870821	14984	18622	504.5	14737	18728
1	15	2	12.831433818130165	9687	19656	252.25	9555	19690
1	63	2	12.838482712923433	20734	19128	132.0	20783	19022
1	12	0	12.859994145395925	11090	14578	672.0	11072	14442
1	9	0	12.885893134267645	12517	19916	672.0	12780	20082
1	34	0	12.904417130387621	12607	27605	298.0	12671	27497
1	11	0	12.914005761877338	13789	11651	448.0	13604	11564
1	14	1	12.918917272133362	11944	8149	448.0	11933	8147
1	39	1	12.91958321808415	14638	22146	448.0	14630	22058
1	7	0	12.933266778609978	15223	25950	298.0	15223	25938
1	22	0	12.943510737024763	6304	17932	672.0000000000001	6483	17923
1	14	1	12.943873387953671	11933	8147	447.99999999999994	11654	8037
1	5	0	12.948495700091062	12753	16556	672.0	12748	16546
1	62	3	12.956431329097184	12784	28179	126.125	12514	27963
1	29	0	12.958898655301496	7872	15825	298.0	7932	15752
1	5	0	12.965133110637936	12748	16546	672.0	12876	16471
1	10	0	12.96850733784996	8548	18096	1008.9999999999999	8652	17274
1	59	3	12.970726187124631	13774	20077	126.125	13595	19997
1	41	0	12.97074377294102	7401	20260	672.0	7363	20298
1	61	0	12.973432036293477	11866	13091	298.0	12203	12993
1	7	0	12.973535234985816	15223	25938	298.0	15057	23925
1	45	2	12.973706096409513	16562	11387	252.25	16587	11579
1	40	0	12.982203117681124	13536	12144	672.0	13428	12408
1	53	1	12.992032658218584	14346	13817	298.0	14225	13896
0	65	1	13.0	16282	7630	298.0	16184	7635
0	66	0	13.0	8574	23165	672.0	8557	23364
0	67	0	13.0	20804	16156	132.0	20712	16175
0	68	1	13.0	9249	7722	298.0	8642	8525
0	69	0	13.0	7723	11514	298.0	7746	11525
1	42	0	13.010489924086363	13749	16113	672.0	13601	16136
1	64	2	13.017667156251376	13420	27159	252.25	13507	27115
1	41	0	13.050714182718071	7363	20298	672.0	7267	20379
1	12	0	13.06413998634405	11072	14442	672.0	11021	14078
1	13	1	13.068824441096664	11623	4850	298.0	11455	4884
1	47	0	13.070985850882767	14067	16065	672.0	13749	16113
1	69	0	13.085554018684443	7746	11525	298.0	7735	11542
1	51	1	13.093406615930352	13789	11651	504.5	13752	11736
1	35	2	13.098905385647749	9042	17545	252.25	9221	17655
1	49	0	13.108439863262873	10396	6537	298.0	10292	6647
1	39	1	13.116821807676779	14630	22058	448.0	14616	21882
1	55	0	13.119466723270447	6856	19299	298.0	7002	19235
1	69	0	13.153501860064699	7735	11542	298.0	7692	11612
1	5	0	13.185898446402083	12876	16471	672.0	13087	16349
1	22	0	13.210216264061469	6483	17923	672.0	6506	17925
1	42	0	13.233371620752141	13601	16136	672.0	13378	16200
1	36	0	13.233918227857604	16376	13632	672.0	16431	13511
1	41	0	13.237628659641805	7267	20379	672.0	7122	20487
1	22	0	13.244571610432347	6506	17925	672.0	6598	17936
1	32	2	13.266202175514346	7090	16676	252.25	7202	16563
1	29	0	13.275990554670395	7932	15752	298.0	8096	15555
1	51	1	13.277160490020766	13752	11736	504.5	13536	12144
1	66	0	13.297209539698052	8557	23364	672.0	8554	23395
1	24	2	13.310156398166338	12350	15144	252.24999999999997	12242	15383
1	34	0	13.325688400897024	12671	27497	298.0	12694	27459
1	8	0	13.328508605589057	19712	14356	1009.0000000000001	19848	15812
1	48	0	13.328625589665975	13245	10007	448.0	12993	9866
1	65	1	13.32928680577794	16184	7635	298.0	15949	7729
1	33	0	13.33286699525357	8370	14998	298.0	7838	14555
1	58	0	13.333345631608676	18695	13634	132.0	18690	13547
1	66	0	13.343556002502806	8554	23395	672.0	8536	23561
1	9	0	13.348700322960621	12780	20082	672.0	12662	20249
1	2	1	13.359337038406492	14737	18728	504.5	14599	18787
1	11	0	13.370335692672805	13604	11564	448.0	13487	11554
1	15	2	13.371804377857062	9555	19690	252.25	9456	19714
1	22	0	13.382451484062091	6598	17936	447.99999999999994	6831	18153
1	19	0	13.383294735875952	17947	13155	132.0	17790	13139
1	18	0	13.388168270471084	9708	14020	1008.9999999999999	10544	13292
1	37	1	13.400907253037406	11536	11511	447.99999999999994	11497	11521
1	64	2	13.404163051327098	13507	27115	252.25	13642	27048
1	40	0	13.406662557824149	13428	12408	298.0	13699	12501
1	27	0	13.417000646032324	8752	16404	1009.0	8652	17274
1	69	0	13.429180711051826	7692	11612	298.0	7716	11621
1	36	0	13.431706182782515	16431	13511	672.0	16552	13242
1	25	1	13.45834432811026	8948	15300	504.49999999999994	9160	14804
1	34	0	13.474743651329995	12694	27459	298.0	12734	27389
1	53	1	13.476952306663048	14225	13896	298.0	14164	13941
1	37	1	13.490776994730252	11497	11521	448.0	11430	11550
1	43	1	13.494396297934193	8610	22748	504.49999999999994	8605	22797
1	41	0	13.50667776019609	7122	20487	672.0	7057	20530
1	39	1	13.510919888354517	14616	21882	448.0	14604	21671
1	69	0	13.515194171575157	7716	11621	298.0	7829	11793
1	5	0	13.548593996323925	13087	16349	672.0	13138	16323
1	47	0	13.549560610999103	13749	16113	672.0	13601	16136
1	42	0	13.578612923077147	13378	16200	671.9999999999999	13337	16220
1	56	0	13.581969995257683	17830	17852	132.0	17739	18093
1	43	1	13.592026508883844	8605	22797	504.49999999999994	8574	23165
1	66	0	13.592027805654496	8536	23561	672.0	8520	23710
1	12	0	13.611097483361034	11021	14078	298.0	11315	13916
1	14	1	13.613296715064477	11654	8037	448.0	11629	8025
1	49	0	13.616427500045859	10292	6647	298.0	10254	6710
1	41	0	13.622653758817512	7057	20530	672.0	6965	20623
1	11	0	13.632448578391333	13487	11554	448.0	13215	11506
1	5	0	13.633780137879649	13138	16323	672.0	13265	16258
1	54	2	13.639238627019873	16276	11018	252.25	16170	11203
1	13	1	13.64401219575615	11455	4884	298.0	11419	4916
1	42	0	13.646496820267368	13337	16220	672.0	13265	16258
1	9	0	13.652989419791437	12662	20249	672.0	12632	20318
1	37	1	13.653738711234217	11430	11550	448.0	11370	11438
1	55	0	13.654404365578882	7002	19235	298.0	7103	19169
1	2	1	13.656826255845612	14599	18787	298.0	14628	19006
1	17	3	13.663397410564892	6515	20952	126.125	6600	20925
1	14	1	13.67519593213529	11629	8025	448.00000000000006	11529	7974
1	31	2	13.675953762273755	10544	13292	252.25	10701	13426
1	67	0	13.711677811668785	20712	16175	132.0	20667	16173
1	63	2	13.723161245792715	20783	19022	132.0	20826	18833
1	53	1	13.731322691337507	14164	13941	298.0	14024	13970
1	45	2	13.741280975891728	16587	11579	252.24999999999997	16587	11660
1	34	0	13.745289213353436	12734	27389	298.0	12869	26906
1	16	0	13.74659520960331	7474	18015	672.0	7605	17989
1	46	0	13.75030977048252	18431	17338	132.0	18325	17470
1	9	0	13.764953135898441	12632	20318	672.0	12613	20377
1	42	0	13.767646418106937	13265	16258	672.0	13138	16323
1	47	0	13.772442307664884	13601	16136	672.0	13378	16200
1	15	2	13.775640100664189	9456	19714	252.25	9286	19713
1	10	0	13.789669830871857	8652	17274	1009.0	8752	16404
1	13	1	13.805644337753362	11419	4916	298.0	11378	4952
1	30	0	13.812076256429844	18840	12888	672.0	19392	12672
1	66	0	13.815028695713526	8520	23710	672.0	8461	23895
1	41	0	13.81732141596775	6965	20623	672.0	6814	20791
1	5	0	13.84608288413075	13265	16258	672.0	13337	16220
1	9	0	13.857191036001486	12613	20377	672.0	12603	20494
1	49	0	13.863317073561516	10254	6710	298.0	10225	6792
1	36	0	13.870636263694845	16552	13242	672.0	16565	13211
1	57	0	13.88522783005651	8386	12660	448.0	8393	12673
1	32	2	13.89692803124325	7202	16563	252.25	7478	16318
1	57	0	13.918185024387387	8393	12673	448.0	8488	12835
1	36	0	13.920659288438808	16565	13211	671.9999999999999	16749	12886
1	14	1	13.925763288985454	11529	7974	448.0	11347	7884
1	35	2	13.931799722095422	9221	17655	252.25000000000003	9231	17662
1	37	1	13.937352642917585	11370	11438	298.0	11318	11462
1	16	0	13.945338114395444	7605	17989	672.0	7682	17976
1	5	0	13.967232481970319	13337	16220	671.9999999999999	13378	16200
1	48	0	13.97318945131775	12993	9866	448.0	12661	9703
1	42	0	13.97994916435804	13138	16323	672.0	13087	16349
1	35	2	13.980190428203384	9231	17662	252.25	9311	17716
1	39	1	13.982663095385739	14604	21671	448.0	14640	21330
1	13	1	13.988737933266163	11378	4952	298.0	11255	4992
1	58	0	13.993524114306686	18690	13547	132.0	18661	13432
0	70	0	14.0	6458	20971	672.0	6515	20952
0	71	1	14.0	10901	28682	298.0	10885	28725
0	72	0	14.0	16096	22945	298.0	15970	22902
0	73	0	14.0	20492	20072	132.0	20502	19985
0	74	1	14.0	11974	18944	448.0	11999	18958
1	64	2	14.001632407932371	13642	27048	198.0	13603	26968
1	52	0	14.026928567925863	4201	12410	672.0	5210	13105
1	9	0	14.031932959813838	12603	20494	672.0	12603	20538
1	5	0	14.03511637916054	13378	16200	672.0	13601	16136
1	67	0	14.052923436806822	20667	16173	132.0	20773	16322
1	55	0	14.05927816847361	7103	19169	298.0	7183	19083
1	16	0	14.061543013236841	7682	17976	672.0	7738	17965
1	45	2	14.06239098580253	16587	11660	252.25	16558	11752
1	74	1	14.063957807062028	11999	18958	448.0	12116	18902
1	42	0	14.065135305913763	13087	16349	672.0	12876	16471
1	70	0	14.089409636225	6515	20952	672.0	6600	20925
1	22	0	14.093163806833967	6831	18153	448.0	7149	18431
1	9	0	14.097409150290028	12603	20538	672.0	12603	20838
1	66	0	14.103987517976698	8461	23895	672.0	8404	24005
1	47	0	14.11768360998989	13378	16200	671.9999999999999	13337	16220
2	37	1	14.129538160545454	11318	11462	0.0	11318	11462
1	29	0	14.13615788890831	8096	15555	298.0	8121	15526
1	16	0	14.146468805340294	7738	17965	672.0	7831	17911
1	61	0	14.15115053190966	12203	12993	448.0	11929	12479
1	41	0	14.153462993291457	6814	20791	672.0	6725	20869
1	71	1	14.153960667744355	10885	28725	298.0	10858	28744
1	49	0	14.155186229455	10225	6792	298.0	10210	6879
1	65	1	14.178624879386401	15949	7729	298.0	15674	7837
1	47	0	14.185567507180108	13337	16220	672.0	13265	16258
1	51	1	14.19222335915875	13536	12144	504.5	13428	12408
1	69	0	14.205792980590084	7829	11793	448.0	7863	11772
1	26	3	14.20815262636874	16070	14420	126.125	16081	14393
1	53	1	14.211094588101627	14024	13970	298.0	14004	13930
1	70	0	14.222125708495852	6600	20925	672.0	6725	20869
1	11	0	14.248972739163907	13215	11506	448.0	13123	11489
1	29	0	14.264642383667214	8121	15526	298.0	8282	15326
1	71	1	14.264749755121665	10858	28744	298.0	10923	28830
1	27	0	14.2849176612526	8652	17274	1008.9999999999999	8548	18096
1	66	0	14.288349245947453	8404	24005	672.0	8332	24096
1	69	0	14.294994950244941	7863	11772	448.0	7977	11979
1	16	0	14.3064995939915	7831	17911	672.0	7894	17832
1	47	0	14.306717105019679	13265	16258	672.0	13138	16323
1	43	1	14.324045137834315	8574	23165	504.5	8557	23364
1	41	0	14.329568235303647	6725	20869	672.0	6600	20925
1	57	0	14.337382403817315	8488	12835	298.0	8713	12705
1	24	2	14.34987471702248	12242	15383	252.25	12104	15728
1	74	1	14.353491775166333	12116	18902	448.0	12158	18856
1	53	1	14.361166264443895	14004	13930	298.0	13622	13953
1	35	2	14.362824434530875	9311	17716	252.25000000000003	9400	17752
1	40	0	14.36811733965693	13699	12501	298.0	14620	12817
1	17	3	14.37051495717352	6600	20925	126.12499999999999	6725	20869
1	14	1	14.3789707498144	11347	7884	448.0	11042	7561
1	5	0	14.380357681485545	13601	16136	672.0	13749	16113
1	2	1	14.398140843378053	14628	19006	298.0	14675	19351
1	13	1	14.42276691156378	11255	4992	298.0	11073	5049
1	70	0	14.425951303447999	6725	20869	672.0	6814	20791
2	42	0	14.427830855835603	12876	16471	0.0	12876	16471
1	26	3	14.439310283250615	16081	14393	126.125	16212	14068
1	45	2	14.444799025124052	16558	11752	252.25000000000003	16488	11887
1	72	0	14.446762649519945	15970	22902	298.0	15833	22857
1	15	2	14.449586349032984	9286	19713	252.25	9196	19712
1	64	2	14.451127357427321	13603	26968	252.25	13755	26895
1	49	0	14.451440034211284	10210	6879	298.0	10214	7119
1	55	0	14.453427077467596	7183	19083	298.0	7299	19011
1	16	0	14.456863499694704	7894	17832	672.0	7931	17786
1	11	0	14.45780637525679	13123	11489	447.99999999999994	13086	11482
1	66	0	14.461026011749473	8332	24096	672.0	8221	24197
1	36	0	14.476420526228658	16749	12886	672.0	16858	12703
1	54	2	14.484494734330626	16170	11203	132.0	16089	11240
1	18	0	14.486828925226895	10544	13292	672.0	10318	13043
1	74	1	14.492531163580596	12158	18856	447.99999999999994	12185	18804
1	31	2	14.49422843656389	10701	13426	252.25	10808	13522
1	47	0	14.51901985127078	13138	16323	672.0	13087	16349
1	59	3	14.525245633212032	13595	19997	126.125	13417	20016
1	25	1	14.52753576893565	9160	14804	504.5	9708	14020
1	41	0	14.533393830255793	6600	20925	672.0	6515	20952
1	11	0	14.54186070732716	13086	11482	448.0	12800	11456
1	9	0	14.5438377217186	12603	20838	672.0	12603	20869
1	16	0	14.544711548165807	7931	17786	672.0	7943	17772
1	16	0	14.572150668574418	7943	17772	672.0	8027	17699
1	19	0	14.57884913505475	17790	13139	132.0	17724	12923
1	9	0	14.589968674099552	12603	20869	672.0	12603	21020
1	70	0	14.602056545460188	6814	20791	672.0	6965	20623
1	5	0	14.603239378151326	13749	16113	672.0	14067	16065
1	47	0	14.604205992826504	13087	16349	672.0	12876	16471
1	74	1	14.623316449967117	12185	18804	448.0	12198	18705
1	71	1	14.626497211874932	10923	28830	298.0	11137	28826
1	10	0	14.657586846092132	8752	16404	1009.0	8948	15300
1	73	0	14.663430506331256	20502	19985	132.0	20476	19819
1	41	0	14.666109902526646	6515	20952	298.0	6610	21129
2	66	0	14.684349397785434	8221	24197	0.0	8221	24197
2	30	0	14.694154044660449	19392	12672	0.0	19392	12672
1	43	1	14.719931779414278	8557	23364	504.5	8554	23395
1	12	0	14.737535126101923	11315	13916	298.0	11551	13789
1	16	0	14.737757684776005	8027	17699	672.0	8052	17690
1	60	3	14.738084062667353	10678	25585	126.125	10713	25506
1	35	2	14.743419908037538	9400	17752	252.24999999999997	9435	17763
1	39	1	14.748053782146496	14640	21330	448.00000000000006	14653	21194
1	51	1	14.757608381509815	13428	12408	504.5	13220	12936
1	16	0	14.777297358155726	8052	17690	672.0	8450	17784
1	8	0	14.777802811990846	19848	15812	1009.0	19960	17156
1	43	1	14.781665819066992	8554	23395	504.49999999999994	8536	23561
1	36	0	14.793388305105005	16858	12703	672.0	16858	12515
1	48	0	14.798759489578575	12661	9703	448.00000000000006	12420	9592
1	15	2	14.806397272260332	9196	19712	252.25	9079	19717
1	9	0	14.814671055051933	12603	21020	672.0	12578	21152
1	69	0	14.822484832208549	7977	11979	448.0	7997	12012
1	74	1	14.846195662759378	12198	18705	448.0	12168	18636
1	35	2	14.88886241608784	9435	17763	252.25	9497	17782
1	58	0	14.892010240321415	18661	13432	132.0	18642	13127
1	69	0	14.908617784804864	7997	12012	448.0	8089	12167
1	55	0	14.91157602151796	7299	19011	298.0	7375	18969
1	72	0	14.930659455764555	15833	22857	298.0	15726	22762
1	70	0	14.938198122783895	6965	20623	672.0	7057	20530
1	47	0	14.966901542748346	12876	16471	672.0	12748	16546
1	18	0	14.987229576072009	10318	13043	672.0	10277	12973
0	75	1	15.0	5909	21571	298.0	5925	21491
0	76	0	15.0	18690	13547	132.0	18661	13432
0	77	0	15.0	8048	22938	198.0	7870	23154
0	78	1	15.0	13579	7624	504.5	13577	7613
0	79	0	15.0	5877	19607	298.0	6136	19581
1	74	1	15.014141236919883	12168	18636	448.0	12188	18465
1	9	0	15.014591541300831	12578	21152	672.0	12549	21230
1	78	1	15.022161228716548	13577	7613	504.5	13474	7191
1	46	0	15.032829816167943	18325	17470	132.0	18267	17553
1	22	0	15.035984592117822	7149	18431	448.0	7158	18438
1	45	2	15.047649622775014	16488	11887	252.25	16510	11920
1	39	1	15.053008939961643	14653	21194	448.0	14691	21108
1	22	0	15.061434936428071	7158	18438	448.0	7212	18525
1	13	1	15.062757072404322	11073	5049	298.0	10981	5025
1	31	2	15.06411252311525	10808	13522	252.25	10922	13624
1	36	0	15.07315020986691	16858	12515	672.0	16873	12481
1	5	0	15.08181413826766	14067	16065	672.0	14279	16034
1	27	0	15.106080154274496	8548	18096	1009.0	8584	18848
1	18	0	15.107948866026515	10277	12973	672.0	9989	12493
1	43	1	15.112633215931085	8536	23561	504.5	8520	23710
1	64	2	15.119594657823056	13755	26895	252.25000000000003	13682	26742
1	29	0	15.126222423917856	8282	15326	298.0	8320	15263
1	36	0	15.128450519914713	16873	12481	672.0	16911	12461
1	70	0	15.132865779934134	7057	20530	672.0	7122	20487
1	9	0	15.138425744999441	12549	21230	672.0	12474	21403
1	35	2	15.145932669199807	9497	17782	252.25000000000003	9482	17829
1	54	2	15.159120093751632	16089	11240	132.0	16084	11279
1	65	1	15.17005816390915	15674	7837	298.0	15651	7949
1	11	0	15.182886123503208	12800	11456	448.00000000000006	12686	11462
1	47	0	15.187666878512493	12748	16546	672.0	12753	16556
1	63	2	15.191568990238574	20826	18833	132.0	20971	18248
1	36	0	15.192352039419427	16911	12461	672.0	16989	12461
1	55	0	15.202962509384971	7375	18969	298.0	7429	18924
1	47	0	15.204304289059365	12753	16556	672.0	12608	16620
1	45	2	15.20487881615501	16510	11920	252.25	16510	11941
1	57	0	15.209381495104985	8713	12705	298.0	8797	12657
1	70	0	15.248841778555555	7122	20487	672.0	7267	20379
1	49	0	15.256921010784573	10214	7119	298.0	10210	7260
1	39	1	15.262877855560626	14691	21108	504.5	14758	21135
1	15	2	15.270646187512579	9079	19717	252.25	8843	19730
1	75	1	15.273772859790217	5925	21491	298.0	6040	21363
1	45	2	15.288129559465219	16510	11941	252.25	16548	12107
1	22	0	15.289998081506768	7212	18525	448.0	7239	18595
1	36	0	15.308423467990856	16989	12461	672.0	17023	12436
1	69	0	15.310954955966652	8089	12167	448.0	8259	12449
1	41	0	15.340214099017574	6610	21129	298.0	6540	21233
1	35	2	15.34151477240764	9482	17829	252.25	9453	17907
1	71	1	15.344743453193551	11137	28826	298.0	11321	28824
1	32	2	15.359977373411608	7478	16318	252.24999999999997	7647	16122
1	14	1	15.37059000799204	11042	7561	448.0	10594	7110
1	36	0	15.37122390800874	17023	12436	672.0	17206	12131
1	29	0	15.373111997433513	8320	15263	298.0	8327	15253
1	13	1	15.381813832780288	10981	5025	298.0	10929	5255
1	16	0	15.385853719285246	8450	17784	672.0	8558	17796
1	48	0	15.391022329072932	12420	9592	448.0	11931	9389
1	74	1	15.398439491245949	12188	18465	447.99999999999994	12191	18395
1	5	0	15.400645271510548	14279	16034	672.0	14395	15968
1	39	1	15.406060660780513	14758	21135	504.50000000000006	14826	21162
1	43	1	15.409673053631122	8520	23710	504.5	8461	23895
1	72	0	15.41081846880847	15726	22762	298.0	15658	22701
1	29	0	15.414073593459465	8327	15253	298.0	8370	14998
1	9	0	15.419017535894888	12474	21403	672.0	12407	21558
1	60	3	15.423166467495196	10713	25506	126.12499999999999	10988	25614
1	34	0	15.428214430529978	12869	26906	298.0	12600	26355
1	11	0	15.437702609089463	12686	11462	448.0	12565	11496
1	67	0	15.438210317883582	20773	16322	132.0	20797	16375
1	55	0	15.438842533153963	7429	18924	448.0	7631	19221
1	47	0	15.440161516341037	12608	16620	672.0	12514	16662
1	61	0	15.451308121455273	11929	12479	448.0	11757	12158
1	17	3	15.456507423439861	6725	20869	126.125	6814	20791
1	54	2	15.45699287028705	16084	11279	132.0	16164	11489
1	22	0	15.457468309023756	7239	18595	448.0	7267	18692
1	70	0	15.51789087910984	7267	20379	672.0	7363	20298
1	56	0	15.533547492850149	17739	18093	132.0	17720	18272
1	57	0	15.534036169533115	8797	12657	298.0	9007	13005
1	16	0	15.547557025323414	8558	17796	672.0	8655	17760
1	39	1	15.551083849869435	14826	21162	504.49999999999994	14844	21170
1	65	1	15.553740112018032	15651	7949	447.99999999999994	15598	7990
1	74	1	15.554832920313835	12191	18395	447.99999999999994	12201	18320
1	2	1	15.566552694084598	14675	19351	298.0	14651	19443
1	39	1	15.590127884762582	14844	21170	504.5	15013	21236
1	47	0	15.593370298200963	12514	16662	672.0	12299	16664
1	5	0	15.599248850328438	14395	15968	672.0	14417	15953
1	12	0	15.636870245783628	11551	13789	298.0	11606	13886
1	5	0	15.638872442458482	14417	15953	672.0	14556	15856
1	53	1	15.645366875136837	13622	13953	298.0	13592	13921
1	33	0	15.656006113229548	7838	14555	298.0	7789	14514
1	9	0	15.67029862144833	12407	21558	672.0	12327	21748
1	31	2	15.670537044057902	10922	13624	252.25	10966	13686
1	35	2	15.671412036572026	9453	17907	252.25	9399	17970
1	22	0	15.682826318559107	7267	18692	447.99999999999994	7429	18924
1	62	3	15.697907712220069	12514	27963	126.125	12451	27936
1	16	0	15.701522754367103	8655	17760	672.0	8720	17736
1	65	1	15.703310340301522	15598	7990	448.0	15609	8000
1	70	0	15.704805356033576	7363	20298	672.0	7401	20260
1	72	0	15.717365353146974	15658	22701	298.0	15443	22604
1	50	4	15.717711077932288	20042	16127	63.0625	20307	16064
1	11	0	15.718251977334981	12565	11496	298.0	12547	11722
1	74	1	15.723725174224791	12201	18320	448.0	12214	18261
1	49	0	15.730265729502037	10210	7260	298.0	10196	7699
1	65	1	15.736493529469644	15609	8000	448.0	15417	8409
1	41	0	15.760896889466295	6540	21233	298.0	6556	21265
1	10	0	15.768849059113965	8948	15300	1008.9999999999999	9160	14804
1	70	0	15.784775765810625	7401	20260	672.0	7465	20158
1	64	2	15.791637709618593	13682	26742	252.25	13657	26690
1	53	1	15.79255957446208	13592	13921	448.00000000000006	13537	13965
1	43	1	15.794569641462344	8461	23895	298.0	8319	23879
1	46	0	15.799929047354292	18267	17553	132.0	18199	17587
1	16	0	15.804631755565437	8720	17736	448.0	8728	17986
1	24	2	15.822922771303078	12104	15728	252.25	12061	15835
1	52	0	15.850137363760453	5210	13105	671.9999999999999	5268	13173
1	75	1	15.85119789023211	6040	21363	298.0	6190	21242
1	27	0	15.852226050199915	8584	18848	1009.0	8843	19730
1	74	1	15.85858059803723	12214	18261	447.99999999999994	12214	18225
2	33	0	15.87040386953778	7789	14514	0.0	7789	14514
1	79	0	15.873495798581299	6136	19581	298.0	6296	19560
1	67	0	15.878973596907487	20797	16375	132.0	20855	16761
1	41	0	15.880954230540109	6556	21265	298.0	6681	21451
1	51	1	15.882470088607898	13220	12936	504.5	13099	13212
1	78	1	15.883188137225517	13474	7191	504.50000000000006	13425	6777
1	2	1	15.885609454460562	14651	19443	298.0	14669	19633
1	5	0	15.891103487897869	14556	15856	672.0	14702	15755
1	76	0	15.89848612601473	18661	13432	132.0	18642	13127
1	36	0	15.900521624653924	17206	12131	672.0	17229	12092
1	47	0	15.913324616838388	12299	16664	672.0	12094	16784
1	73	0	15.936338141459027	20476	19819	132.0	20439	19587
1	74	1	15.938937740894373	12214	18225	448.0	12198	18205
1	18	0	15.940941993861559	9989	12493	672.0	9935	12403
1	59	3	15.944561176012144	13417	20016	126.125	13304	19994
1	39	1	15.949752121506043	15013	21236	504.5	15109	21274
1	53	1	15.949779142791904	13537	13965	448.00000000000006	13297	14116
1	71	1	15.962229591596852	11321	28824	448.0	11660	28770
1	45	2	15.963229118074787	16548	12107	252.25	16609	12379
1	70	0	15.963966161328369	7465	20158	672.0	7611	19958
1	36	0	15.967898002169827	17229	12092	672.0	17342	11908
1	31	2	15.971929754602966	10966	13686	252.25	10984	13750
1	9	0	15.977077313830595	12327	21748	1008.9999999999999	12696	21898
1	52	0	15.983136786209883	5268	13173	672.0	5332	13261
1	74	1	15.996108493014308	12198	18205	448.0	12218	18111
0	80	3	16.0	8800	10533	126.12500000000001	8892	10679
0	81	2	16.0	7681	20575	252.25	7702	20704
0	82	1	16.0	15231	20463	298.0	15046	20664
0	83	2	16.0	2628	18326	252.24999999999997	2640	18288
0	84	0	16.0	8320	15263	298.0	8282	15326
1	35	2	16.000355149022514	9399	17970	252.25	9590	18087
2	12	0	16.01105765268796	11606	13886	0.0	11606	13886
1	64	2	16.02036907511713	13657	26690	198.0	13725	26662
1	69	0	16.045950487328884	8259	12449	448.0	8386	12660
1	18	0	16.09712820533063	9935	12403	298.0	9895	12431
1	8	0	16.114431744423687	19960	17156	1009.0	19984	18544
1	52	0	16.14505905417102	5332	13261	672.0	5756	14288
1	39	1	16.15440479939132	15109	21274	504.49999999999994	15187	21304
1	5	0	16.155285450855516	14702	15755	672.0	14715	15764
1	83	2	16.15797707706776	2640	18288	252.25	2531	18109
1	13	1	16.173105793141975	10929	5255	298.0	10916	5286
1	5	0	16.17881430249367	14715	15764	672.0	14940	15596
1	15	2	16.207644322885105	8843	19730	252.25	8600	19650
1	74	1	16.210626596170272	12218	18111	448.0	12118	18114
1	31	2	16.23549003430318	10984	13750	252.25000000000003	10986	13767
1	55	0	16.24059207994402	7631	19221	448.0	7744	19389
1	62	3	16.241352373887267	12451	27936	126.12500000000001	12564	27679
1	84	0	16.246889573515656	8282	15326	298.0	8121	15526
1	18	0	16.260974589434436	9895	12431	298.0	9852	12463
1	61	0	16.264203556036975	11757	12158	448.0	11627	11915
1	47	0	16.266805971606832	12094	16784	672.0	12059	16778
1	43	1	16.274095028788416	8319	23879	298.0	8247	23884
1	24	2	16.28007620845276	12061	15835	252.25000000000003	12045	15875
1	29	0	16.281859087887348	8370	14998	298.0	7838	14555
1	13	1	16.2859093925646	10916	5286	298.0	11063	5444
1	36	0	16.289219771242582	17342	11908	672.0	17521	11758
1	19	0	16.289897337301905	17724	12923	132.0	17674	12834
1	31	2	16.303348281155998	10986	13767	252.25	11003	13943
1	10	0	16.30344477952666	9160	14804	1009.0	9708	14020
1	22	0	16.31443992367973	7429	18924	448.0	7631	19221
1	47	0	16.319649069537082	12059	16778	448.0	12020	16774
1	39	1	16.320054610418286	15187	21304	504.5	15382	21382
1	70	0	16.332449312593713	7611	19958	672.0	7778	19721
1	16	0	16.362953111031434	8728	17986	447.99999999999994	8849	17966
1	9	0	16.371847119054816	12696	21898	1009.0	14036	21868
1	46	0	16.375885950649693	18199	17587	132.0	18073	17625
1	68	1	16.377876418237875	8642	8525	298.0	8650	8531
1	32	2	16.385940306697332	7647	16122	252.25	7872	15825
1	64	2	16.39177869755855	13725	26662	198.0	13812	26625
1	17	3	16.394804530533555	6814	20791	126.125	6965	20623
1	47	0	16.407159318572408	12020	16774	448.0	11892	16818
1	68	1	16.41143346521774	8650	8531	298.0	8894	8710
1	77	0	16.41360018502898	7870	23154	298.0	8187	23308
1	79	0	16.415013384110285	6296	19560	298.0	6363	19544
1	25	1	16.423542537859333	9708	14020	504.49999999999994	10544	13292
2	74	1	16.433941305722847	12118	18114	0.0	12118	18114
1	18	0	16.44084161337078	9852	12463	298.0	9828	12505
1	24	2	16.450864388659205	12045	15875	252.25	11784	16295
1	11	0	16.479042853090327	12547	11722	298.0	12271	11714
1	51	1	16.479811199384773	13099	13212	504.5	12975	13445
1	75	1	16.497909313557948	6190	21242	298.0	6320	21136
1	72	0	16.5088707474139	15443	22604	298.0	15356	22564
1	43	1	16.516287653966486	8247	23884	298.0	8051	23835
1	81	2	16.51812933781864	7702	20704	252.25	7710	20755
1	2	1	16.526048135700016	14669	19633	298.0	14685	19745
1	48	0	16.572857130594166	11931	9389	448.0	11889	9372
1	53	1	16.58270481451894	13297	14116	448.0	13194	14198
1	69	0	16.595665235365704	8386	12660	448.0	8393	12673
1	5	0	16.59667239925693	14940	15596	672.0	15072	15498
1	18	0	16.60316895058484	9828	12505	298.0	9726	12566
1	69	0	16.62862242969658	8393	12673	448.0	8488	12835
1	41	0	16.632969075900824	6681	21451	298.0	6534	21555
1	16	0	16.636707027809862	8849	17966	448.0	8992	18083
1	36	0	16.636749751066507	17521	11758	672.0	17521	11745
1	79	0	16.646167613631018	6363	19544	298.0	6409	19533
1	36	0	16.656094989161748	17521	11745	672.0	17579	11691
1	48	0	16.67399561951568	11889	9372	448.0	11392	9160
1	55	0	16.69252797571941	7744	19389	448.0	7855	19553
1	47	0	16.709282967066848	11892	16818	448.0	11816	16870
1	78	1	16.709530404132938	13425	6777	298.0	13615	6832
1	81	2	16.722782015703917	7710	20755	252.25000000000003	7715	20794
1	71	1	16.728466071693646	11660	28770	448.0	11806	28727
1	39	1	16.7363507996715	15382	21382	504.5	15765	21537
1	65	1	16.745029424135314	15417	8409	448.0	15412	8421
1	27	0	16.76326820597787	8843	19730	1009.0	9356	20552
1	70	0	16.763889159563472	7778	19721	672.0	7881	19607
1	36	0	16.774021255567455	17579	11691	672.0	17647	11647
1	65	1	16.77404728127817	15412	8421	447.99999999999994	15380	8543
1	14	1	16.789546560990924	10594	7110	298.0	10445	7129
1	79	0	16.804882158468406	6409	19533	298.0	6517	19490
1	72	0	16.830195899884412	15356	22564	298.0	15249	22561
1	5	0	16.841318152918383	15072	15498	672.0	15243	15373
1	59	3	16.857319746969264	13304	19994	126.12500000000001	13240	19989
1	64	2	16.86925847734839	13812	26625	252.25	13707	26410
1	53	1	16.876577251551492	13194	14198	448.0	13183	14204
1	81	2	16.87865597607131	7715	20794	252.25	7721	20840
1	61	0	16.87935637143187	11627	11915	448.0	11430	11550
1	35	2	16.888309982491126	9590	18087	252.25	9668	18135
1	36	0	16.894547783730054	17647	11647	672.0	17729	11613
1	56	0	16.897225943379123	17720	18272	132.0	17739	18383
1	57	0	16.897972241031635	9007	13005	298.0	9280	12837
1	53	1	16.904545921386628	13183	14204	448.0	13034	14290
1	2	1	16.905702783316954	14685	19745	298.0	14753	19940
1	47	0	16.914834117660085	11816	16870	448.0	11773	17015
1	82	1	16.916703348692028	15046	20664	298.0	15026	20796
1	83	2	16.988802694341658	2531	18109	252.25	2530	18039
1	70	0	16.99251890317863	7881	19607	672.0	7935	19575
0	85	0	17.0	2538	18535	672.0	2531	18109
0	86	2	17.0	11809	18359	88.0	11916	18317
0	87	1	17.0	5905	18203	298.0	5964	17995
0	88	0	17.0	16483	18502	672.0	16275	18495
0	89	1	17.0	15297	23324	197.99999999999997	15258	23385
1	18	0	17.0019899010548	9726	12566	298.0	9599	12644
1	51	1	17.002985196111656	12975	13445	504.5	12900	13587
1	31	2	17.004316037800443	11003	13943	252.25000000000003	11021	14078
1	13	1	17.01009659003333	11063	5444	298.0	11199	5313
1	36	0	17.02664505171322	17729	11613	672.0	17768	11607
1	69	0	17.04781980912651	8488	12835	448.0	8631	13076
1	16	0	17.049128267198643	8992	18083	448.0	9073	18142
1	65	1	17.055580585303662	15380	8543	448.0	15354	8641
1	75	1	17.060788141645514	6320	21136	298.0	6515	20952
1	81	2	17.06255946078478	7721	20840	252.24999999999997	7732	20878
1	19	0	17.06325566548162	17674	12834	132.0	17594	12797
1	71	1	17.068199387817018	11806	28727	447.99999999999994	11840	28715
1	45	2	17.068308070903687	16609	12379	252.25	16655	12590
1	36	0	17.085363562596996	17768	11607	671.9999999999999	17816	11599
1	70	0	17.085925777145743	7935	19575	672.0	8055	19564
1	84	0	17.1084696137663	8121	15526	298.0	8096	15555
1	22	0	17.116189470469784	7631	19221	448.0	7744	19389
1	55	0	17.134565532777057	7855	19553	448.0	7865	19556
1	71	1	17.14868044307291	11840	28715	298.0	12080	28356
1	38	0	17.153256755029798	20692	23947	132.0	20027	23722
1	5	0	17.156520471147854	15243	15373	672.0	15426	15241
1	36	0	17.157777402243404	17816	11599	672.0	17905	11608
1	55	0	17.157869788377305	7865	19556	672.0	7935	19575
1	54	2	17.159432647123733	16164	11489	252.25	16152	11491
1	72	0	17.18939740261259	15249	22561	298.0	15061	22555
1	43	1	17.19424797495731	8051	23835	298.0	7915	23813
1	79	0	17.19496749409827	6517	19490	298.0	6492	19405
1	49	0	17.204169011028185	10196	7699	298.0	10185	7962
1	58	0	17.207095317902173	18642	13127	132.0	18627	13050
1	54	2	17.20766069493581	16152	11491	252.25000000000003	16046	11507
1	26	3	17.217572588378406	16212	14068	126.125	16270	13918
1	81	2	17.219388324569536	7732	20878	252.25	7758	20920
1	15	2	17.22183667846129	8600	19650	252.25	8405	19607
1	1	5	17.23030706245646	5913	19869	31.53125	5894	19734
1	84	0	17.236954108525204	8096	15555	298.0	7932	15752
1	41	0	17.237228911651464	6534	21555	298.0	6712	21862
1	35	2	17.25138639531508	9668	18135	252.25	9806	18205
1	10	0	17.251448163988503	9708	14020	1008.9999999999999	10544	13292
1	47	0	17.252426815625235	11773	17015	448.0	11764	17040
1	70	0	17.2652458842782	8055	19564	672.0	8175	19579
1	55	0	17.265805430078426	7935	19575	672.0	8055	19564
1	83	2	17.266333487177135	2530	18039	252.25	2541	17922
1	16	0	17.27281081175632	9073	18142	448.00000000000006	9168	18210
1	65	1	17.28189829701146	15354	8641	448.0	15339	8698
1	53	1	17.28855883778624	13034	14290	448.0	12965	14339
1	36	0	17.29089332298923	17905	11608	672.0	18442	11763
1	14	1	17.293595300897344	10445	7129	298.0	10214	7119
1	88	0	17.30969904037077	16275	18495	672.0	15838	18490
1	47	0	17.311736325694817	11764	17040	448.0	11752	17071
1	51	1	17.32129944564028	12900	13587	504.5	12792	13779
1	6	5	17.347856335160564	9644	15180	31.531249999999996	9639	15248
1	82	1	17.364711919652528	15026	20796	298.0	14826	21040
1	89	1	17.365664936563594	15258	23385	298.0	15096	23292
1	59	3	17.36629905624828	13240	19989	126.125	13207	20002
1	80	3	17.36823648641335	8892	10679	126.125	9020	10880
1	46	0	17.372897094671636	18073	17625	132.0	17952	17688
1	78	1	17.373290150604497	13615	6832	298.0	14434	7066
1	47	0	17.38593619238497	11752	17071	448.0	11748	17084
1	11	0	17.40560633526065	12271	11714	298.0	12271	11825
1	65	1	17.41346224369263	15339	8698	448.0	15307	8823
1	81	2	17.41521134197653	7758	20920	252.25	7846	20851
1	47	0	17.416296617627683	11748	17084	448.0	11723	17229
1	68	1	17.42692648385337	8894	8710	298.0	8961	8839
1	55	0	17.44512553721088	8055	19564	672.0	8175	19579
1	70	0	17.445206994731294	8175	19579	672.0	8405	19607
1	53	1	17.477461963604416	12965	14339	447.99999999999994	12855	14415
1	34	0	17.48578960604624	12600	26355	298.0	12676	26317
1	8	0	17.490256796245895	19984	18544	1009.0	19984	18800
1	79	0	17.492283687834334	6492	19405	298.0	6722	19330
1	5	0	17.49229293001346	15426	15241	672.0	15435	15235
1	18	0	17.502125011848115	9599	12644	298.0	9454	12732
1	5	0	17.508389141064637	15435	15235	672.0	15494	15194
1	16	0	17.533589684015627	9168	18210	448.0	9276	18276
1	31	2	17.544235615813502	11021	14078	252.25	11072	14442
1	39	1	17.555330992937233	15765	21537	504.5	15926	21601
1	22	0	17.568125366245177	7744	19389	448.0	7855	19553
1	77	0	17.596242122838213	8187	23308	298.0	8316	22990
1	2	1	17.598710646333515	14753	19940	298.0	14792	20003
1	5	0	17.615304408604434	15494	15194	672.0	15733	15033
1	55	0	17.625086647663974	8175	19579	672.0	8405	19607
1	54	2	17.632638876367164	16046	11507	252.25	15934	11551
1	85	0	17.634014148594424	2531	18109	298.0	2640	18288
1	40	0	17.63557615411573	14620	12817	447.99999999999994	14816	13034
1	13	1	17.643756361594	11199	5313	298.0	11336	5405
1	59	3	17.6475144830228	13207	20002	126.125	13168	20046
1	43	1	17.656556433998773	7915	23813	298.0	7822	23797
1	69	0	17.673337770519712	8631	13076	447.99999999999994	8696	13196
1	9	0	17.70022747467978	14036	21868	1009.0	15004	21784
1	65	1	17.701477877679604	15307	8823	448.0	15223	8986
1	73	0	17.716125300760684	20439	19587	132.0	20435	19558
1	27	0	17.723569762809657	9356	20552	1009.0	9944	20776
1	87	1	17.725523222694537	5964	17995	298.0	6024	17849
1	19	0	17.730997566979205	17594	12797	132.0	17535	12744
1	83	2	17.732204473751487	2541	17922	252.25	2517	17807
1	8	0	17.74397334728653	19984	18800	1008.9999999999999	19976	20196
1	47	0	17.744732755341126	11723	17229	448.00000000000006	11717	17349
1	56	0	17.750365233472593	17739	18383	132.0	17778	18491
1	51	1	17.75795101552775	12792	13779	504.49999999999994	12754	13885
1	60	3	17.765660967299194	10988	25614	126.12499999999999	11024	25475
1	34	0	17.77092579109655	12676	26317	298.0	12741	26322
1	53	1	17.775902051342957	12855	14415	448.0	12749	14406
2	11	0	17.77808955673716	12271	11825	0.0	12271	11825
1	70	0	17.789995803369795	8405	19607	672.0	8600	19650
1	52	0	17.798456085711205	5756	14288	1009.0000000000001	6456	14456
1	58	0	17.801394065097785	18627	13050	132.0	18531	12973
1	61	0	17.80518185286254	11430	11550	448.0	11370	11438
1	16	0	17.816112314949496	9276	18276	448.0	9654	18504
1	64	2	17.81780048836963	13707	26410	252.25	13676	26349
1	72	0	17.8205910949375	15061	22555	298.0	14989	22150
1	2	1	17.84735002288174	14792	20003	298.0	14860	20073
1	81	2	17.858524552359658	7846	20851	252.25	8001	20731
1	32	2	17.863063588365204	7872	15825	252.25	7932	15752
1	35	2	17.86481945407059	9806	18205	252.25	10019	18266
1	48	0	17.880082121732283	11392	9160	448.0	11231	9137
1	39	1	17.898748532242443	15926	21601	504.49999999999994	16194	21723
1	68	1	17.914717148426284	8961	8839	448.0	8951	8848
1	45	2	17.924427056195643	16655	12590	252.25000000000003	16756	12872
1	73	0	17.937902288159236	20435	19558	132.0	20473	19490
1	68	1	17.944747559245645	8951	8848	448.0	8486	9239
1	88	0	17.960039223678663	15838	18490	672.0	15645	18513
1	75	1	17.96047378658936	6515	20952	504.5	6600	20925
1	55	0	17.96987545630248	8405	19607	672.0	8600	19650
1	43	1	17.973221895564908	7822	23797	298.0	7800	23723
1	57	0	17.97364703288381	9280	12837	298.0	9454	12732
1	69	0	17.97796598623302	8696	13196	448.0	8838	13424
1	51	1	17.981153207960006	12754	13885	504.50000000000006	12743	13915
1	34	0	17.98969097247919	12741	26322	298.0	12858	26421
1	89	1	17.992499436270634	15096	23292	298.0	15120	23235
0	90	0	18.0	13673	8261	448.0	13444	8248
0	91	3	18.0	3958	19445	126.125	3916	19343
0	92	0	18.0	7877	17012	298.0	7957	16928
0	93	1	18.0	16446	15446	298.0	16300	15366
0	94	2	18.0	7802	22787	252.25000000000003	7671	22793
1	22	0	18.010162923302822	7855	19553	448.0	7865	19556
1	47	0	18.012924510624618	11717	17349	448.0	11729	17450
1	53	1	18.01336050971311	12749	14406	448.0	12633	14377
1	15	2	18.013451154362304	8405	19607	252.25000000000003	8175	19579
1	22	0	18.033467178903066	7865	19556	672.0	7935	19575
1	5	0	18.04412894530522	15733	15033	672.0000000000001	15803	14966
1	51	1	18.0444893637922	12743	13915	504.50000000000006	12720	13983
1	14	1	18.0694890891622	10214	7119	298.0	9924	6974
1	18	0	18.071300408719715	9454	12732	298.0	9280	12837
1	70	0	18.087145731265675	8600	19650	672.0	8843	19730
1	49	0	18.087490948971524	10185	7962	298.0	10113	7978
1	61	0	18.088795784545905	11370	11438	448.0	11276	11265
1	64	2	18.0890597215836	13676	26349	252.25	13590	26176
1	84	0	18.097121442763118	7932	15752	298.0	7872	15825
1	54	2	18.109677019685027	15934	11551	198.0	15921	11556
1	65	1	18.110788610288807	15223	8986	448.0	15099	9226
1	59	3	18.113688979628204	13168	20046	126.125	13046	20245
1	36	0	18.122622753125405	18442	11763	672.0	18510	11773
1	75	1	18.13725317324152	6600	20925	504.49999999999994	6725	20869
1	22	0	18.141402820604192	7935	19575	672.0	8055	19564
1	2	1	18.17483654365371	14860	20073	298.0	14977	20185
1	54	2	18.18002241502434	15921	11556	252.25	15921	11604
1	17	3	18.185782845392072	6965	20623	126.12499999999999	7057	20530
1	51	1	18.186777568786	12720	13983	504.50000000000006	12692	14109
1	5	0	18.188320689909474	15803	14966	672.0	15863	14909
1	13	1	18.19752898120343	11336	5405	298.0	11383	5463
1	83	2	18.197923631136057	2517	17807	252.25	2484	17673
1	89	1	18.200038310043333	15120	23235	298.0	15130	23113
1	76	0	18.213571203595485	18642	13127	132.0	18627	13050
2	36	0	18.22490156430064	18510	11773	0.0	18510	11773
2	43	1	18.232285775640328	7800	23723	0.0	7800	23723
1	32	2	18.23766571328862	7932	15752	252.25	8096	15555
1	47	0	18.239956593479462	11729	17450	448.0	11836	17634
1	48	0	18.24310569243073	11231	9137	448.0	11015	9105
1	88	0	18.249273799307563	15645	18513	672.0	15301	18562
1	87	1	18.255214592422742	6024	17849	504.5	6134	17890
1	55	0	18.267025384198355	8600	19650	672.0	8843	19730
1	53	1	18.280257972085682	12633	14377	504.5	12612	14474
1	40	0	18.28828235955965	14816	13034	448.0	14863	13086
1	79	0	18.304093782022452	6722	19330	298.0	6856	19299
1	86	2	18.306225161889678	11916	18317	198.0	11998	18386
1	5	0	18.311473495482097	15863	14909	672.0	15937	14751
1	22	0	18.320722927736647	8055	19564	672.0	8175	19579
1	19	0	18.3318272657337	17535	12744	132.0	17487	12623
1	49	0	18.334995498160595	10113	7978	448.0	10078	7970
1	85	0	18.33728851757879	2640	18288	298.00000000000006	2628	18326
1	27	0	18.347179021004738	9944	20776	1009.0	10364	20772
1	10	0	18.350108818744314	10544	13292	1009.0	11396	13028
1	54	2	18.370309828304816	15921	11604	252.25	15894	11721
1	92	0	18.389261744966444	7957	16928	298.0	7977	16893
1	46	0	18.40637038120406	17952	17688	132.0	17830	17852
1	75	1	18.408751289808105	6725	20869	504.5	6814	20791
1	24	2	18.4111840993821	11784	16295	252.25	11763	16330
1	84	0	18.414213342132015	7872	15825	298.0	7647	16122
1	49	0	18.415135333299062	10078	7970	448.0	9999	7938
1	82	1	18.423414149811506	14826	21040	298.0	14826	21162
1	41	0	18.428069176343538	6712	21862	298.0	6785	21927
1	51	1	18.442622211803048	12692	14109	504.49999999999994	12633	14377
1	40	0	18.444739492674604	14863	13086	448.0	15000	13236
1	13	1	18.44804082155026	11383	5463	298.0	11494	5376
1	62	3	18.46728249316705	12564	27679	126.125	12607	27605
1	70	0	18.467845168310454	8843	19730	1009.0	8584	18848
1	85	0	18.471012402445712	2628	18326	298.0	2782	18865
1	53	1	18.476981790136023	12612	14474	504.5	12587	14582
1	39	1	18.4824199330067	16194	21723	504.5	16228	21738
1	87	1	18.487905383343726	6134	17890	504.5	6304	17932
1	26	3	18.492679695960543	16270	13918	126.125	16376	13632
1	22	0	18.50068403818974	8175	19579	672.0	8405	19607
1	34	0	18.504001298966898	12858	26421	298.0	12836	26459
1	52	0	18.511912743196056	6456	14456	1009.0	7572	14888
1	90	0	18.511983702731097	13444	8248	447.99999999999994	13305	8242
1	94	2	18.51987049591476	7671	22793	252.25	7670	22740
1	92	0	18.524534525978165	7977	16893	298.0	7982	16858
1	73	0	18.528033866769853	20473	19490	132.0	20671	19219
1	61	0	18.528278581871817	11276	11265	448.0	11235	11190
1	39	1	18.556080603674932	16228	21738	504.5	16413	21855
1	93	1	18.558661846218975	16300	15366	298.0	16083	15482
1	5	0	18.57110240604834	15937	14751	672.0	16070	14420
1	24	2	18.572994459199414	11763	16330	252.25000000000003	11769	16364
1	69	0	18.577528034093536	8838	13424	448.0	8933	13579
1	71	1	18.5977893659701	12080	28356	298.0	12141	28294
1	29	0	18.604998205863325	7838	14555	298.0	7789	14514
1	49	0	18.605391961311202	9999	7938	448.0	9701	8237
1	89	1	18.610807269723853	15130	23113	298.0	15130	23016
1	56	0	18.620258833881895	17778	18491	672.0	17806	18481
1	25	1	18.62086384737096	10544	13292	504.5	11396	13028
1	81	2	18.635622502167887	8001	20731	252.25	8044	20726
1	92	0	18.643176603358455	7982	16858	298.0	7982	16823
1	75	1	18.643325566581527	6814	20791	504.5	6965	20623
1	55	0	18.647724821243138	8843	19730	672.0	9079	19717
1	34	0	18.651346925813208	12836	26459	298.0	12826	26497
1	57	0	18.65561506863307	9454	12732	298.0	9599	12644
1	9	0	18.6631985277973	15004	21784	1009.0000000000001	16172	21900
1	56	0	18.66450308610606	17806	18481	672.0	18030	18415
1	53	1	18.696715709148158	12587	14582	504.50000000000006	12576	14630
1	24	2	18.709864044940797	11769	16364	252.25000000000003	11762	16432
1	65	1	18.71378125332106	15099	9226	448.00000000000006	15084	9256
1	47	0	18.715067558297477	11836	17634	448.0	12002	17946
1	2	1	18.718346764541046	14977	20185	298.0	15021	20234
1	61	0	18.719071310857156	11235	11190	448.0	11052	10854
1	94	2	18.73001691067311	7670	22740	252.25	7680	22572
1	48	0	18.730510837572023	11015	9105	448.0	10642	9050
1	58	0	18.733704848909966	18531	12973	132.0	18431	12913
1	35	2	18.743164874203202	10019	18266	252.25	9985	18504
1	83	2	18.745014307611154	2484	17673	252.25000000000003	2459	17468
1	77	0	18.747816131391637	8316	22990	298.0	8399	22799
1	18	0	18.753268444468976	9280	12837	298.0	9007	13005
1	41	0	18.756071072539175	6785	21927	298.0	6850	21847
1	92	0	18.760626267787988	7982	16823	298.0	7992	16784
1	27	0	18.763451614847302	10364	20772	1009.0	11552	21140
1	79	0	18.765634336901464	6856	19299	298.0	7002	19235
1	88	0	18.766345675876526	15301	18562	672.0	15052	18597
1	34	0	18.783205198997024	12826	26497	298.0	12831	26535
1	65	1	18.788649600781987	15084	9256	448.0	14861	9780
1	53	1	18.794325796381024	12576	14630	504.5	12528	14743
1	16	0	18.80146623782002	9654	18504	448.0	9831	18589
1	81	2	18.807236859526963	8044	20726	252.24999999999997	8119	20752
1	76	0	18.807869950791098	18627	13050	132.0	18531	12973
1	29	0	18.81939596217156	7789	14514	298.0	7674	14418
1	90	0	18.822540479824223	13305	8242	448.0	13017	8221
1	82	1	18.83281012296587	14826	21162	504.49999999999994	14844	21170
1	87	1	18.835004279515736	6304	17932	504.5	6483	17923
1	67	0	18.836043225731828	20855	16761	132.0	20899	17253
1	22	0	18.84547284682824	8405	19607	672.0	8600	19650
1	54	2	18.846325592733503	15894	11721	252.25	15894	11818
1	86	2	18.84747815313366	11998	18386	198.0	12126	18455
1	64	2	18.854953837990404	13590	26176	252.25	13393	25779
1	82	1	18.871854157859016	14844	21170	504.5	15013	21236
1	91	3	18.874597881982965	3916	19343	126.125	3690	19419
1	71	1	18.889658521863584	12141	28294	298.0	12141	28280
1	92	0	18.89573245664166	7992	16784	298.00000000000006	8006	16747
1	40	0	18.898194246017297	15000	13236	448.0	15114	13360
1	60	3	18.90410466234088	11024	25475	126.125	11099	25221
1	34	0	18.911821090921432	12831	26535	298.0	12940	26762
2	13	1	18.921302268807032	11494	5376	0.0	11494	5376
1	15	2	18.93197674169659	8175	19579	252.25	8055	19564
1	89	1	18.93631062542855	15130	23016	298.0	15096	22775
1	71	1	18.936638387635394	12141	28280	298.0	12393	28070
1	2	1	18.93933972864879	15021	20234	298.0	14869	20483
1	24	2	18.980862437974892	11762	16432	252.25	11745	16487
1	69	0	18.983323993082326	8933	13579	448.0	9181	13985
1	51	1	18.986561884816876	12633	14377	504.5	12612	14474
1	39	1	18.98996101549273	16413	21855	504.49999999999994	16525	21947
1	55	0	18.999447707623673	9079	19717	672.0	9196	19712
0	95	0	19.0	9924	21109	298.0	9951	21106
0	96	3	19.0	13852	9985	126.12500000000001	13571	9845
0	97	0	19.0	7462	18456	298.0	7251	18301
0	98	5	19.0	14683	28624	31.531250000000004	14570	28687
0	99	5	19.0	16193	10413	31.53125	16066	10313
1	31	2	19.001343397757655	11072	14442	252.25	11090	14578
1	56	0	19.012004391181993	18030	18415	672.0	18339	18326
1	92	0	19.028484405935973	8006	16747	672.0	8124	16842
1	53	1	19.03767990278005	12528	14743	504.5	12490	14834
1	75	1	19.091070145296158	6965	20623	504.49999999999994	7057	20530
1	95	0	19.09116159535038	9951	21106	298.0	9994	21096
1	5	0	19.101937494790512	16070	14420	672.0	16081	14393
1	41	0	19.101969195493677	6850	21847	298.0	6861	21834
1	45	2	19.111905018594072	16756	12872	252.25	16749	12886
1	81	2	19.1219200646404	8119	20752	252.25	8178	20774
1	8	0	19.127544132666024	19976	20196	1009.0	19824	22112
1	88	0	19.140523961152855	15052	18597	672.0	14984	18622
1	22	0	19.14262277472412	8600	19650	672.0	8843	19730
1	5	0	19.14532255353192	16081	14393	672.0	16212	14068
1	62	3	19.145864961695246	12607	27605	126.125	12671	27497
1	14	1	19.157508742643643	9924	6974	298.0	9940	6003
2	41	0	19.15911478732564	6861	21834	0.0	6861	21834
1	55	0	19.173713762493286	9196	19712	672.0	9286	19713
1	45	2	19.173956459000408	16749	12886	252.25	16565	13211
1	51	1	19.183285702867213	12612	14474	504.5	12587	14582
1	87	1	19.190259213447682	6483	17923	504.5	6506	17925
1	72	0	19.200960946457474	14989	22150	298.0	14958	21946
1	24	2	19.2090779061949	11745	16487	252.25	11730	16535
1	17	3	19.222981383389776	7057	20530	126.125	7122	20487
1	57	0	19.22479046550467	9599	12644	298.0	9726	12566
1	54	2	19.230864740404467	15894	11818	252.25	15803	11915
1	82	1	19.231478394602476	15013	21236	298.0	14984	21325
1	53	1	19.23315148774849	12490	14834	504.50000000000006	12415	14998
1	10	0	19.234116871112114	11396	13028	1008.9999999999999	12016	12788
1	87	1	19.23602094340057	6506	17925	504.49999999999994	6598	17936
1	95	0	19.239307501757384	9994	21096	298.0	10086	21080
1	16	0	19.239751338775307	9831	18589	448.0	9955	18633
1	88	0	19.248336435478333	14984	18622	672.0	14737	18728
1	32	2	19.253839610624194	8096	15555	252.25	8121	15526
1	92	0	19.253914872524764	8124	16842	672.0	8174	16883
1	80	3	19.25760048544138	9020	10880	126.125	9097	11009
1	40	0	19.27417616624317	15114	13360	448.00000000000006	15313	13583
1	39	1	19.277258076852387	16525	21947	504.49999999999994	16614	22041
1	79	0	19.3005719792099	7002	19235	298.0	7103	19169
1	68	1	19.300865740322028	8486	9239	448.00000000000006	8422	9345
1	55	0	19.307650600862477	9286	19713	672.0	9456	19714
1	19	0	19.31798606772071	17487	12623	132.0	17453	12516
1	29	0	19.32209127840677	7674	14418	298.0	7652	14383
1	92	0	19.350136081812426	8174	16883	672.0	8259	16953
1	75	1	19.35036977979558	7057	20530	504.5	7122	20487
1	81	2	19.37154641138262	8178	20774	252.25	8264	20779
1	70	0	19.37888732408841	8584	18848	1009.0	8548	18096
1	93	1	19.384362973834953	16083	15482	298.0	15982	15613
1	94	2	19.39720167139181	7680	22572	252.24999999999997	7694	22538
1	51	1	19.403019621879352	12587	14582	504.50000000000006	12576	14630
1	32	2	19.405627041498935	8121	15526	252.25	8282	15326
1	24	2	19.408440300021343	11730	16535	252.25000000000003	11694	16656
1	15	2	19.411397420485404	8055	19564	252.25	7935	19575
1	87	1	19.419678574875668	6598	17936	447.99999999999994	6831	18153
1	77	0	19.44665724484395	8399	22799	298.0	8605	22797
1	29	0	19.460816289202707	7652	14383	298.0	7576	14265
1	90	0	19.467104341476	13017	8221	448.0	12729	8219
1	56	0	19.490518994832737	18339	18326	672.0	18494	18273
1	51	1	19.500629709112214	12576	14630	504.5	12528	14743
1	47	0	19.503933497898917	12002	17946	448.0	12081	18097
1	75	1	19.504851189257614	7122	20487	504.49999999999994	7267	20379
1	6	5	19.510269044295885	9639	15248	31.53125	9649	15322
1	92	0	19.513995572478684	8259	16953	672.0	8652	17274
1	22	0	19.523322211768903	8843	19730	1009.0	9356	20552
2	16	0	19.53344569955028	9955	18633	0.0	9955	18633
1	39	1	19.53384644472144	16614	22041	504.5	16622	22034
1	94	2	19.542967985055636	7694	22538	252.24999999999997	7701	22521
1	31	2	19.54519277384146	11090	14578	252.24999999999997	11177	14972
1	82	1	19.545590996584664	14984	21325	298.0	14951	21471
1	49	0	19.54767620368774	9701	8237	448.0	9470	8419
1	95	0	19.55266636162124	10086	21080	298.0	10172	21086
1	39	1	19.554917100445397	16622	22034	504.5	16892	22350
1	55	0	19.560631168051508	9456	19714	672.0	9555	19690
1	83	2	19.56372100446203	2459	17468	252.25	2419	17242
1	48	0	19.572102701502324	10642	9050	448.0	10652	8973
1	61	0	19.57309570221443	11052	10854	298.0	11321	10661
1	68	1	19.577255145539244	8422	9345	448.00000000000006	8305	9441
1	86	2	19.58188827612501	12126	18455	198.0	12188	18465
1	53	1	19.59060599297797	12415	14998	504.5	12350	15144
1	94	2	19.61585114188755	7701	22521	252.25	7717	22495
1	58	0	19.61718240873501	18431	12913	132.0	17947	13155
1	88	0	19.648313072586582	14737	18728	672.0	14599	18787
1	84	0	19.664563502537117	7647	16122	298.0	7478	16318
1	5	0	19.666763525606687	16212	14068	672.0	16270	13918
1	35	2	19.69625230969746	9985	18504	252.25000000000003	9955	18633
1	52	0	19.697934001847013	7572	14888	1009.0	8948	15300
1	79	0	19.705445782104626	7103	19169	298.0	7183	19083
1	55	0	19.712219800608203	9555	19690	672.0	9687	19656
1	81	2	19.713053750201755	8264	20779	252.25	8344	20774
1	57	0	19.724925576297988	9726	12566	298.0	9828	12505
1	56	0	19.734285165294676	18494	18273	672.0	18696	18231
1	94	2	19.73687661282887	7717	22495	252.25	7810	22401
1	76	0	19.740180734603282	18531	12973	132.0	18431	12913
1	51	1	19.74398381551124	12528	14743	504.5	12490	14834
1	48	0	19.745421084250573	10652	8973	448.0	10705	8600
1	7	0	19.75149803324669	15057	23925	298.0	15028	23592
1	89	1	19.75304392699524	15096	22775	298.0	15081	22665
1	34	0	19.756832577478775	12940	26762	298.0	12961	26782
1	63	2	19.757495113058017	20971	18248	132.0	21029	18051
1	54	2	19.75813435128798	15803	11915	198.0	15796	11924
1	54	2	19.815718968717228	15796	11924	252.24999999999997	15703	12062
1	9	0	19.826475177454157	16172	21900	1009.0	17036	22236
1	18	0	19.82894323632115	9007	13005	298.0	8696	13196
1	17	3	19.8409070212379	7122	20487	126.12499999999999	7267	20379
1	95	0	19.841958469839394	10172	21086	298.0	10214	20961
1	34	0	19.854148013720387	12961	26782	298.0	12977	26796
1	75	1	19.86322779098701	7267	20379	504.5	7363	20298
1	88	0	19.87165133180985	14599	18787	672.0	14203	18956
1	97	0	19.878566813088813	7251	18301	298.0	7149	18431
1	47	0	19.88432888916829	12081	18097	448.0	12118	18114
1	15	2	19.889110451181185	7935	19575	252.25	7881	19607
1	10	0	19.893017570362648	12016	12788	1009.0	12284	12624
1	72	0	19.893383594782424	14958	21946	298.0	14945	21851
1	86	2	19.89906642699587	12188	18465	252.25	12168	18636
1	5	0	19.906083293380192	16270	13918	672.0	16376	13632
1	53	1	19.907386010115175	12350	15144	504.49999999999994	12242	15383
1	24	2	19.908903457281635	11694	16656	252.25	11682	16742
1	55	0	19.915059791219974	9687	19656	672.0	9744	19640
1	68	1	19.91507652738646	8305	9441	448.0	8102	9613
1	2	1	19.918291449051633	14869	20483	298.0	15046	20664
1	34	0	19.92549127420854	12977	26796	298.0	12988	26789
1	29	0	19.93181188811607	7576	14265	298.0	7399	13989
1	93	1	19.939445626687373	15982	15613	298.0	15871	15548
1	51	1	19.939455400479684	12490	14834	504.50000000000006	12415	14998
1	40	0	19.941321807584103	15313	13583	448.0	15481	13769
1	46	0	19.95486708992932	17830	17852	132.0	17739	18093
1	59	3	19.964394406129436	13046	20245	126.125	13002	20265
2	34	0	19.969244310485067	12988	26789	0.0	12988	26789
1	47	0	19.97521850109464	12118	18114	448.0	12218	18111
1	27	0	19.99604951377782	11552	21140	1009.0	12036	21504
0	100	0	20.0	18706	26124	132.0	18692	25914
0	101	0	20.0	10817	19605	298.0	10804	19554
0	102	2	20.0	19802	12802	132.0	19927	12763
0	103	0	20.0	12603	21020	672.0	12578	21152
0	104	0	20.0	8255	13151	298.0	8249	13142
