Test #1
140 348 418 

Test #2
147 347 348 385 418 489 

Test #3
140 324 348 

Test #4
147 347 348 418 526 530 

Test #5
140 324 348 418 

Test #6
348 526 553 568 575 593 

Test #7
17 38 47 224 225 

Test #8
348 526 568 596 601 

Test #9
348 526 531 553 568 

Test #10
147 347 348 418 526 530 

Test #11
47 224 225 238 242 259 

Test #12
347 348 418 526 530 531 553 

Test #13
348 526 531 553 568 

Test #14
348 568 601 647 

Test #15
348 526 553 568 575 

Test #16
225 259 305 

Test #17
348 568 601 647 

Test #18
140 347 348 413 418 459 

Test #19
148 172 225 259 339 348 

Test #20
17 38 47 59 62 131 144 202 208 

Test #21
47 224 225 238 242 

Test #22
348 568 596 601 647 

Test #23
140 348 418 

Test #24
147 347 348 369 418 526 

Test #25
147 347 348 418 526 530 

Test #26
147 347 348 369 418 489 

Test #27
348 526 568 596 601 

Test #28
348 568 601 647 

Test #29
47 168 224 225 242 259 

Test #30
147 347 348 385 418 459 489 

Test #31
147 347 348 385 418 489 

Test #32
147 347 348 369 418 489 

Test #33
225 259 305 

Test #34
17 38 47 59 62 131 144 202 208 

Test #35
148 172 225 259 339 348 

Test #36
147 347 348 369 385 418 459 489 

Test #37
348 526 553 568 575 

Test #38
225 324 348 

Test #39
140 348 418 

Test #40
140 348 418 

Test #41
17 38 47 202 208 224 

Test #42
147 347 348 385 418 489 

Test #43
168 225 259 

Test #44
348 526 531 553 568 575 

Test #45
140 348 413 418 459 

Test #46
348 495 601 683 688 689 

Test #47
348 495 683 688 689 

Test #48
140 324 348 

Test #49
140 348 413 418 459 

Test #50
148 225 259 339 348 

Test #51
140 324 348 

Test #52
347 348 385 418 489 

Test #53
47 168 224 225 259 

Test #54
348 568 596 601 647 

Test #55
31 225 259 305 

Test #56
348 526 568 593 596 601 

Test #57
140 347 348 413 418 459 

Test #58
47 224 225 238 242 259 

Test #59
348 526 553 568 575 

Test #60
147 347 348 418 526 530 

Test #61
348 526 530 531 553 

Test #62
140 225 324 348 

Test #63
148 172 225 259 339 348 

Test #64
348 568 601 647 

Test #65
140 225 324 348 

Test #66
147 347 348 369 385 418 459 489 

Test #67
140 347 348 413 418 

Test #68
47 224 225 238 242 259 

Test #69
348 495 601 683 688 689 

Test #70
17 38 47 131 144 202 208 

Test #71
147 347 348 369 418 459 489 

Test #72
17 38 47 59 62 131 144 202 208 

Test #73
147 347 348 369 385 418 459 489 

Test #74
348 526 568 575 593 596 601 

Test #75
348 526 553 568 575 593 

Test #76
47 168 224 225 242 259 

Test #77
348 526 568 575 593 601 

Test #78
348 526 531 553 568 575 

Test #79
140 348 413 418 459 

Test #80
148 172 225 259 339 348 

Test #81
17 38 47 202 208 224 

Test #82
348 568 601 647 

Test #83
348 526 568 596 601 

Test #84
225 259 305 

Test #85
348 526 568 575 593 596 601 

Test #86
47 224 225 238 242 259 

Test #87
17 38 47 202 208 224 

Test #88
225 324 348 

Test #89
168 225 259 

Test #90
348 526 568 575 593 601 

Test #91
17 38 47 59 62 131 144 202 208 

Test #92
348 568 601 647 

Test #93
47 168 225 259 

Test #94
225 348 

Test #95
348 526 568 596 601 

Test #96
140 348 413 418 459 

Test #97
348 568 601 647 

Test #98
140 324 348 

Test #99
147 347 348 369 418 526 

Test #100
348 568 596 601 647 

Test #101
140 348 418 

Test #102
31 148 225 259 339 

Test #103
348 568 596 601 647 

Test #104
17 38 47 224 225 

Test #105
47 224 225 238 242 259 

Test #106
147 347 348 418 526 530 

Test #107
168 225 259 

Test #108
348 568 601 647 

Test #109
140 348 418 

Test #110
347 348 418 526 530 531 553 

Test #111
31 225 259 305 

Test #112
140 348 418 

Test #113
147 347 348 369 418 526 530 

Test #114
47 224 225 238 242 

Test #115
147 347 348 418 526 530 

Test #116
140 348 418 

Test #117
168 225 259 

Test #118
348 526 530 531 553 

Test #119
348 526 568 575 593 596 601 

Test #120
140 225 324 348 

Test #121
140 348 413 418 459 

Test #122
348 526 568 575 593 596 601 

Test #123
148 172 225 259 339 348 

Test #124
347 348 418 526 530 

Test #125
47 168 224 225 242 259 

Test #126
47 168 224 225 259 

Test #127
31 225 259 305 

Test #128
17 47 224 225 238 

Test #129
140 347 348 413 418 

Test #130
348 526 568 596 601 

Test #131
348 568 601 647 

Test #132
17 38 47 59 62 131 144 202 

Test #133
47 168 224 225 242 259 

Test #134
348 526 568 596 601 

Test #135
17 38 47 224 225 

Test #136
31 225 259 305 

Test #137
140 347 348 413 418 459 

Test #138
31 225 259 305 

Test #139
47 168 224 225 242 259 

Test #140
348 495 568 601 683 

Test #141
348 568 601 647 

Test #142
225 348 

Test #143
140 324 348 418 

Test #144
347 348 385 418 489 

Test #145
140 324 348 

Test #146
47 224 225 238 242 259 

Test #147
17 38 47 224 225 

Test #148
147 347 348 385 418 489 

Test #149
348 526 568 575 593 596 601 

Test #150
348 526 568 596 601 

Test #151
348 495 601 683 688 689 

Test #152
225 324 348 

Test #153
347 348 418 526 530 531 553 

Test #154
148 225 259 339 348 

Test #155
17 38 47 224 225 

Test #156
348 526 568 575 593 596 601 

Test #157
140 348 418 

Test #158
31 225 259 305 

Test #159
348 568 601 647 

Test #160
17 38 47 59 62 131 144 202 

Test #161
47 168 224 225 242 259 

Test #162
348 526 568 596 601 

Test #163
348 495 601 683 688 689 

Test #164
31 148 225 259 305 

Test #165
347 348 418 526 530 531 

Test #166
17 38 47 131 144 202 208 

Test #167
140 348 418 

Test #168
31 225 259 305 

Test #169
31 225 259 305 

Test #170
147 347 348 385 418 459 489 

Test #171
168 225 259 

Test #172
47 168 225 259 

Test #173
348 568 601 647 

Test #174
147 347 348 369 385 418 459 489 

Test #175
348 526 531 553 568 575 

Test #176
225 324 348 

Test #177
348 526 530 531 553 

Test #178
348 526 553 568 575 593 

Test #179
348 495 568 601 647 

Test #180
140 347 348 413 418 

Test #181
147 347 348 418 526 530 

Test #182
348 568 601 647 

Test #183
348 568 596 601 647 

Test #184
140 225 324 348 

Test #185
225 259 305 

Test #186
348 568 601 647 

Test #187
168 225 259 

Test #188
147 347 348 369 418 459 489 

Test #189
168 225 259 

Test #190
47 224 225 238 242 

Test #191
147 347 348 369 418 459 489 

Test #192
148 172 225 259 339 348 

Test #193
348 568 601 647 

Test #194
147 347 348 385 418 459 489 

Test #195
140 347 348 413 418 

Test #196
147 347 348 369 418 459 489 

Test #197
147 347 348 369 418 459 489 

Test #198
17 38 47 59 62 131 144 202 208 

Test #199
348 526 568 596 601 

Test #200
348 526 568 596 601 

Test #201
147 347 348 369 418 459 489 

Test #202
17 38 47 224 225 

Test #203
17 38 47 224 225 

Test #204
140 347 348 418 

Test #205
147 347 348 418 526 530 

Test #206
348 526 553 568 575 593 

Test #207
348 568 601 647 

Test #208
140 225 324 348 

Test #209
347 348 385 418 489 

Test #210
348 526 568 596 601 

Test #211
348 568 601 647 

Test #212
31 225 259 305 

Test #213
348 526 553 568 575 

Test #214
348 526 568 593 596 601 

Test #215
347 348 385 418 489 

Test #216
348 495 601 683 688 689 

Test #217
348 526 553 568 575 

Test #218
348 526 531 553 568 575 

Test #219
147 347 348 385 418 459 489 

Test #220
348 495 568 601 647 

Test #221
348 526 568 575 593 596 601 

Test #222
31 225 259 305 

Test #223
31 225 259 305 

Test #224
348 526 553 568 575 

Test #225
348 526 568 596 601 

Test #226
348 526 553 568 575 593 601 

Test #227
140 225 324 348 

Test #228
140 348 418 

Test #229
348 526 553 568 575 593 601 

Test #230
31 225 259 305 

Test #231
140 225 324 348 

Test #232
140 348 418 

Test #233
148 225 259 339 

Test #234
140 225 324 348 

Test #235
348 495 683 688 689 

Test #236
348 568 601 647 

Test #237
47 168 225 259 

Test #238
348 568 596 601 647 

Test #239
225 348 

Test #240
348 526 531 553 568 

Test #241
348 526 531 553 568 575 

Test #242
31 148 225 259 339 

Test #243
348 495 568 601 683 

Test #244
140 348 413 418 459 

Test #245
47 224 225 238 242 259 

Test #246
140 347 348 413 418 

Test #247
140 348 418 

Test #248
348 526 568 596 601 

Test #249
148 172 225 259 339 348 

Test #250
47 224 225 238 242 

Test #251
348 526 568 593 596 601 

Test #252
47 168 224 225 259 

Test #253
225 348 

Test #254
47 224 225 238 242 259 

Test #255
348 568 601 647 

Test #256
225 259 305 

Test #257
348 568 596 601 647 

Test #258
148 225 259 339 348 

Test #259
347 348 418 526 530 

Test #260
347 348 526 530 531 553 

Test #261
140 348 413 418 459 

Test #262
17 38 47 202 208 224 

Test #263
47 168 224 225 242 259 

Test #264
348 526 553 568 575 593 601 

Test #265
140 324 348 418 

Test #266
47 168 224 225 242 259 

Test #267
348 526 530 531 553 

Test #268
147 347 348 385 418 459 489 

Test #269
17 38 47 202 208 224 

Test #270
17 38 47 224 225 

Test #271
225 348 

Test #272
348 526 553 568 575 

Test #273
225 348 

Test #274
148 225 259 339 348 

Test #275
148 172 225 259 339 348 

Test #276
140 348 418 

Test #277
348 526 568 575 593 596 601 

Test #278
348 526 553 568 575 593 

Test #279
148 172 225 259 339 348 

Test #280
47 168 224 225 242 259 

Test #281
348 526 568 596 601 

Test #282
47 168 224 225 259 

Test #283
148 225 259 339 348 

Test #284
31 225 259 305 

Test #285
31 148 225 259 305 

Test #286
168 225 259 

Test #287
140 324 348 

Test #288
47 168 224 225 259 

Test #289
140 348 418 

Test #290
47 224 225 238 242 

Test #291
348 526 568 596 601 

Test #292
17 38 47 59 62 131 144 202 208 

Test #293
47 224 225 238 242 259 

Test #294
17 38 47 59 62 131 144 202 208 

Test #295
348 526 553 568 575 593 

Test #296
140 348 413 418 459 

Test #297
47 168 224 225 242 259 

Test #298
140 348 413 418 459 

Test #299
47 168 224 225 242 259 

Test #300
47 168 224 225 259 

Test #301
140 347 348 418 

Test #302
140 348 418 

Test #303
348 568 601 647 

Test #304
348 526 568 596 601 

Test #305
348 526 531 553 568 

Test #306
31 225 259 305 

Test #307
148 172 225 259 339 348 

Test #308
347 348 385 418 489 

Test #309
348 495 683 688 689 

Test #310
147 347 348 369 418 459 489 

Test #311
347 348 526 530 531 553 

Test #312
348 526 568 596 601 

Test #313
348 526 553 568 575 593 601 

Test #314
17 38 47 59 62 131 144 202 

Test #315
47 224 225 238 242 

Test #316
17 38 47 224 225 

Test #317
168 225 259 

Test #318
140 348 418 

Test #319
225 259 305 

Test #320
147 347 348 369 418 526 530 

Test #321
140 347 348 413 418 

Test #322
47 224 225 238 242 

Test #323
147 347 348 369 418 526 

Test #324
147 347 348 369 418 526 

Test #325
17 47 224 225 238 

Test #326
140 348 418 

Test #327
168 225 259 

Test #328
168 225 259 

Test #329
348 495 568 601 647 

Test #330
148 172 225 259 339 348 

Test #331
225 324 348 

Test #332
140 348 413 418 459 

Test #333
348 526 531 553 568 575 

Test #334
31 148 225 259 305 

Test #335
140 324 348 

Test #336
140 348 418 

Test #337
140 348 418 

Test #338
347 348 418 526 530 531 553 

Test #339
17 38 47 224 225 

Test #340
140 348 418 

Test #341
225 348 

Test #342
348 526 531 553 568 575 

Test #343
225 348 

Test #344
47 168 224 225 242 259 

Test #345
348 526 531 553 568 575 

Test #346
140 324 348 

Test #347
47 168 225 259 

Test #348
348 568 601 647 

Test #349
348 526 568 596 601 

Test #350
140 225 324 348 

Test #351
147 347 348 385 418 489 

Test #352
140 324 348 

Test #353
140 348 418 

Test #354
31 148 225 259 305 

Test #355
47 224 225 238 242 

Test #356
140 348 413 418 459 

Test #357
347 348 418 526 530 531 553 

Test #358
148 225 259 339 

Test #359
347 348 418 526 530 531 

Test #360
147 347 348 369 418 526 530 

Test #361
140 347 348 418 

Test #362
17 38 47 224 225 

Test #363
47 168 224 225 259 

Test #364
225 348 

Test #365
148 172 225 259 339 348 

Test #366
140 347 348 418 

Test #367
348 526 553 568 575 593 

Test #368
348 526 553 568 575 593 

Test #369
31 148 225 259 339 

Test #370
348 526 568 596 601 

Test #371
31 225 259 305 

Test #372
147 347 348 385 418 459 489 

Test #373
147 347 348 385 418 489 

Test #374
347 348 385 418 489 

Test #375
348 526 530 531 553 568 

Test #376
225 324 348 

Test #377
348 495 683 688 689 

Test #378
348 568 601 647 

Test #379
148 225 259 339 

Test #380
348 526 568 596 601 

Test #381
148 225 259 339 348 

Test #382
348 526 568 596 601 

Test #383
31 148 225 259 339 

Test #384
348 526 530 531 553 568 

Test #385
47 168 224 225 242 259 

Test #386
140 225 324 348 

Test #387
31 225 259 305 

Test #388
348 526 568 575 593 601 

Test #389
147 347 348 369 385 418 459 489 

Test #390
348 568 601 647 

Test #391
140 348 418 

Test #392
168 225 259 

Test #393
348 495 601 683 688 689 

Test #394
147 347 348 369 418 526 

Test #395
140 348 413 418 459 

Test #396
31 148 225 259 339 

Test #397
168 225 259 

Test #398
148 225 259 339 348 

Test #399
17 38 47 224 225 

Test #400
140 348 418 

Test #401
47 168 224 225 242 259 

Test #402
148 172 225 259 339 348 

Test #403
47 224 225 238 242 

Test #404
348 526 530 531 553 

Test #405
348 526 568 596 601 

Test #406
348 526 553 568 575 593 601 

Test #407
47 224 225 238 242 

Test #408
348 526 568 596 601 

Test #409
347 348 526 530 531 553 

Test #410
225 324 348 

Test #411
348 526 530 531 553 

Test #412
17 38 47 59 62 131 144 202 208 

Test #413
31 225 259 305 

Test #414
17 38 47 59 62 131 144 202 

Test #415
348 526 531 553 568 

Test #416
225 348 

Test #417
225 324 348 

Test #418
17 38 47 59 62 131 144 202 

Test #419
47 168 224 225 242 259 

Test #420
348 495 601 683 688 689 

Test #421
348 568 601 647 

Test #422
147 347 348 385 418 459 489 

Test #423
47 168 224 225 259 

Test #424
348 568 601 647 

Test #425
31 225 259 305 

Test #426
147 347 348 418 526 530 

Test #427
47 168 225 259 

Test #428
140 348 418 

Test #429
348 495 601 683 688 689 

Test #430
31 225 259 305 

Test #431
348 568 601 647 

Test #432
47 224 225 238 242 259 

Test #433
140 347 348 413 418 

Test #434
17 38 47 59 62 131 144 202 

Test #435
348 526 568 593 596 601 

Test #436
140 324 348 418 

Test #437
348 526 553 568 575 593 601 

Test #438
348 568 601 647 

Test #439
148 225 259 339 348 

Test #440
140 348 413 418 459 

Test #441
31 148 225 259 305 

Test #442
17 38 47 59 62 131 144 202 208 

Test #443
140 347 348 413 418 459 

Test #444
140 348 418 

Test #445
17 38 47 131 144 202 208 

Test #446
148 225 259 339 

Test #447
348 526 568 575 593 601 

Test #448
140 225 324 348 

Test #449
31 148 225 259 305 

Test #450
348 568 601 647 

Test #451
225 348 

Test #452
168 225 259 

Test #453
140 347 348 418 

Test #454
140 348 413 418 459 

Test #455
47 224 225 238 242 

Test #456
348 526 568 575 593 601 

Test #457
47 168 224 225 259 

Test #458
31 225 259 305 

Test #459
31 148 225 259 339 

Test #460
47 168 224 225 242 259 

Test #461
140 348 418 

Test #462
168 225 259 

Test #463
31 225 259 305 

Test #464
17 38 47 131 144 202 208 

Test #465
168 225 259 

Test #466
17 38 47 224 225 

Test #467
140 348 418 

Test #468
17 38 47 59 62 131 144 202 

Test #469
348 495 568 601 683 

Test #470
348 526 531 553 568 

Test #471
140 348 418 

Test #472
31 225 259 305 

Test #473
348 526 531 553 568 

Test #474
17 38 47 59 62 131 144 202 208 

Test #475
347 348 418 526 530 531 553 

Test #476
348 526 531 553 568 575 

Test #477
148 172 225 259 339 348 

Test #478
140 348 413 418 459 

Test #479
47 224 225 238 242 259 

Test #480
140 347 348 413 418 

Test #481
140 348 418 

Test #482
140 348 418 

Test #483
347 348 526 530 531 553 

Test #484
17 38 47 202 208 224 

Test #485
348 568 601 647 

Test #486
348 526 553 568 575 593 

Test #487
348 526 568 596 601 

Test #488
47 224 225 238 242 259 

Test #489
17 38 47 202 208 224 

Test #490
47 224 225 238 242 259 

Test #491
31 225 259 305 

Test #492
140 348 413 418 459 

Test #493
148 172 225 259 339 348 

Test #494
140 348 418 

Test #495
140 347 348 413 418 459 

Test #496
140 348 418 

Test #497
140 347 348 413 418 459 

Test #498
348 495 568 601 647 

Test #499
140 348 418 

Test #500
140 348 418 

