Test #1
1362 

Test #2
39 56 57 83 129 171 180 190 245 255 269 279 319 384 420 425 432 

Test #3
304 618 705 758 771 783 

Test #4
304 698 705 717 

Test #5
39 56 57 83 129 138 171 180 190 245 254 269 279 295 301 351 384 

Test #6
180 800 896 931 938 

Test #7
728 800 843 896 1068 1132 1133 1142 

Test #8
304 618 705 758 771 783 

Test #9
304 622 698 

Test #10
304 574 612 737 800 825 851 

Test #11
304 428 618 705 758 783 786 800 

Test #12
304 428 531 618 705 758 771 783 

Test #13
39 56 57 83 129 171 180 190 245 255 269 279 319 384 420 425 432 

Test #14
800 931 1132 1148 1206 

Test #15
56 180 304 471 494 507 

Test #16
180 800 896 938 1001 1013 

Test #17
180 304 336 471 560 569 572 595 618 622 

Test #18
304 574 612 737 800 825 851 

Test #19
800 931 1027 1148 1206 1270 

Test #20
800 1132 1133 1148 1206 

Test #21
39 56 57 83 129 171 180 190 245 254 269 279 295 301 384 

Test #22
800 896 1001 1028 1066 1068 

Test #23
800 931 1027 1082 1132 1148 1206 

Test #24
304 428 565 783 786 800 

Test #25
180 800 896 938 1001 1013 

Test #26
800 896 1066 1068 

Test #27
304 698 705 717 

Test #28
56 83 129 171 180 190 255 279 319 384 420 432 

Test #29
304 428 565 574 783 786 800 

Test #30
1270 

Test #31
304 336 471 560 569 595 622 

Test #32
304 428 565 618 705 783 786 800 

Test #33
39 56 57 83 129 138 171 180 190 245 254 269 279 295 301 351 384 

Test #34
180 800 896 938 1001 1028 

Test #35
728 800 1068 1132 1133 1142 

Test #36
1362 

Test #37
56 180 304 471 507 560 569 572 595 618 622 

Test #38
180 574 612 737 800 850 851 891 

Test #39
304 705 717 758 

Test #40
574 612 737 800 825 850 851 891 

Test #41
1270 1362 

Test #42
728 800 1132 1133 1142 

Test #43
800 931 1027 1148 1206 1270 

Test #44
39 56 57 83 129 138 171 180 190 245 254 269 279 295 301 351 384 

Test #45
180 800 896 938 1001 

Test #46
39 56 57 83 129 171 180 190 245 254 255 269 279 295 301 384 420 425 

Test #47
180 800 896 938 1001 1013 

Test #48
800 931 1132 1148 1206 

Test #49
574 612 737 800 825 850 851 891 

Test #50
180 612 737 781 800 851 873 891 

Test #51
180 800 896 938 1001 1028 

Test #52
180 574 612 737 800 850 851 891 

Test #53
56 180 304 471 494 507 560 564 569 572 

Test #54
180 612 737 781 800 851 873 891 

Test #55
931 1148 1206 1270 

Test #56
728 800 1132 1133 1142 

Test #57
56 180 304 336 471 507 560 569 572 595 618 622 

Test #58
304 595 622 

Test #59
800 931 1132 1148 1206 

Test #60
180 800 896 938 1001 1028 

Test #61
56 180 304 471 507 560 569 572 595 618 622 

Test #62
56 83 129 171 180 190 319 420 432 

Test #63
56 83 129 171 180 190 319 420 432 

Test #64
56 180 304 471 507 560 564 569 572 595 599 

Test #65
800 896 1066 1068 

Test #66
800 1132 1133 

Test #67
56 180 304 471 507 560 564 569 572 595 599 

Test #68
1148 1206 1270 

Test #69
304 622 698 

Test #70
180 612 737 781 800 873 891 896 931 938 

Test #71
304 428 565 783 786 800 

Test #72
304 595 622 

Test #73
304 622 698 

Test #74
304 698 705 

Test #75
180 304 336 471 560 569 572 595 618 622 

Test #76
800 931 1148 1206 1270 

Test #77
304 698 705 

Test #78
800 931 1027 1082 1132 1148 1206 

Test #79
728 800 843 896 1068 1132 1133 1142 

Test #80
728 800 1132 1133 1142 

Test #81
304 705 717 758 

Test #82
304 428 531 618 705 758 771 783 

Test #83
304 622 

Test #84
180 612 737 781 800 851 873 891 

Test #85
800 931 1027 1148 1206 1270 

Test #86
56 180 304 471 494 507 564 569 572 

Test #87
304 698 705 

Test #88
56 180 207 304 319 386 420 471 494 507 

Test #89
304 428 565 574 783 786 800 

Test #90
56 180 207 304 319 386 420 471 494 507 

Test #91
728 800 1132 1133 1142 

Test #92
180 800 896 938 1001 1028 

Test #93
56 180 304 471 494 507 560 564 569 572 

Test #94
800 931 1132 1133 1148 1206 

Test #95
800 931 1132 1148 1206 

Test #96
800 931 1027 1082 1132 1148 1206 

Test #97
180 800 896 938 1001 1013 

Test #98
39 56 57 83 129 171 180 190 245 255 269 279 319 384 420 425 432 

Test #99
728 800 1132 1133 1142 

Test #100
800 931 1027 1148 1206 1270 

Test #101
180 612 781 800 873 891 896 931 938 

Test #102
56 180 304 471 507 560 564 569 572 595 599 

Test #103
56 180 304 471 494 507 

Test #104
800 931 1132 1148 1206 

Test #105
304 574 612 737 800 825 851 

Test #106
304 428 618 705 758 783 786 800 

Test #107
728 800 1068 1132 1133 1142 

Test #108
728 800 1132 1133 1142 

Test #109
304 336 471 560 569 595 622 

Test #110
574 612 737 800 825 850 851 891 

Test #111
180 612 781 800 873 891 896 931 938 

Test #112
180 800 896 931 938 

Test #113
800 931 1027 1082 1132 1148 1206 

Test #114
800 931 1132 1133 1148 1206 

Test #115
56 180 207 304 319 386 420 471 494 507 

Test #116
728 800 1068 1132 1133 1142 

Test #117
1362 

Test #118
304 428 618 705 758 783 786 800 

Test #119
800 931 1027 1082 1132 1148 1206 1270 

Test #120
304 428 565 783 786 800 

Test #121
180 612 737 781 800 851 873 891 

Test #122
180 800 896 938 1001 1028 

Test #123
56 83 129 171 180 190 319 420 432 

Test #124
800 896 1028 1066 1068 

Test #125
304 565 574 783 786 800 825 

Test #126
931 1148 1206 1270 

Test #127
180 800 873 896 931 938 

Test #128
56 83 129 171 180 190 255 279 319 384 420 432 

Test #129
1148 1206 1270 

Test #130
304 698 705 717 

Test #131
1148 1270 

Test #132
304 574 612 737 800 825 851 

Test #133
180 612 737 781 800 873 891 896 931 938 

Test #134
56 129 171 180 304 319 386 420 471 

Test #135
304 698 705 717 

Test #136
39 56 57 83 129 171 180 190 245 254 255 269 279 295 301 384 420 425 

Test #137
304 574 612 800 825 851 

Test #138
56 171 180 207 304 319 386 420 471 494 

Test #139
728 800 1132 1133 1142 

Test #140
800 896 1028 1066 1068 

Test #141
180 800 873 896 931 938 

Test #142
304 698 705 717 

Test #143
304 622 698 

Test #144
304 428 565 574 783 786 800 

Test #145
56 180 207 304 319 471 494 507 

Test #146
304 428 565 618 705 783 786 800 

Test #147
56 180 304 471 507 560 564 569 572 595 599 

Test #148
56 180 207 304 319 386 420 471 494 507 

Test #149
800 1132 1133 

Test #150
56 83 129 171 180 190 255 279 319 384 420 432 

Test #151
180 612 737 781 800 851 873 891 

Test #152
304 698 705 715 717 

Test #153
800 896 1001 1028 1066 1068 

Test #154
180 800 873 896 931 938 

Test #155
39 56 57 83 129 171 180 190 245 254 269 279 295 301 384 

Test #156
56 180 207 304 319 386 420 471 494 507 

Test #157
304 574 612 800 825 851 

Test #158
180 612 781 800 873 891 896 931 938 

Test #159
56 180 304 471 494 507 

Test #160
304 618 705 758 771 

Test #161
931 1148 1206 1270 

Test #162
56 171 180 207 304 319 386 420 471 494 

Test #163
800 931 1132 1148 1206 

Test #164
304 428 565 574 783 786 800 

Test #165
56 180 304 471 494 507 

Test #166
56 180 304 471 494 507 564 569 

Test #167
304 428 565 574 783 786 800 

Test #168
180 800 896 931 938 

Test #169
304 595 622 

Test #170
56 180 304 471 507 560 564 569 572 595 599 

Test #171
304 622 698 

Test #172
800 1132 1133 1148 1206 

Test #173
180 574 612 737 800 850 851 891 

Test #174
180 800 873 896 931 938 

Test #175
304 336 471 560 569 595 622 

Test #176
180 800 896 938 1001 1028 

Test #177
1362 

Test #178
304 428 565 783 786 800 

Test #179
728 800 843 896 1068 1132 1133 

Test #180
728 800 1132 1133 1142 

Test #181
574 612 737 800 825 850 851 

Test #182
180 304 336 471 560 569 572 595 618 622 

Test #183
56 171 180 207 304 319 386 420 471 494 

Test #184
56 180 304 471 494 507 

Test #185
800 1132 1133 

Test #186
56 129 171 180 304 319 386 420 471 

Test #187
304 595 622 

Test #188
180 304 336 471 560 569 572 595 618 622 

Test #189
180 800 896 938 1001 1028 

Test #190
304 428 565 618 705 783 786 800 

Test #191
180 800 896 931 938 

Test #192
180 612 737 781 800 873 891 896 931 938 

Test #193
574 612 737 800 825 850 851 

Test #194
304 565 574 612 783 786 800 825 

Test #195
1270 

Test #196
180 800 896 938 1001 1013 

Test #197
180 800 896 931 938 

Test #198
304 618 705 758 771 

Test #199
56 180 304 471 507 560 569 572 595 599 618 

Test #200
800 931 1132 1148 1206 

Test #201
180 800 873 896 931 938 

Test #202
180 574 612 737 800 850 851 891 

Test #203
180 800 896 938 1001 1028 

Test #204
56 129 171 180 304 319 386 420 471 

Test #205
56 171 180 207 304 319 386 420 471 494 

Test #206
931 1148 1206 1270 

Test #207
800 896 1066 1068 

Test #208
56 83 129 171 180 190 255 279 319 384 420 432 

Test #209
304 698 705 717 

Test #210
304 565 574 783 786 800 825 

Test #211
800 931 1132 1148 1206 

Test #212
800 1132 1133 

Test #213
180 800 896 1001 1028 1066 

Test #214
931 1148 1206 1270 

Test #215
1270 

Test #216
304 565 574 612 783 786 800 825 

Test #217
1362 

Test #218
56 180 304 471 507 560 564 569 572 595 599 

Test #219
800 896 1028 1066 1068 

Test #220
180 800 896 938 1001 1013 

Test #221
180 800 896 931 938 

Test #222
304 622 698 

Test #223
56 180 304 471 494 507 564 569 

Test #224
56 83 129 171 180 190 319 420 432 

Test #225
800 896 1068 

Test #226
56 171 180 207 304 319 386 420 471 494 507 

Test #227
180 800 896 938 1001 1028 

Test #228
304 698 705 717 

Test #229
304 574 612 737 800 825 851 

Test #230
800 931 1027 1082 1132 1148 1206 

Test #231
56 180 304 471 494 507 564 569 572 

Test #232
56 83 129 171 180 190 255 279 319 384 420 432 

Test #233
304 698 705 717 

Test #234
800 931 1132 1148 1206 

Test #235
56 180 207 304 319 386 420 471 494 507 

Test #236
304 565 574 783 786 800 825 

Test #237
800 896 1066 1068 

Test #238
800 931 1132 1148 1206 

Test #239
304 574 612 737 800 825 851 

Test #240
39 56 57 83 129 171 180 190 245 255 269 279 319 384 420 425 432 

Test #241
304 336 471 560 569 595 622 

Test #242
304 698 705 

Test #243
800 931 1132 1148 1206 1230 

Test #244
931 1148 1206 1270 

Test #245
56 180 304 471 507 560 564 569 572 595 599 

Test #246
728 800 1132 1133 1142 

Test #247
304 705 717 758 

Test #248
56 180 304 471 507 560 564 569 572 595 599 

Test #249
1270 

Test #250
39 56 57 83 129 171 180 190 245 255 269 279 319 384 420 425 432 

Test #251
800 1132 1133 

Test #252
180 612 781 800 873 891 896 931 938 

Test #253
304 698 705 717 

Test #254
1270 

Test #255
180 800 896 931 938 

Test #256
56 83 129 171 180 190 255 279 319 384 420 432 

Test #257
56 83 129 171 180 190 255 279 319 384 420 432 

Test #258
304 336 471 560 569 595 622 

Test #259
304 618 705 758 771 783 

Test #260
180 612 737 781 800 851 873 891 

Test #261
56 180 207 304 319 386 420 471 494 507 

Test #262
180 800 873 896 931 938 

Test #263
180 612 737 781 800 873 891 896 931 938 

Test #264
304 565 574 612 783 786 800 825 

Test #265
304 618 705 758 771 

Test #266
180 800 896 1001 1028 1066 

Test #267
800 931 1027 1082 1132 1148 1206 1270 

Test #268
56 171 180 207 304 319 386 420 471 494 507 

Test #269
304 574 612 737 800 825 851 

Test #270
304 698 705 717 

Test #271
56 180 304 471 494 507 

Test #272
800 896 1066 1068 

Test #273
180 800 896 938 1001 1028 

Test #274
1270 

Test #275
180 800 896 938 1001 

Test #276
800 931 1132 1148 1206 1230 

Test #277
728 800 843 896 1068 1132 1133 

Test #278
1362 

Test #279
39 56 57 83 129 171 180 190 245 255 269 279 319 384 420 425 432 

Test #280
800 896 1028 1066 1068 

Test #281
39 56 57 83 129 171 180 190 245 254 255 269 279 295 301 384 420 425 

Test #282
800 931 1132 1133 1148 1206 

Test #283
56 180 304 336 471 507 560 569 572 595 618 622 

Test #284
304 698 705 717 

Test #285
728 800 1068 1132 1133 1142 

Test #286
800 931 1132 1148 1206 

Test #287
304 428 618 705 758 783 786 800 

Test #288
800 1132 1133 

Test #289
56 129 171 180 304 319 386 420 471 

Test #290
800 1132 1133 

Test #291
304 698 705 

Test #292
56 180 304 471 494 507 560 564 569 572 

Test #293
304 698 705 717 

Test #294
800 931 1132 1148 1206 

Test #295
180 800 896 938 1001 1028 

Test #296
800 896 1028 1066 1068 

Test #297
180 574 612 737 800 850 851 891 

Test #298
180 612 737 781 800 851 873 891 

Test #299
800 1132 1133 

Test #300
1270 1362 

Test #301
800 931 1027 1082 1132 1148 1206 

Test #302
931 1148 1206 1270 

Test #303
800 896 1001 1028 1066 1068 

Test #304
180 612 737 781 800 851 873 891 

Test #305
800 931 1027 1082 1132 1148 1206 1270 

Test #306
304 622 698 

Test #307
304 698 705 717 

Test #308
180 800 896 938 1001 1028 

Test #309
304 336 471 560 569 595 622 

Test #310
304 705 717 758 

Test #311
304 698 705 717 

Test #312
304 595 622 

Test #313
56 180 304 471 494 507 564 569 

Test #314
180 800 873 896 931 938 

Test #315
180 800 896 938 1001 

Test #316
800 931 1148 1206 1270 

Test #317
304 618 705 758 771 

Test #318
1362 

Test #319
800 896 1028 1066 1068 

Test #320
304 574 612 800 825 851 

Test #321
728 800 1132 1133 1142 

Test #322
1362 

Test #323
180 800 896 938 1001 1028 

Test #324
56 129 171 180 304 319 386 420 471 

Test #325
800 931 1132 1133 1148 1206 

Test #326
304 336 471 560 569 595 622 

Test #327
728 800 1132 1133 1142 

Test #328
304 698 705 715 717 

Test #329
728 800 1132 1133 1142 

Test #330
180 612 781 800 873 891 896 931 938 

Test #331
304 622 

Test #332
180 800 896 938 1001 1028 

Test #333
304 574 612 737 800 825 851 

Test #334
1270 

Test #335
56 180 207 304 319 386 420 471 494 507 

Test #336
304 705 717 758 

Test #337
56 180 304 471 507 560 569 572 595 618 622 

Test #338
304 565 574 612 783 786 800 825 

Test #339
1270 1362 

Test #340
574 612 737 800 825 850 851 

Test #341
800 931 1132 1133 1148 1206 

Test #342
304 622 

Test #343
800 896 1068 

Test #344
1270 

Test #345
800 931 1132 1133 1148 1206 

Test #346
304 698 705 715 717 

Test #347
800 931 1027 1082 1132 1148 1206 

Test #348
56 180 304 471 507 560 564 569 572 595 599 

Test #349
304 698 705 715 717 

Test #350
180 612 737 781 800 873 891 896 931 938 

Test #351
180 800 896 938 1001 1028 

Test #352
56 83 129 171 180 190 319 420 432 

Test #353
180 612 737 781 800 851 873 891 

Test #354
304 336 471 560 569 595 622 

Test #355
56 180 304 471 494 507 

Test #356
304 698 705 717 

Test #357
180 574 612 737 800 850 851 891 

Test #358
931 1148 1206 1270 

Test #359
180 800 896 938 1001 1028 

Test #360
304 595 622 

Test #361
304 574 612 800 825 851 

Test #362
931 1148 1206 1270 

Test #363
800 931 1027 1082 1132 1148 1206 

Test #364
1270 

Test #365
800 931 1132 1148 1206 

Test #366
1362 

Test #367
304 622 698 

Test #368
56 129 171 180 304 319 386 420 471 

Test #369
304 565 574 783 786 800 825 

Test #370
180 304 336 471 560 569 572 595 618 622 

Test #371
180 612 737 781 800 873 891 896 931 938 

Test #372
180 304 336 471 560 569 572 595 618 622 

Test #373
574 612 737 800 825 850 851 891 

Test #374
304 622 

Test #375
56 180 304 471 507 560 564 569 572 595 599 

Test #376
304 698 705 717 

Test #377
180 800 873 896 931 938 

Test #378
56 83 129 171 180 190 319 420 471 

Test #379
180 574 612 737 800 850 851 891 

Test #380
800 931 1027 1082 1132 1148 1206 

Test #381
180 800 896 931 938 

Test #382
56 180 207 304 319 471 494 507 

Test #383
1148 1206 1270 

Test #384
56 180 207 304 319 471 494 507 

Test #385
304 618 705 758 771 783 

Test #386
56 83 129 171 180 190 255 279 319 384 420 432 

Test #387
304 565 574 783 786 800 825 

Test #388
800 931 1148 1206 1270 

Test #389
1270 

Test #390
56 83 129 171 180 190 319 420 471 

Test #391
56 180 304 471 494 507 

Test #392
304 428 565 574 783 786 800 

Test #393
1362 

Test #394
39 56 57 83 129 171 180 190 245 254 269 279 295 301 384 

Test #395
304 705 717 758 

Test #396
800 931 1132 1148 1206 1230 

Test #397
39 56 57 83 129 138 171 180 190 245 254 269 279 295 301 351 384 

Test #398
180 800 896 938 1001 1028 

Test #399
800 931 1148 1206 1270 

Test #400
304 428 565 783 786 800 

Test #401
800 931 1027 1082 1132 1148 1206 1270 

Test #402
304 428 565 574 783 786 800 

Test #403
180 800 896 1001 1028 1066 

Test #404
304 618 705 758 771 

Test #405
800 896 1001 1028 1066 1068 

Test #406
800 931 1132 1148 1206 

Test #407
180 800 896 1001 1028 1066 

Test #408
304 595 622 

Test #409
931 1148 1206 1270 

Test #410
56 180 304 471 494 507 560 564 569 572 

Test #411
56 180 207 304 319 471 494 507 

Test #412
180 574 612 737 800 850 851 891 

Test #413
304 698 705 715 717 

Test #414
39 56 57 83 129 171 180 190 245 255 269 279 319 384 420 425 432 

Test #415
180 800 896 938 1001 1013 

Test #416
800 896 1001 1028 1066 1068 

Test #417
56 171 180 207 304 319 386 420 471 494 507 

Test #418
56 83 129 171 180 190 319 420 432 

Test #419
180 800 873 896 931 938 

Test #420
56 83 129 171 180 190 319 420 432 

Test #421
56 180 207 304 319 471 494 507 

Test #422
800 896 1066 1068 

Test #423
304 574 612 737 800 825 851 

Test #424
56 171 180 207 304 319 386 420 471 494 

Test #425
800 896 1028 1066 1068 

Test #426
800 931 1132 1148 1206 1230 

Test #427
931 1148 1206 1270 

Test #428
180 800 896 1001 1028 1066 

Test #429
304 574 612 737 800 825 851 

Test #430
800 931 1132 1133 1148 1206 

Test #431
56 171 180 207 304 319 386 420 471 494 507 

Test #432
304 698 705 717 

Test #433
304 336 471 560 569 595 622 

Test #434
728 800 843 896 1068 1132 1133 1142 

Test #435
800 896 1028 1066 1068 

Test #436
931 1148 1206 1270 

Test #437
180 800 873 896 931 938 

Test #438
304 618 705 758 771 

Test #439
56 180 304 471 507 560 564 569 572 595 599 

Test #440
574 612 737 800 825 850 851 

Test #441
180 612 737 781 800 873 891 896 931 938 

Test #442
304 698 705 

Test #443
39 56 57 83 129 138 171 180 190 245 254 269 279 295 301 351 384 

Test #444
800 931 1132 1148 1206 1230 

Test #445
304 698 705 717 

Test #446
180 800 896 931 938 

Test #447
180 612 737 781 800 851 873 891 

Test #448
304 428 565 574 783 786 800 

Test #449
180 800 896 938 1001 1028 

Test #450
56 83 129 171 180 190 319 420 471 

Test #451
574 612 737 800 825 850 851 891 

Test #452
728 800 1068 1132 1133 1142 

Test #453
728 800 1132 1133 1142 

Test #454
1270 

Test #455
800 931 1132 1148 1206 

Test #456
304 565 574 612 783 786 800 825 

Test #457
800 1132 1133 

Test #458
728 800 1132 1133 1142 

Test #459
56 180 207 304 319 471 494 507 

Test #460
304 595 622 

Test #461
180 800 873 896 931 938 

Test #462
56 180 304 336 471 507 560 569 572 595 618 622 

Test #463
180 800 873 896 931 938 

Test #464
800 1132 1133 

Test #465
1270 

Test #466
304 622 

Test #467
800 896 1068 

Test #468
180 612 737 781 800 873 891 896 931 938 

Test #469
180 800 896 938 1001 1028 

Test #470
931 1148 1206 1270 

Test #471
39 56 57 83 129 171 180 190 245 255 269 279 319 384 420 425 432 

Test #472
56 180 304 471 494 507 560 564 569 572 

Test #473
56 180 304 471 507 560 564 569 572 595 599 

Test #474
39 56 57 83 129 171 180 190 245 254 269 279 295 301 384 

Test #475
39 56 57 83 129 138 171 180 190 245 254 269 279 295 301 351 384 

Test #476
180 612 737 781 800 873 891 896 931 938 

Test #477
180 800 896 931 938 

Test #478
180 612 737 781 800 873 891 896 931 938 

Test #479
1270 1362 

Test #480
180 304 336 471 560 569 572 595 618 622 

Test #481
180 800 896 938 1001 

Test #482
304 565 574 612 783 786 800 825 

Test #483
39 56 57 83 129 138 171 180 190 245 254 269 279 295 301 351 384 

Test #484
304 618 705 758 771 

Test #485
304 428 565 618 705 783 786 800 

Test #486
800 931 1132 1148 1206 1230 

Test #487
800 931 1132 1148 1206 

Test #488
56 180 304 471 507 560 564 569 572 595 599 

Test #489
180 800 896 931 938 

Test #490
1270 

Test #491
304 428 565 574 783 786 800 

Test #492
56 180 304 471 494 507 564 569 

Test #493
56 180 304 471 494 507 564 569 

Test #494
39 56 57 83 129 171 180 190 245 254 255 269 279 295 301 384 420 425 

Test #495
1270 1362 

Test #496
56 180 207 304 319 471 494 507 

Test #497
304 622 

Test #498
800 896 1028 1066 1068 

Test #499
180 800 896 938 1001 1028 

Test #500
931 1148 1206 1270 

