Test #1
348 495 683 688 689 

Test #2
17 38 47 131 144 202 208 

Test #3
140 225 324 348 

Test #4
225 348 

Test #5
17 38 47 59 62 131 144 202 

Test #6
147 347 348 385 418 489 

Test #7
348 526 531 553 568 

Test #8
140 225 324 348 

Test #9
148 225 259 339 348 

Test #10
140 348 418 

Test #11
140 324 348 

Test #12
140 225 324 348 

Test #13
17 38 47 131 144 202 208 

Test #14
348 526 568 593 596 601 

Test #15
47 168 224 225 242 259 

Test #16
147 347 348 385 418 459 489 

Test #17
31 225 259 305 

Test #18
140 348 418 

Test #19
348 526 568 596 601 

Test #20
348 526 553 568 575 593 601 

Test #21
17 38 47 59 62 131 144 202 208 

Test #22
347 348 418 526 530 

Test #23
348 526 568 596 601 

Test #24
140 324 348 

Test #25
147 347 348 385 418 459 489 

Test #26
347 348 526 530 531 553 

Test #27
225 324 348 

Test #28
17 38 47 224 225 

Test #29
140 324 348 418 

Test #30
348 495 568 601 647 

Test #31
31 225 259 305 

Test #32
140 324 348 

Test #33
17 38 47 59 62 131 144 202 

Test #34
147 347 348 369 418 459 489 

Test #35
348 526 531 553 568 575 

Test #36
348 495 601 683 688 689 

Test #37
31 225 259 305 

Test #38
140 348 418 

Test #39
140 225 324 348 

Test #40
140 348 418 

Test #41
348 495 568 601 683 

Test #42
348 526 553 568 575 

Test #43
348 526 568 596 601 

Test #44
17 38 47 59 62 131 144 202 

Test #45
147 347 348 385 418 459 489 

Test #46
17 38 47 59 62 131 144 202 208 

Test #47
147 347 348 385 418 459 489 

Test #48
348 526 568 593 596 601 

Test #49
140 348 418 

Test #50
140 348 413 418 459 

Test #51
147 347 348 369 418 526 

Test #52
140 348 418 

Test #53
47 168 225 259 

Test #54
140 348 413 418 459 

Test #55
348 568 601 647 

Test #56
348 526 553 568 575 

Test #57
31 225 259 305 

Test #58
31 148 225 259 305 

Test #59
348 526 568 575 593 596 601 

Test #60
147 347 348 369 418 489 

Test #61
31 225 259 305 

Test #62
17 38 47 224 225 

Test #63
17 38 47 224 225 

Test #64
168 225 259 

Test #65
347 348 418 526 530 531 553 

Test #66
348 526 553 568 575 593 

Test #67
168 225 259 

Test #68
348 568 601 647 

Test #69
148 225 259 339 348 

Test #70
140 347 348 413 418 459 

Test #71
140 324 348 

Test #72
31 148 225 259 305 

Test #73
148 225 259 339 348 

Test #74
148 172 225 259 339 348 

Test #75
31 225 259 305 

Test #76
348 568 596 601 647 

Test #77
148 172 225 259 339 348 

Test #78
348 526 568 596 601 

Test #79
348 526 531 553 568 

Test #80
348 526 553 568 575 

Test #81
140 225 324 348 

Test #82
140 225 324 348 

Test #83
148 225 259 339 

Test #84
140 348 413 418 459 

Test #85
348 526 568 596 601 

Test #86
47 168 224 225 259 

Test #87
148 172 225 259 339 348 

Test #88
47 224 225 238 242 259 

Test #89
140 324 348 418 

Test #90
47 224 225 238 242 259 

Test #91
348 526 531 553 568 575 

Test #92
147 347 348 369 418 526 

Test #93
47 168 225 259 

Test #94
348 526 568 575 593 601 

Test #95
348 526 568 593 596 601 

Test #96
348 526 568 596 601 

Test #97
147 347 348 385 418 459 489 

Test #98
17 38 47 202 208 224 

Test #99
348 526 553 568 575 

Test #100
348 526 568 596 601 

Test #101
140 347 348 413 418 

Test #102
168 225 259 

Test #103
47 168 224 225 242 259 

Test #104
348 526 568 596 601 

Test #105
140 348 418 

Test #106
140 324 348 

Test #107
348 526 531 553 568 575 

Test #108
348 526 553 568 575 

Test #109
31 225 259 305 

Test #110
140 348 418 

Test #111
140 347 348 413 418 

Test #112
147 347 348 385 418 489 

Test #113
348 526 568 596 601 

Test #114
348 526 568 575 593 601 

Test #115
47 224 225 238 242 259 

Test #116
348 526 531 553 568 575 

Test #117
348 495 683 688 689 

Test #118
140 324 348 

Test #119
348 526 568 596 601 

Test #120
140 324 348 

Test #121
140 348 413 418 459 

Test #122
147 347 348 369 385 418 459 489 

Test #123
17 38 47 224 225 

Test #124
347 348 418 526 530 531 

Test #125
140 348 418 

Test #126
348 568 601 647 

Test #127
140 347 348 418 

Test #128
17 38 47 224 225 

Test #129
348 568 601 647 

Test #130
225 324 348 

Test #131
348 568 601 647 

Test #132
140 348 418 

Test #133
140 347 348 413 418 

Test #134
47 224 225 238 242 

Test #135
225 348 

Test #136
17 38 47 59 62 131 144 202 208 

Test #137
140 348 418 

Test #138
47 224 225 238 242 

Test #139
348 526 553 568 575 

Test #140
347 348 418 526 530 531 

Test #141
140 347 348 418 

Test #142
225 348 

Test #143
148 225 259 339 348 

Test #144
140 324 348 418 

Test #145
47 168 224 225 242 259 

Test #146
140 324 348 

Test #147
168 225 259 

Test #148
47 224 225 238 242 259 

Test #149
348 526 553 568 575 593 

Test #150
17 38 47 224 225 

Test #151
140 348 413 418 459 

Test #152
148 172 225 259 339 348 

Test #153
347 348 418 526 530 

Test #154
140 347 348 418 

Test #155
17 38 47 59 62 131 144 202 208 

Test #156
47 224 225 238 242 259 

Test #157
140 348 418 

Test #158
140 347 348 413 418 

Test #159
47 168 224 225 242 259 

Test #160
140 225 324 348 

Test #161
348 568 601 647 

Test #162
47 224 225 238 242 

Test #163
348 526 568 593 596 601 

Test #164
140 324 348 418 

Test #165
47 168 224 225 242 259 

Test #166
47 168 224 225 259 

Test #167
140 324 348 418 

Test #168
147 347 348 385 418 489 

Test #169
31 148 225 259 305 

Test #170
168 225 259 

Test #171
148 225 259 339 348 

Test #172
348 526 553 568 575 593 601 

Test #173
140 348 418 

Test #174
347 348 385 418 489 

Test #175
31 225 259 305 

Test #176
147 347 348 369 418 459 489 

Test #177
348 495 601 683 688 689 

Test #178
140 324 348 

Test #179
348 526 530 531 553 568 

Test #180
348 526 553 568 575 

Test #181
140 348 418 

Test #182
31 225 259 305 

Test #183
47 224 225 238 242 

Test #184
47 168 224 225 242 259 

Test #185
348 526 553 568 575 593 

Test #186
47 224 225 238 242 

Test #187
31 148 225 259 305 

Test #188
31 225 259 305 

Test #189
147 347 348 369 418 489 

Test #190
140 324 348 

Test #191
147 347 348 385 418 489 

Test #192
140 347 348 413 418 459 

Test #193
140 348 418 

Test #194
140 348 418 

Test #195
348 495 568 601 647 

Test #196
147 347 348 385 418 459 489 

Test #197
147 347 348 385 418 489 

Test #198
140 225 324 348 

Test #199
225 259 305 

Test #200
348 526 568 596 601 

Test #201
347 348 385 418 489 

Test #202
140 348 418 

Test #203
147 347 348 369 418 526 

Test #204
47 224 225 238 242 

Test #205
47 224 225 238 242 

Test #206
348 568 601 647 

Test #207
347 348 418 526 530 531 553 

Test #208
17 38 47 224 225 

Test #209
225 348 

Test #210
140 348 418 

Test #211
348 526 568 575 593 596 601 

Test #212
348 526 553 568 575 593 

Test #213
147 347 348 418 526 530 

Test #214
348 568 601 647 

Test #215
348 568 601 647 

Test #216
140 348 418 

Test #217
348 495 683 688 689 

Test #218
168 225 259 

Test #219
347 348 418 526 530 531 

Test #220
147 347 348 385 418 459 489 

Test #221
147 347 348 385 418 489 

Test #222
148 225 259 339 348 

Test #223
47 168 224 225 259 

Test #224
17 38 47 224 225 

Test #225
348 526 530 531 553 

Test #226
47 224 225 238 242 

Test #227
147 347 348 369 418 526 

Test #228
225 348 

Test #229
140 348 418 

Test #230
348 526 568 596 601 

Test #231
47 168 224 225 259 

Test #232
17 38 47 224 225 

Test #233
225 324 348 

Test #234
348 526 568 575 593 596 601 

Test #235
47 224 225 238 242 259 

Test #236
140 348 418 

Test #237
347 348 526 530 531 553 

Test #238
348 526 568 575 593 596 601 

Test #239
140 348 418 

Test #240
17 38 47 202 208 224 

Test #241
31 225 259 305 

Test #242
148 172 225 259 339 348 

Test #243
348 526 568 575 593 596 601 

Test #244
348 568 601 647 

Test #245
168 225 259 

Test #246
348 526 553 568 575 

Test #247
140 225 324 348 

Test #248
168 225 259 

Test #249
348 495 568 601 647 

Test #250
17 38 47 202 208 224 

Test #251
348 526 553 568 575 593 

Test #252
140 347 348 413 418 

Test #253
225 348 

Test #254
348 568 601 647 

Test #255
147 347 348 385 418 489 

Test #256
17 38 47 224 225 

Test #257
17 38 47 224 225 

Test #258
31 225 259 305 

Test #259
140 225 324 348 

Test #260
140 348 413 418 459 

Test #261
47 224 225 238 242 259 

Test #262
140 347 348 418 

Test #263
140 347 348 413 418 

Test #264
140 348 418 

Test #265
140 225 324 348 

Test #266
147 347 348 369 418 526 530 

Test #267
348 526 568 596 601 

Test #268
47 224 225 238 242 

Test #269
140 348 418 

Test #270
225 324 348 

Test #271
47 168 224 225 242 259 

Test #272
347 348 526 530 531 553 

Test #273
147 347 348 369 418 526 

Test #274
348 495 568 601 647 

Test #275
147 347 348 385 418 459 489 

Test #276
348 526 568 575 593 596 601 

Test #277
348 526 530 531 553 568 

Test #278
348 495 601 683 688 689 

Test #279
17 38 47 131 144 202 208 

Test #280
347 348 418 526 530 531 

Test #281
17 38 47 59 62 131 144 202 208 

Test #282
348 526 568 575 593 601 

Test #283
31 225 259 305 

Test #284
225 348 

Test #285
348 526 531 553 568 575 

Test #286
348 526 568 575 593 596 601 

Test #287
140 324 348 

Test #288
348 526 553 568 575 593 

Test #289
47 224 225 238 242 

Test #290
348 526 553 568 575 593 

Test #291
148 172 225 259 339 348 

Test #292
47 168 225 259 

Test #293
225 348 

Test #294
348 526 568 596 601 

Test #295
147 347 348 369 418 459 489 

Test #296
347 348 418 526 530 531 

Test #297
140 348 418 

Test #298
140 348 413 418 459 

Test #299
348 526 553 568 575 593 

Test #300
348 495 568 601 683 

Test #301
348 526 568 596 601 

Test #302
348 568 601 647 

Test #303
347 348 418 526 530 

Test #304
140 348 413 418 459 

Test #305
348 526 568 596 601 

Test #306
148 225 259 339 348 

Test #307
225 324 348 

Test #308
147 347 348 369 385 418 459 489 

Test #309
31 225 259 305 

Test #310
140 225 324 348 

Test #311
225 348 

Test #312
31 148 225 259 305 

Test #313
47 168 224 225 259 

Test #314
140 347 348 418 

Test #315
147 347 348 385 418 459 489 

Test #316
348 568 596 601 647 

Test #317
140 225 324 348 

Test #318
348 495 683 688 689 

Test #319
347 348 418 526 530 531 

Test #320
140 348 418 

Test #321
348 526 531 553 568 575 

Test #322
348 495 601 683 688 689 

Test #323
147 347 348 369 385 418 459 489 

Test #324
47 224 225 238 242 

Test #325
348 526 568 575 593 601 

Test #326
31 225 259 305 

Test #327
348 526 553 568 575 

Test #328
148 172 225 259 339 348 

Test #329
348 526 531 553 568 575 

Test #330
140 347 348 413 418 

Test #331
148 225 259 339 

Test #332
147 347 348 369 385 418 459 489 

Test #333
140 348 418 

Test #334
348 568 601 647 

Test #335
47 224 225 238 242 259 

Test #336
140 225 324 348 

Test #337
31 225 259 305 

Test #338
140 348 418 

Test #339
348 495 568 601 683 

Test #340
140 348 418 

Test #341
348 526 568 575 593 601 

Test #342
31 148 225 259 339 

Test #343
348 526 530 531 553 

Test #344
348 495 568 601 647 

Test #345
348 526 568 575 593 601 

Test #346
148 172 225 259 339 348 

Test #347
348 526 568 596 601 

Test #348
168 225 259 

Test #349
148 172 225 259 339 348 

Test #350
140 347 348 413 418 

Test #351
147 347 348 369 418 489 

Test #352
17 38 47 224 225 

Test #353
140 348 413 418 459 

Test #354
31 225 259 305 

Test #355
47 168 224 225 242 259 

Test #356
225 348 

Test #357
140 348 418 

Test #358
348 568 601 647 

Test #359
147 347 348 369 418 489 

Test #360
31 148 225 259 305 

Test #361
140 348 418 

Test #362
348 568 601 647 

Test #363
348 526 568 596 601 

Test #364
348 568 601 647 

Test #365
348 526 568 596 601 

Test #366
348 495 683 688 689 

Test #367
148 225 259 339 348 

Test #368
47 224 225 238 242 

Test #369
140 348 418 

Test #370
31 225 259 305 

Test #371
140 347 348 413 418 

Test #372
31 225 259 305 

Test #373
140 348 418 

Test #374
31 148 225 259 339 

Test #375
168 225 259 

Test #376
225 348 

Test #377
347 348 385 418 489 

Test #378
17 47 224 225 238 

Test #379
140 348 418 

Test #380
348 526 568 596 601 

Test #381
147 347 348 385 418 489 

Test #382
47 168 224 225 242 259 

Test #383
348 568 601 647 

Test #384
47 168 224 225 242 259 

Test #385
140 225 324 348 

Test #386
17 38 47 224 225 

Test #387
140 348 418 

Test #388
348 568 596 601 647 

Test #389
348 495 568 601 647 

Test #390
17 47 224 225 238 

Test #391
47 168 224 225 242 259 

Test #392
140 324 348 418 

Test #393
348 495 601 683 688 689 

Test #394
17 38 47 59 62 131 144 202 208 

Test #395
140 225 324 348 

Test #396
348 526 568 575 593 596 601 

Test #397
17 38 47 59 62 131 144 202 

Test #398
147 347 348 369 418 459 489 

Test #399
348 568 596 601 647 

Test #400
140 324 348 

Test #401
348 526 568 596 601 

Test #402
140 324 348 418 

Test #403
147 347 348 369 418 526 530 

Test #404
140 225 324 348 

Test #405
347 348 418 526 530 

Test #406
348 526 568 593 596 601 

Test #407
147 347 348 418 526 530 

Test #408
31 148 225 259 305 

Test #409
348 568 601 647 

Test #410
47 168 225 259 

Test #411
47 168 224 225 242 259 

Test #412
140 348 418 

Test #413
148 172 225 259 339 348 

Test #414
17 38 47 202 208 224 

Test #415
147 347 348 385 418 459 489 

Test #416
347 348 418 526 530 

Test #417
47 224 225 238 242 

Test #418
17 38 47 224 225 

Test #419
140 347 348 418 

Test #420
17 38 47 224 225 

Test #421
47 168 224 225 242 259 

Test #422
347 348 418 526 530 531 553 

Test #423
140 348 418 

Test #424
47 224 225 238 242 

Test #425
347 348 418 526 530 531 

Test #426
348 526 568 575 593 596 601 

Test #427
348 568 601 647 

Test #428
147 347 348 418 526 530 

Test #429
140 348 418 

Test #430
348 526 568 575 593 601 

Test #431
47 224 225 238 242 

Test #432
225 348 

Test #433
31 225 259 305 

Test #434
348 526 531 553 568 

Test #435
347 348 418 526 530 531 

Test #436
348 568 601 647 

Test #437
347 348 385 418 489 

Test #438
140 225 324 348 

Test #439
168 225 259 

Test #440
140 348 418 

Test #441
140 347 348 413 418 

Test #442
148 172 225 259 339 348 

Test #443
17 38 47 59 62 131 144 202 

Test #444
348 526 568 575 593 596 601 

Test #445
225 324 348 

Test #446
147 347 348 385 418 489 

Test #447
140 348 413 418 459 

Test #448
140 324 348 418 

Test #449
147 347 348 369 418 489 

Test #450
17 47 224 225 238 

Test #451
140 348 418 

Test #452
348 526 531 553 568 575 

Test #453
348 526 553 568 575 

Test #454
348 495 568 601 647 

Test #455
348 526 568 596 601 

Test #456
140 348 418 

Test #457
348 526 553 568 575 593 

Test #458
348 526 531 553 568 575 

Test #459
47 168 224 225 242 259 

Test #460
31 148 225 259 305 

Test #461
140 347 348 418 

Test #462
31 225 259 305 

Test #463
347 348 385 418 489 

Test #464
348 526 553 568 575 593 

Test #465
348 495 568 601 647 

Test #466
31 148 225 259 339 

Test #467
348 526 530 531 553 

Test #468
140 347 348 413 418 

Test #469
147 347 348 369 418 459 489 

Test #470
348 568 601 647 

Test #471
17 38 47 131 144 202 208 

Test #472
47 168 225 259 

Test #473
168 225 259 

Test #474
17 38 47 59 62 131 144 202 208 

Test #475
17 38 47 59 62 131 144 202 

Test #476
140 347 348 413 418 459 

Test #477
147 347 348 385 418 489 

Test #478
140 347 348 413 418 459 

Test #479
348 495 568 601 683 

Test #480
31 225 259 305 

Test #481
147 347 348 385 418 459 489 

Test #482
140 348 418 

Test #483
17 38 47 59 62 131 144 202 

Test #484
140 225 324 348 

Test #485
140 324 348 

Test #486
348 526 568 575 593 596 601 

Test #487
348 526 568 575 593 596 601 

Test #488
168 225 259 

Test #489
147 347 348 385 418 489 

Test #490
348 568 601 647 

Test #491
140 324 348 418 

Test #492
47 168 224 225 259 

Test #493
47 168 224 225 259 

Test #494
17 38 47 59 62 131 144 202 208 

Test #495
348 495 568 601 683 

Test #496
47 168 224 225 242 259 

Test #497
31 148 225 259 339 

Test #498
347 348 418 526 530 531 

Test #499
147 347 348 369 418 526 

Test #500
348 568 601 647 

