Test #1
2138 2543 2615 2682 2718 2736 2740 

Test #2
2 36 62 69 75 113 133 194 214 224 238 254 262 264 268 274 307 323 383 435 500 554 558 697 698 713 734 800 841 858 

Test #3
829 1119 1277 1427 1469 1504 

Test #4
111 172 250 539 927 1119 1157 1367 1423 1469 1476 1487 

Test #5
2 36 69 105 113 133 194 205 224 238 254 262 268 307 323 380 408 500 554 558 685 697 713 726 734 744 800 

Test #6
836 1119 1213 1331 1432 1469 1504 1506 1549 1610 1750 1819 1862 1952 1961 1975 1985 

Test #7
466 1119 1135 1213 1432 1504 1617 1750 1811 1891 2117 2142 2178 2181 2205 2235 2236 2252 

Test #8
829 1119 1277 1427 1469 1504 

Test #9
31 172 521 539 927 936 998 1008 1078 1119 1155 1181 1237 1284 1346 1367 

Test #10
922 1119 1234 1277 1427 1469 1504 1558 1608 1637 1638 1662 1693 1740 1748 1750 1755 

Test #11
1119 1277 1427 1469 1504 

Test #12
1119 1277 1427 1469 1504 

Test #13
2 36 62 69 75 113 133 194 214 224 238 254 262 264 268 274 307 323 383 435 500 554 558 697 698 713 734 800 841 858 

Test #14
812 1349 1432 1504 1685 1750 1911 2117 2142 2235 2317 2365 2369 2407 2408 2424 2428 2454 

Test #15
15 44 62 69 75 113 264 323 333 383 706 734 800 953 958 972 992 1095 

Test #16
836 1119 1213 1331 1432 1469 1504 1506 1610 1750 1862 1952 1961 1975 1985 2026 

Test #17
19 113 431 540 706 1095 1119 1122 1127 1154 1155 1218 1243 1284 1299 

Test #18
922 1119 1234 1277 1427 1469 1504 1558 1608 1637 1638 1662 1693 1740 1748 1750 1755 

Test #19
812 1349 1504 1685 1750 1912 2117 2142 2317 2378 2398 2407 2428 2454 2512 2513 2519 2571 

Test #20
466 1432 1504 1685 1750 1769 1811 1911 2117 2142 2235 2252 2317 2365 2369 2408 2417 

Test #21
2 36 62 69 105 113 133 194 205 224 238 254 262 268 274 307 323 380 408 500 554 558 685 697 698 713 726 734 800 

Test #22
1119 1135 1213 1432 1469 1504 1750 1819 1891 2010 2041 2047 2089 2117 2133 2142 2178 

Test #23
812 1349 1432 1504 1685 1750 1912 2117 2142 2235 2317 2365 2398 2407 2408 2428 2454 2512 2519 

Test #24
1119 1277 1427 1469 1504 1637 

Test #25
836 1119 1213 1331 1432 1469 1504 1506 1610 1750 1862 1952 1961 1975 1985 2026 

Test #26
466 1119 1135 1213 1432 1504 1750 1891 1893 2047 2117 2142 2178 2181 2235 2236 

Test #27
111 250 829 1119 1277 1367 1423 1427 1469 1476 1487 1504 

Test #28
10 36 62 69 75 113 194 214 254 262 264 268 274 307 323 383 435 500 554 558 697 698 713 734 800 841 858 887 914 

Test #29
1119 1234 1277 1427 1469 1504 1637 1662 1664 

Test #30
1504 1750 1912 2317 2378 2513 2634 2682 2701 2718 

Test #31
19 31 431 521 540 1119 1127 1155 1218 1243 1284 1299 

Test #32
1119 1277 1427 1469 1504 1637 

Test #33
2 36 69 105 113 133 194 205 224 238 254 262 268 307 323 380 408 500 554 558 685 697 713 726 734 744 800 

Test #34
836 1119 1213 1331 1432 1469 1504 1506 1664 1750 1837 1862 1952 1961 1975 2010 2022 2026 2041 2047 

Test #35
466 1119 1135 1213 1432 1504 1617 1750 1811 1891 2117 2142 2178 2205 2235 2236 2252 2317 

Test #36
1750 1912 2138 2378 2543 2615 2682 2718 2736 2740 

Test #37
113 314 431 528 540 706 958 1095 1119 1122 1127 1154 1155 1168 1218 1243 

Test #38
922 1119 1316 1427 1469 1500 1504 1608 1638 1662 1693 1740 1748 1750 1819 

Test #39
111 829 1119 1277 1367 1423 1427 1469 1476 1487 1504 

Test #40
922 1119 1427 1469 1504 1608 1637 1638 1662 1693 1740 1748 1750 1760 

Test #41
1750 1912 2138 2317 2378 2615 2634 2682 2718 2736 

Test #42
466 1135 1213 1432 1504 1750 1811 1891 1911 2117 2142 2178 2205 2235 2252 2317 

Test #43
812 1349 1504 1685 1750 1912 2117 2142 2317 2378 2398 2407 2428 2454 2512 2513 2519 2571 

Test #44
2 36 69 105 113 133 194 205 224 238 254 262 268 307 323 380 408 500 554 558 685 697 713 726 734 744 800 

Test #45
836 1119 1213 1331 1432 1469 1504 1506 1549 1610 1750 1862 1952 1961 1975 1985 

Test #46
2 36 62 69 75 113 133 194 224 238 254 262 264 268 274 307 323 380 383 408 435 500 554 558 697 698 713 726 734 800 841 858 

Test #47
836 1119 1213 1331 1432 1469 1504 1506 1610 1750 1862 1952 1961 1975 1985 2026 

Test #48
812 1349 1432 1504 1685 1750 1911 2117 2142 2235 2317 2365 2369 2407 2408 2424 2428 2454 

Test #49
922 1119 1427 1469 1504 1608 1637 1638 1662 1693 1740 1748 1750 1760 

Test #50
922 1119 1316 1427 1469 1500 1504 1608 1638 1662 1740 1748 1750 1819 1829 

Test #51
836 1119 1213 1432 1469 1498 1504 1664 1750 1837 1975 2010 2022 2026 2041 2047 2089 

Test #52
922 1119 1316 1427 1469 1500 1504 1608 1638 1662 1693 1740 1748 1750 1819 

Test #53
113 528 540 681 706 734 958 972 1095 1113 1119 1122 1154 1155 1168 

Test #54
922 1119 1316 1427 1469 1500 1504 1608 1638 1662 1740 1748 1750 1819 1829 

Test #55
812 1504 1750 1912 2117 2142 2317 2378 2398 2407 2428 2454 2509 2512 2513 2519 2571 

Test #56
466 1135 1213 1432 1504 1750 1811 1891 1911 2117 2142 2178 2205 2235 2252 2317 

Test #57
113 431 540 706 958 1095 1119 1122 1127 1154 1155 1168 1218 1243 

Test #58
19 31 431 521 949 998 1119 1127 1155 1218 1243 1284 1299 

Test #59
466 812 1349 1432 1504 1685 1750 1769 1911 2117 2142 2235 2252 2317 2365 2369 2407 2408 2424 2428 2454 

Test #60
836 1119 1213 1432 1469 1498 1504 1664 1750 1837 1961 1975 2010 2022 2026 2041 2047 2089 

Test #61
113 314 431 528 540 706 958 1095 1119 1122 1127 1154 1155 1168 1218 1243 

Test #62
10 36 62 69 75 113 214 254 262 264 274 307 323 383 435 500 527 554 558 697 698 734 800 841 858 887 914 920 926 

Test #63
10 36 62 69 75 113 214 254 262 264 274 307 323 383 435 500 527 554 558 697 698 734 800 841 858 887 914 920 926 

Test #64
113 211 528 540 681 706 734 958 1095 1119 1122 1154 1155 1168 1218 

Test #65
466 1119 1135 1213 1432 1504 1750 1819 1891 1893 2010 2047 2117 2133 2142 2178 2181 

Test #66
466 1213 1432 1504 1685 1750 1769 1811 1911 2117 2142 2205 2235 2252 2317 2365 2369 

Test #67
113 528 540 681 706 734 958 1095 1119 1122 1154 1155 1168 

Test #68
812 1504 1750 1912 2117 2317 2378 2398 2428 2454 2509 2512 2513 

Test #69
31 172 521 539 927 936 998 1008 1078 1119 1155 1181 1237 1284 1346 1367 

Test #70
1119 1316 1331 1427 1469 1500 1504 1608 1662 1740 1750 1819 1829 1873 

Test #71
1119 1277 1427 1469 1504 1637 

Test #72
19 31 431 521 949 998 1119 1127 1155 1218 1243 1284 1299 

Test #73
31 172 521 539 927 936 998 1008 1078 1119 1155 1181 1237 1284 1346 1367 

Test #74
31 111 172 521 539 927 936 998 1008 1078 1119 1155 1181 1237 1346 1367 

Test #75
19 113 431 540 706 1095 1119 1122 1127 1154 1155 1218 1243 1284 1299 

Test #76
812 1504 1750 1912 2117 2142 2317 2378 2398 2407 2428 2454 2509 2512 2513 2519 2571 

Test #77
31 111 172 521 539 927 936 998 1008 1078 1119 1155 1181 1237 1346 1367 

Test #78
812 1349 1432 1504 1685 1750 1912 2117 2142 2235 2317 2365 2398 2407 2408 2428 2454 2512 2519 

Test #79
466 1119 1135 1213 1432 1504 1617 1750 1811 1891 2117 2142 2178 2181 2205 2235 2236 2252 

Test #80
466 1135 1213 1432 1504 1750 1811 1891 1911 2117 2142 2178 2205 2235 2252 2317 

Test #81
111 829 1119 1277 1367 1423 1427 1469 1476 1487 1504 

Test #82
1119 1277 1427 1469 1504 

Test #83
19 31 172 521 539 927 936 998 1078 1119 1155 1181 1284 1340 1367 

Test #84
1119 1316 1427 1469 1500 1504 1608 1662 1740 1750 1819 1829 

Test #85
812 1349 1504 1685 1750 1912 2117 2142 2317 2378 2398 2407 2428 2454 2512 2513 2519 2571 

Test #86
69 113 264 528 706 734 953 958 972 1095 1113 1119 1122 1154 1155 

Test #87
31 111 172 521 539 927 936 998 1008 1078 1119 1155 1181 1237 1346 1367 

Test #88
15 62 69 75 105 113 264 290 323 383 435 527 655 706 734 800 858 914 920 926 953 958 972 992 997 

Test #89
1119 1234 1277 1427 1469 1504 1637 1662 1664 

Test #90
15 62 69 75 105 113 264 290 323 383 435 527 655 706 734 800 858 914 920 926 953 958 972 992 997 

Test #91
466 1119 1135 1213 1432 1504 1617 1750 1811 1891 2117 2142 2178 2205 2235 2252 2317 

Test #92
836 1119 1213 1432 1469 1498 1504 1664 1750 1837 1975 2010 2022 2026 2041 2047 2089 

Test #93
113 528 540 681 706 734 958 972 1095 1113 1119 1122 1154 1155 1168 

Test #94
466 1432 1504 1685 1750 1769 1911 2117 2142 2235 2252 2317 2365 2369 2407 2408 2417 2424 2428 

Test #95
812 1349 1432 1504 1685 1750 1911 2117 2142 2235 2317 2365 2369 2407 2408 2424 2428 2454 

Test #96
812 1349 1432 1504 1685 1750 1912 2117 2142 2235 2317 2365 2398 2407 2408 2428 2454 2512 2519 

Test #97
836 1119 1213 1331 1432 1469 1504 1506 1610 1750 1862 1952 1961 1975 1985 2026 

Test #98
10 36 62 69 75 113 194 214 224 238 254 262 264 268 274 307 323 383 435 500 554 558 697 698 713 734 800 841 858 887 

Test #99
466 1135 1213 1432 1504 1750 1811 1891 1911 2117 2142 2178 2205 2235 2252 2317 

Test #100
812 1349 1504 1685 1750 1912 2117 2142 2317 2378 2398 2407 2428 2454 2512 2513 2519 2571 

Test #101
1119 1316 1331 1427 1432 1469 1500 1504 1750 1819 1829 1873 

Test #102
113 528 540 681 706 734 958 1095 1119 1122 1154 1155 1168 

Test #103
15 69 75 113 264 323 333 383 528 706 734 953 958 972 992 1095 1113 1119 

Test #104
812 1349 1432 1504 1685 1750 1911 2117 2142 2235 2317 2365 2398 2407 2408 2424 2428 2454 2512 2519 

Test #105
922 1119 1234 1277 1427 1469 1504 1558 1608 1637 1638 1662 1693 1740 1748 1750 1755 

Test #106
1119 1277 1427 1469 1504 

Test #107
466 1119 1135 1213 1432 1504 1617 1750 1811 1891 2117 2142 2178 2205 2235 2236 2252 2317 

Test #108
466 1135 1213 1432 1504 1750 1811 1891 1911 2117 2142 2178 2205 2235 2252 2317 

Test #109
19 31 431 521 540 1119 1127 1155 1218 1243 1284 1299 

Test #110
922 1119 1427 1469 1504 1608 1637 1638 1662 1693 1740 1748 1750 1760 

Test #111
1119 1316 1331 1427 1432 1469 1500 1504 1750 1819 1829 1873 

Test #112
836 1119 1213 1331 1432 1469 1504 1506 1549 1610 1750 1819 1862 1952 1961 1975 1985 

Test #113
812 1349 1432 1504 1685 1750 1912 2117 2142 2235 2317 2365 2398 2407 2408 2428 2454 2512 2519 

Test #114
466 1432 1504 1685 1750 1769 1911 2117 2142 2235 2252 2317 2365 2369 2407 2408 2417 2424 2428 

Test #115
15 62 69 75 105 113 264 290 323 383 435 527 655 706 734 800 858 914 920 926 953 958 972 992 997 

Test #116
466 1119 1135 1213 1432 1504 1617 1750 1811 1891 2117 2142 2178 2205 2235 2236 2252 2317 

Test #117
2138 2543 2615 2682 2718 2736 2740 

Test #118
1119 1277 1427 1469 1504 

Test #119
812 1349 1504 1685 1750 1912 2117 2142 2317 2378 2398 2407 2408 2428 2454 2512 2519 

Test #120
1119 1277 1427 1469 1504 1637 

Test #121
1119 1316 1427 1469 1500 1504 1608 1662 1740 1750 1819 1829 

Test #122
836 1119 1213 1331 1432 1469 1504 1506 1664 1750 1862 1952 1961 1975 2022 2026 2041 2047 

Test #123
10 36 62 69 75 113 214 254 262 264 274 307 323 383 435 500 527 554 558 697 698 734 800 841 858 887 914 920 926 

Test #124
1119 1135 1213 1432 1469 1504 1750 1819 1891 2010 2041 2047 2089 2117 2133 2142 2178 2181 

Test #125
922 1119 1234 1277 1427 1469 1504 1558 1608 1637 1638 1662 1664 1693 

Test #126
812 1504 1750 1912 2117 2142 2317 2378 2398 2407 2428 2454 2509 2512 2513 2519 2571 

Test #127
1119 1316 1331 1427 1432 1469 1500 1504 1549 1750 1819 1829 1862 1873 

Test #128
10 36 62 69 75 113 194 214 254 262 264 268 274 307 323 383 435 500 554 558 697 698 713 734 800 841 858 887 914 

Test #129
812 1504 1750 1912 2117 2317 2378 2398 2428 2454 2509 2512 2513 

Test #130
111 250 829 1119 1277 1367 1423 1427 1469 1476 1487 1504 

Test #131
1504 1750 1912 2317 2378 2454 2509 2512 2513 

Test #132
922 1119 1234 1277 1427 1469 1504 1558 1608 1637 1638 1662 1693 1740 1748 1750 1755 

Test #133
1119 1316 1331 1427 1432 1469 1500 1504 1740 1750 1819 1829 1873 

Test #134
15 62 69 75 113 214 262 264 274 307 323 383 435 500 527 554 655 697 698 734 800 858 887 914 920 926 953 958 

Test #135
111 172 250 539 927 1119 1157 1346 1367 1423 1469 1476 

Test #136
2 36 62 69 75 113 133 194 224 238 254 262 264 268 274 307 323 380 383 408 435 500 554 558 697 698 713 726 734 800 841 858 

Test #137
922 1119 1234 1277 1295 1427 1469 1504 1558 1608 1637 1638 1647 1662 1693 

Test #138
15 62 69 75 105 113 214 264 274 290 307 323 383 435 500 527 554 655 697 698 734 800 858 887 914 920 926 953 958 992 997 

Test #139
466 1135 1213 1432 1504 1750 1811 1891 1911 2117 2142 2178 2205 2235 2252 2317 

Test #140
1119 1135 1213 1432 1469 1504 1750 1819 1891 2010 2041 2047 2089 2117 2133 2142 2178 2181 

Test #141
1119 1316 1331 1427 1432 1469 1500 1504 1549 1750 1819 1829 1862 1873 

Test #142
111 172 250 539 927 1119 1157 1346 1367 1423 1469 1476 

Test #143
31 172 521 539 927 936 998 1008 1078 1119 1155 1181 1237 1284 1346 1367 

Test #144
1119 1234 1277 1427 1469 1504 1637 1662 1664 

Test #145
15 44 62 69 75 105 113 264 290 323 333 383 435 527 706 734 800 953 958 972 992 

Test #146
1119 1277 1427 1469 1504 1637 

Test #147
113 528 540 681 706 734 958 1095 1119 1122 1154 1155 1168 

Test #148
15 62 69 75 105 113 264 290 323 383 435 527 655 706 734 800 858 914 920 926 953 958 972 992 997 

Test #149
466 1213 1432 1504 1685 1750 1769 1811 1911 2117 2142 2205 2235 2252 2317 2365 2369 

Test #150
10 36 62 69 75 113 194 214 254 262 264 268 274 307 323 383 435 500 554 558 697 698 713 734 800 841 858 887 914 

Test #151
1119 1316 1427 1469 1500 1504 1608 1662 1740 1750 1819 1829 

Test #152
31 111 172 521 539 927 936 998 1008 1078 1119 1157 1181 1346 1367 1423 

Test #153
1119 1135 1213 1432 1469 1504 1750 1819 1891 2010 2041 2047 2089 2117 2133 2142 2178 

Test #154
1119 1316 1331 1427 1432 1469 1500 1504 1549 1750 1819 1829 1862 1873 

Test #155
2 36 62 69 105 113 133 194 205 224 238 254 262 268 274 307 323 380 408 500 554 558 685 697 698 713 726 734 800 

Test #156
15 62 69 75 105 113 264 274 290 323 383 435 527 655 697 734 800 858 887 914 920 926 953 958 972 992 997 

Test #157
922 1119 1234 1277 1295 1427 1469 1504 1558 1608 1637 1638 1647 1662 1693 

Test #158
1119 1316 1331 1427 1432 1469 1500 1504 1750 1819 1829 1873 

Test #159
15 44 62 69 75 113 264 323 333 383 706 734 800 953 958 972 992 1095 

Test #160
111 829 1119 1277 1427 1469 1504 

Test #161
812 1504 1750 1912 2117 2142 2317 2378 2398 2407 2428 2454 2509 2512 2513 2519 2571 

Test #162
15 62 69 75 105 113 214 264 274 290 307 323 383 435 500 527 554 655 697 698 734 800 858 887 914 920 926 953 958 992 997 

Test #163
812 1349 1432 1504 1685 1750 1911 2117 2142 2235 2317 2365 2369 2407 2408 2424 2428 2454 

Test #164
1119 1234 1277 1427 1469 1504 1637 1662 1664 

Test #165
15 69 75 113 264 323 333 383 528 706 734 953 958 972 992 1095 1113 1119 

Test #166
15 69 113 264 528 706 734 953 958 972 992 1095 1113 1119 1122 

Test #167
1119 1234 1277 1427 1469 1504 1637 1662 1664 

Test #168
836 1119 1213 1331 1432 1469 1504 1506 1549 1610 1750 1819 1862 1952 1961 1975 1985 

Test #169
19 31 431 521 949 998 1119 1127 1155 1218 1243 1284 1299 

Test #170
113 528 540 681 706 734 958 1095 1119 1122 1154 1155 1168 

Test #171
31 172 521 539 927 936 998 1008 1078 1119 1155 1181 1237 1284 1346 1367 

Test #172
466 1432 1504 1685 1750 1769 1811 1911 2117 2142 2235 2252 2317 2365 2369 2408 2417 

Test #173
922 1119 1316 1427 1469 1500 1504 1608 1638 1662 1693 1740 1748 1750 1819 

Test #174
836 1119 1213 1331 1432 1469 1504 1549 1750 1819 1862 1873 1952 1961 1975 

Test #175
19 31 431 521 540 1119 1127 1155 1218 1243 1284 1299 

Test #176
836 1119 1213 1331 1432 1469 1504 1506 1664 1750 1837 1862 1952 1961 1975 2010 2022 2026 2041 2047 

Test #177
1750 1912 2138 2378 2543 2615 2682 2718 2736 2740 

Test #178
1119 1277 1427 1469 1504 1637 

Test #179
466 1119 1135 1213 1432 1504 1617 1750 1811 1891 2117 2142 2178 2181 2205 2235 2236 2252 

Test #180
466 1135 1213 1432 1504 1750 1811 1891 1911 2117 2142 2178 2205 2235 2252 2317 

Test #181
922 1119 1234 1277 1427 1469 1504 1608 1637 1638 1662 1693 1740 1748 1750 1755 1760 

Test #182
19 113 431 540 706 1095 1119 1122 1127 1154 1155 1218 1243 1284 1299 

Test #183
15 62 69 75 105 113 214 264 274 290 307 323 383 435 500 527 554 655 697 698 734 800 858 887 914 920 926 953 958 992 997 

Test #184
15 69 75 113 264 323 333 383 528 706 734 953 958 972 992 1095 1113 1119 

Test #185
466 1213 1432 1504 1685 1750 1769 1811 1911 2117 2142 2205 2235 2252 2317 2365 2369 

Test #186
15 62 69 75 113 214 262 264 274 307 323 383 435 500 527 554 655 697 698 734 800 858 887 914 920 926 953 958 

Test #187
19 31 431 521 949 998 1119 1127 1155 1218 1243 1284 1299 

Test #188
19 113 431 540 706 1095 1119 1122 1127 1154 1155 1218 1243 1284 1299 

Test #189
836 1119 1213 1432 1469 1498 1504 1664 1750 1837 1961 1975 2010 2022 2026 2041 2047 2089 

Test #190
1119 1277 1427 1469 1504 1637 

Test #191
836 1119 1213 1331 1432 1469 1504 1506 1549 1610 1750 1819 1862 1952 1961 1975 1985 

Test #192
1119 1316 1331 1427 1469 1500 1504 1608 1662 1740 1750 1819 1829 1873 

Test #193
922 1119 1234 1277 1427 1469 1504 1608 1637 1638 1662 1693 1740 1748 1750 1755 1760 

Test #194
922 1119 1234 1277 1427 1469 1504 1558 1608 1637 1638 1647 1662 1664 1693 

Test #195
1504 1750 1912 2317 2378 2513 2634 2682 2701 2718 

Test #196
836 1119 1213 1331 1432 1469 1504 1506 1610 1750 1862 1952 1961 1975 1985 2026 

Test #197
836 1119 1213 1331 1432 1469 1504 1506 1549 1610 1750 1819 1862 1952 1961 1975 1985 

Test #198
111 829 1119 1277 1427 1469 1504 

Test #199
113 314 528 540 706 734 958 1095 1119 1122 1154 1155 1168 1169 1218 

Test #200
812 1349 1432 1504 1685 1750 1911 2117 2142 2235 2317 2365 2398 2407 2408 2424 2428 2454 2512 2519 

Test #201
836 1119 1331 1432 1469 1500 1504 1549 1750 1819 1862 1873 1952 

Test #202
922 1119 1316 1427 1469 1500 1504 1608 1638 1662 1693 1740 1748 1750 1819 

Test #203
836 1119 1213 1432 1469 1498 1504 1664 1750 1837 1975 2010 2022 2026 2041 2047 2089 

Test #204
15 62 69 75 113 214 262 264 274 307 323 383 435 500 527 554 655 697 698 734 800 858 887 914 920 926 953 958 

Test #205
15 62 69 75 105 113 214 264 274 290 307 323 383 435 500 527 554 655 697 698 734 800 858 887 914 920 926 953 958 992 997 

Test #206
812 1504 1750 1912 2117 2142 2317 2378 2398 2407 2428 2454 2509 2512 2513 2519 2571 

Test #207
466 1119 1135 1213 1432 1504 1750 1819 1891 1893 2010 2047 2117 2133 2142 2178 2181 

Test #208
10 36 62 69 75 113 194 214 254 262 264 268 274 307 323 383 435 500 554 558 697 698 713 734 800 841 858 887 914 

Test #209
111 172 250 539 927 1119 1157 1346 1367 1423 1469 1476 

Test #210
922 1119 1234 1277 1427 1469 1504 1558 1608 1637 1638 1662 1664 1693 

Test #211
466 812 1349 1432 1504 1685 1750 1769 1911 2117 2142 2235 2252 2317 2365 2369 2407 2408 2424 2428 2454 

Test #212
466 1213 1432 1504 1685 1750 1769 1811 1911 2117 2142 2205 2235 2252 2317 2365 2369 

Test #213
1119 1135 1213 1432 1469 1504 1750 1819 1837 2010 2041 2047 2089 2117 2133 2142 

Test #214
812 1504 1750 1912 2117 2142 2317 2378 2398 2407 2428 2454 2509 2512 2513 2519 2571 

Test #215
1504 1750 1912 2317 2378 2454 2509 2513 2634 2682 

Test #216
922 1119 1234 1277 1427 1469 1504 1558 1608 1637 1638 1647 1662 1664 1693 

Test #217
2138 2543 2615 2682 2718 2736 2740 

Test #218
113 211 528 540 681 706 734 958 1095 1119 1122 1154 1155 1168 1218 

Test #219
1119 1135 1213 1432 1469 1504 1750 1819 1891 2010 2041 2047 2089 2117 2133 2142 2178 2181 

Test #220
836 1119 1213 1331 1432 1469 1504 1506 1610 1750 1862 1952 1961 1975 1985 2026 

Test #221
836 1119 1213 1331 1432 1469 1504 1506 1549 1610 1750 1819 1862 1952 1961 1975 1985 

Test #222
31 172 521 539 927 936 998 1008 1078 1119 1155 1181 1237 1284 1346 1367 

Test #223
15 69 113 264 528 706 734 953 958 972 992 1095 1113 1119 1122 

Test #224
10 36 62 69 75 113 214 254 262 264 274 307 323 383 435 500 527 554 558 697 698 734 800 841 858 887 914 920 926 

Test #225
466 1119 1135 1213 1432 1504 1750 1891 2047 2117 2142 2178 2181 2205 2235 2236 2252 

Test #226
15 62 69 75 105 113 264 274 290 307 323 383 435 500 527 655 697 734 800 858 887 914 920 926 953 958 972 992 997 

Test #227
836 1119 1213 1432 1469 1498 1504 1664 1750 1837 1975 2010 2022 2026 2041 2047 2089 

Test #228
111 172 250 539 927 1119 1157 1346 1367 1423 1469 1476 

Test #229
922 1119 1234 1277 1427 1469 1504 1558 1608 1637 1638 1662 1693 1740 1748 1750 1755 

Test #230
812 1349 1432 1504 1685 1750 1912 2117 2142 2235 2317 2365 2398 2407 2408 2428 2454 2512 2519 

Test #231
69 113 264 528 706 734 953 958 972 1095 1113 1119 1122 1154 1155 

Test #232
10 36 62 69 75 113 194 214 254 262 264 268 274 307 323 383 435 500 554 558 697 698 713 734 800 841 858 887 914 

Test #233
111 250 829 1119 1277 1367 1423 1427 1469 1476 1487 1504 

Test #234
466 812 1349 1432 1504 1685 1750 1769 1911 2117 2142 2235 2252 2317 2365 2369 2407 2408 2424 2428 2454 

Test #235
15 62 69 75 105 113 264 290 323 383 435 527 655 706 734 800 858 914 920 926 953 958 972 992 997 

Test #236
922 1119 1234 1277 1427 1469 1504 1558 1608 1637 1638 1662 1664 1693 

Test #237
466 1119 1135 1213 1432 1504 1750 1891 1893 2047 2117 2142 2178 2181 2235 2236 

Test #238
466 812 1349 1432 1504 1685 1750 1769 1911 2117 2142 2235 2252 2317 2365 2369 2407 2408 2424 2428 2454 

Test #239
922 1119 1234 1277 1427 1469 1504 1558 1608 1637 1638 1662 1693 1740 1748 1750 1755 

Test #240
10 36 62 69 75 113 194 214 224 238 254 262 264 268 274 307 323 383 435 500 554 558 697 698 713 734 800 841 858 887 

Test #241
19 31 431 521 540 1119 1127 1155 1218 1243 1284 1299 

Test #242
31 111 172 521 539 927 936 998 1008 1078 1119 1155 1181 1237 1346 1367 

Test #243
812 1349 1432 1504 1685 1750 1911 2117 2142 2235 2252 2317 2365 2369 2407 2408 2424 2428 2454 

Test #244
812 1504 1750 1912 2117 2142 2317 2378 2398 2407 2428 2454 2509 2512 2513 2519 2571 

Test #245
113 528 540 681 706 734 958 1095 1119 1122 1154 1155 1168 

Test #246
466 1135 1213 1432 1504 1750 1811 1891 1911 2117 2142 2178 2205 2235 2252 2317 

Test #247
111 829 1119 1277 1367 1423 1427 1469 1476 1487 1504 

Test #248
113 528 540 681 706 734 958 1095 1119 1122 1154 1155 1168 

Test #249
1504 1750 1912 2317 2378 2513 2634 2682 2701 2718 

Test #250
10 36 62 69 75 113 194 214 224 238 254 262 264 268 274 307 323 383 435 500 554 558 697 698 713 734 800 841 858 887 

Test #251
466 1213 1432 1504 1750 1769 1811 1911 2117 2142 2178 2205 2235 2252 2317 2365 2369 

Test #252
1119 1316 1331 1427 1432 1469 1500 1504 1750 1819 1829 1873 

Test #253
111 172 250 539 927 1119 1157 1367 1423 1469 1476 1487 

Test #254
1504 1750 1912 2317 2378 2454 2509 2513 2634 2682 

Test #255
836 1119 1213 1331 1432 1469 1504 1506 1549 1610 1750 1819 1862 1952 1961 1975 1985 

Test #256
10 36 62 69 75 113 194 214 254 262 264 268 274 307 323 383 435 500 554 558 697 698 713 734 800 841 858 887 914 

Test #257
10 36 62 69 75 113 194 214 254 262 264 268 274 307 323 383 435 500 554 558 697 698 713 734 800 841 858 887 914 

Test #258
19 31 431 521 540 1119 1127 1155 1218 1243 1284 1299 

Test #259
829 1119 1277 1427 1469 1504 

Test #260
922 1119 1316 1427 1469 1500 1504 1608 1638 1662 1740 1748 1750 1819 1829 

Test #261
15 62 69 75 105 113 264 290 323 383 435 527 655 706 734 800 858 914 920 926 953 958 972 992 997 

Test #262
1119 1316 1331 1427 1432 1469 1500 1504 1549 1750 1819 1829 1862 1873 

Test #263
1119 1316 1331 1427 1432 1469 1500 1504 1740 1750 1819 1829 1873 

Test #264
922 1119 1234 1277 1427 1469 1504 1558 1608 1637 1638 1647 1662 1664 1693 

Test #265
111 829 1119 1277 1427 1469 1504 

Test #266
836 1119 1213 1432 1469 1504 1664 1750 1819 1837 2010 2022 2026 2041 2047 2089 2133 

Test #267
812 1349 1504 1685 1750 1912 2117 2142 2317 2378 2398 2407 2408 2428 2454 2512 2519 

Test #268
15 62 69 75 105 113 264 274 290 307 323 383 435 500 527 655 697 734 800 858 887 914 920 926 953 958 972 992 997 

Test #269
922 1119 1234 1277 1427 1469 1504 1558 1608 1637 1638 1662 1693 1740 1748 1750 1755 

Test #270
111 250 829 1119 1277 1367 1423 1427 1469 1476 1487 1504 

Test #271
15 44 62 69 75 113 264 323 333 383 706 734 800 953 958 972 992 1095 

Test #272
466 1119 1135 1213 1432 1504 1750 1891 1893 2047 2117 2142 2178 2181 2235 2236 

Test #273
836 1119 1213 1432 1469 1498 1504 1664 1750 1837 1975 2010 2022 2026 2041 2047 2089 

Test #274
1504 1750 1912 2317 2378 2513 2634 2682 2701 2718 

Test #275
836 1119 1213 1331 1432 1469 1504 1506 1549 1610 1750 1862 1952 1961 1975 1985 

Test #276
812 1349 1432 1504 1685 1750 1911 2117 2142 2235 2252 2317 2365 2369 2407 2408 2424 2428 2454 

Test #277
466 1119 1135 1213 1432 1504 1617 1750 1811 1891 2117 2142 2178 2181 2205 2235 2236 2252 

Test #278
1750 1912 2138 2378 2543 2615 2682 2718 2736 2740 

Test #279
2 36 62 69 75 113 133 194 214 224 238 254 262 264 268 274 307 323 383 435 500 554 558 697 698 713 734 800 841 858 

Test #280
1119 1135 1213 1432 1469 1504 1750 1819 1891 2010 2041 2047 2089 2117 2133 2142 2178 2181 

Test #281
2 36 62 69 75 113 133 194 224 238 254 262 264 268 274 307 323 380 383 408 435 500 554 558 697 698 713 726 734 800 841 858 

Test #282
466 1432 1504 1685 1750 1769 1911 2117 2142 2235 2252 2317 2365 2369 2407 2408 2417 2424 2428 

Test #283
113 431 540 706 958 1095 1119 1122 1127 1154 1155 1168 1218 1243 

Test #284
111 172 250 539 927 1119 1157 1367 1423 1469 1476 1487 

Test #285
466 1119 1135 1213 1432 1504 1617 1750 1811 1891 2117 2142 2178 2205 2235 2236 2252 2317 

Test #286
466 812 1349 1432 1504 1685 1750 1769 1911 2117 2142 2235 2252 2317 2365 2369 2407 2408 2424 2428 2454 

Test #287
1119 1277 1427 1469 1504 

Test #288
466 1213 1432 1504 1750 1769 1811 1911 2117 2142 2178 2205 2235 2252 2317 2365 2369 

Test #289
15 62 69 75 113 214 262 264 274 307 323 383 435 500 527 554 655 697 698 734 800 858 887 914 920 926 953 958 

Test #290
466 1213 1432 1504 1750 1769 1811 1911 2117 2142 2178 2205 2235 2252 2317 2365 2369 

Test #291
31 111 172 521 539 927 936 998 1008 1078 1119 1155 1181 1237 1346 1367 

Test #292
113 528 540 681 706 734 958 972 1095 1113 1119 1122 1154 1155 1168 

Test #293
111 172 250 539 927 1119 1157 1346 1367 1423 1469 1476 

Test #294
812 1349 1432 1504 1685 1750 1911 2117 2142 2235 2317 2365 2398 2407 2408 2424 2428 2454 2512 2519 

Test #295
836 1119 1213 1331 1432 1469 1504 1506 1664 1750 1837 1862 1952 1961 1975 2010 2022 2026 2041 2047 

Test #296
1119 1135 1213 1432 1469 1504 1750 1819 1891 2010 2041 2047 2089 2117 2133 2142 2178 2181 

Test #297
922 1119 1316 1427 1469 1500 1504 1608 1638 1662 1693 1740 1748 1750 1819 

Test #298
922 1119 1316 1427 1469 1500 1504 1608 1638 1662 1740 1748 1750 1819 1829 

Test #299
466 1213 1432 1504 1685 1750 1769 1811 1911 2117 2142 2205 2235 2252 2317 2365 2369 

Test #300
1750 1912 2138 2317 2378 2615 2634 2682 2718 2736 

Test #301
812 1349 1432 1504 1685 1750 1912 2117 2142 2235 2317 2365 2398 2407 2408 2428 2454 2512 2519 

Test #302
812 1504 1750 1912 2117 2142 2317 2378 2398 2407 2428 2454 2509 2512 2513 2519 

Test #303
1119 1135 1213 1432 1469 1504 1750 1819 1891 2010 2041 2047 2089 2117 2133 2142 2178 

Test #304
922 1119 1316 1427 1469 1500 1504 1608 1638 1662 1740 1748 1750 1819 1829 

Test #305
812 1349 1504 1685 1750 1912 2117 2142 2317 2378 2398 2407 2408 2428 2454 2512 2519 

Test #306
31 172 521 539 927 936 998 1008 1078 1119 1155 1181 1237 1284 1346 1367 

Test #307
111 250 829 1119 1277 1367 1423 1427 1469 1476 1487 1504 

Test #308
836 1119 1213 1331 1432 1469 1504 1506 1664 1750 1862 1952 1961 1975 2022 2026 2041 2047 

Test #309
19 31 431 521 540 1119 1127 1155 1218 1243 1284 1299 

Test #310
111 829 1119 1277 1367 1423 1427 1469 1476 1487 1504 

Test #311
31 111 172 539 927 936 1119 1157 1346 1367 1423 

Test #312
19 31 431 521 949 998 1119 1127 1155 1218 1243 1284 1299 

Test #313
15 69 113 264 528 706 734 953 958 972 992 1095 1113 1119 1122 

Test #314
1119 1316 1331 1427 1432 1469 1500 1504 1549 1750 1819 1829 1862 1873 

Test #315
836 1119 1213 1331 1432 1469 1504 1506 1549 1610 1750 1862 1952 1961 1975 1985 

Test #316
812 1504 1750 1912 2117 2142 2317 2378 2398 2407 2428 2454 2509 2512 2513 2519 2571 

Test #317
111 829 1119 1277 1427 1469 1504 

Test #318
2138 2543 2615 2682 2718 2736 2740 

Test #319
1119 1135 1213 1432 1469 1504 1750 1819 1891 2010 2041 2047 2089 2117 2133 2142 2178 2181 

Test #320
922 1119 1234 1277 1295 1427 1469 1504 1558 1608 1637 1638 1647 1662 1693 

Test #321
466 1119 1135 1213 1432 1504 1617 1750 1811 1891 2117 2142 2178 2205 2235 2252 2317 

Test #322
1750 1912 2138 2378 2543 2615 2682 2718 2736 2740 

Test #323
836 1119 1213 1331 1432 1469 1504 1506 1664 1750 1862 1952 1961 1975 2022 2026 2041 2047 

Test #324
15 62 69 75 113 214 262 264 274 307 323 383 435 500 527 554 655 697 698 734 800 858 887 914 920 926 953 958 

Test #325
466 1432 1504 1685 1750 1769 1911 2117 2142 2235 2252 2317 2365 2369 2407 2408 2417 2424 2428 

Test #326
19 31 431 521 540 1119 1127 1155 1218 1243 1284 1299 

Test #327
466 1135 1213 1432 1504 1750 1811 1891 1911 2117 2142 2178 2205 2235 2252 2317 

Test #328
31 111 172 521 539 927 936 998 1008 1078 1119 1157 1181 1346 1367 1423 

Test #329
466 1119 1135 1213 1432 1504 1617 1750 1811 1891 2117 2142 2178 2205 2235 2252 2317 

Test #330
1119 1316 1331 1427 1432 1469 1500 1504 1750 1819 1829 1873 

Test #331
19 31 172 521 539 927 936 998 1078 1119 1155 1181 1284 1340 1367 

Test #332
836 1119 1213 1331 1432 1469 1504 1506 1664 1750 1862 1952 1961 1975 2022 2026 2041 2047 

Test #333
922 1119 1234 1277 1427 1469 1504 1558 1608 1637 1638 1662 1693 1740 1748 1750 1755 

Test #334
1504 1750 1912 2317 2378 2454 2509 2513 2634 2682 

Test #335
15 62 69 75 105 113 264 290 323 383 435 527 655 706 734 800 858 914 920 926 953 958 972 992 997 

Test #336
111 829 1119 1277 1367 1423 1427 1469 1476 1487 1504 

Test #337
113 314 431 528 540 706 958 1095 1119 1122 1127 1154 1155 1168 1218 1243 

Test #338
922 1119 1234 1277 1427 1469 1504 1558 1608 1637 1638 1647 1662 1664 1693 

Test #339
1750 1912 2138 2317 2378 2615 2634 2682 2718 2736 

Test #340
922 1119 1234 1277 1427 1469 1504 1608 1637 1638 1662 1693 1740 1748 1750 1755 1760 

Test #341
466 1432 1504 1685 1750 1769 1911 2117 2142 2235 2252 2317 2365 2369 2407 2408 2417 2424 2428 

Test #342
19 31 172 431 521 539 998 1078 1119 1127 1155 1181 1284 1340 

Test #343
466 1119 1135 1213 1432 1504 1750 1891 2047 2117 2142 2178 2181 2205 2235 2236 2252 

Test #344
1504 1750 1912 2317 2378 2513 2634 2682 2701 2718 

Test #345
466 1432 1504 1685 1750 1769 1911 2117 2142 2235 2252 2317 2365 2369 2407 2408 2417 2424 2428 

Test #346
31 111 172 521 539 927 936 998 1008 1078 1119 1157 1181 1346 1367 1423 

Test #347
812 1349 1432 1504 1685 1750 1912 2117 2142 2235 2317 2365 2398 2407 2408 2428 2454 2512 2519 

Test #348
113 211 528 540 681 706 734 958 1095 1119 1122 1154 1155 1168 1218 

Test #349
31 111 172 521 539 927 936 998 1008 1078 1119 1157 1181 1346 1367 1423 

Test #350
1119 1316 1331 1427 1432 1469 1500 1504 1740 1750 1819 1829 1873 

Test #351
836 1119 1213 1432 1469 1498 1504 1664 1750 1837 1961 1975 2010 2022 2026 2041 2047 2089 

Test #352
10 36 62 69 75 113 214 254 262 264 274 307 323 383 435 500 527 554 558 697 698 734 800 841 858 887 914 920 926 

Test #353
1119 1316 1427 1469 1500 1504 1608 1662 1740 1750 1819 1829 

Test #354
19 31 431 521 540 1119 1127 1155 1218 1243 1284 1299 

Test #355
15 44 62 69 75 113 264 323 333 383 706 734 800 953 958 972 992 1095 

Test #356
111 172 250 539 927 1119 1157 1346 1367 1423 1469 1476 

Test #357
922 1119 1316 1427 1469 1500 1504 1608 1638 1662 1693 1740 1748 1750 1819 

Test #358
812 1504 1750 1912 2117 2142 2317 2378 2398 2407 2428 2454 2509 2512 2513 2519 2571 

Test #359
836 1119 1213 1432 1469 1498 1504 1664 1750 1837 1961 1975 2010 2022 2026 2041 2047 2089 

Test #360
19 31 431 521 949 998 1119 1127 1155 1218 1243 1284 1299 

Test #361
922 1119 1234 1277 1295 1427 1469 1504 1558 1608 1637 1638 1647 1662 1693 

Test #362
812 1504 1750 1912 2117 2142 2317 2378 2398 2407 2428 2454 2509 2512 2513 2519 2571 

Test #363
812 1349 1432 1504 1685 1750 1912 2117 2142 2235 2317 2365 2398 2407 2408 2428 2454 2512 2519 

Test #364
1504 1750 1912 2317 2378 2454 2509 2513 2634 2682 

Test #365
812 1349 1432 1504 1685 1750 1911 2117 2142 2235 2317 2365 2398 2407 2408 2424 2428 2454 2512 2519 

Test #366
2138 2543 2615 2682 2718 2736 2740 

Test #367
31 172 521 539 927 936 998 1008 1078 1119 1155 1181 1237 1284 1346 1367 

Test #368
15 62 69 75 113 214 262 264 274 307 323 383 435 500 527 554 655 697 698 734 800 858 887 914 920 926 953 958 

Test #369
922 1119 1234 1277 1427 1469 1504 1558 1608 1637 1638 1662 1664 1693 

Test #370
19 113 431 540 706 1095 1119 1122 1127 1154 1155 1218 1243 1284 1299 

Test #371
1119 1316 1331 1427 1432 1469 1500 1504 1740 1750 1819 1829 1873 

Test #372
19 113 431 540 706 1095 1119 1122 1127 1154 1155 1218 1243 1284 1299 

Test #373
922 1119 1427 1469 1504 1608 1637 1638 1662 1693 1740 1748 1750 1760 

Test #374
19 31 172 431 521 539 998 1078 1119 1127 1155 1181 1284 1340 

Test #375
113 211 528 540 681 706 734 958 1095 1119 1122 1154 1155 1168 1218 

Test #376
31 111 172 539 927 936 1119 1157 1346 1367 1423 

Test #377
836 1119 1331 1432 1469 1500 1504 1549 1750 1819 1862 1873 1952 

Test #378
15 36 62 69 75 113 214 254 262 264 274 307 323 383 435 500 527 554 558 697 698 734 800 858 887 914 920 926 953 958 

Test #379
922 1119 1316 1427 1469 1500 1504 1608 1638 1662 1693 1740 1748 1750 1819 

Test #380
812 1349 1432 1504 1685 1750 1912 2117 2142 2235 2317 2365 2398 2407 2408 2428 2454 2512 2519 

Test #381
836 1119 1213 1331 1432 1469 1504 1506 1549 1610 1750 1819 1862 1952 1961 1975 1985 

Test #382
15 44 62 69 75 105 113 264 290 323 333 383 435 527 706 734 800 953 958 972 992 

Test #383
812 1504 1750 1912 2117 2317 2378 2398 2428 2454 2509 2512 2513 

Test #384
15 44 62 69 75 105 113 264 290 323 333 383 435 527 706 734 800 953 958 972 992 

Test #385
829 1119 1277 1427 1469 1504 

Test #386
10 36 62 69 75 113 194 214 254 262 264 268 274 307 323 383 435 500 554 558 697 698 713 734 800 841 858 887 914 

Test #387
922 1119 1234 1277 1427 1469 1504 1558 1608 1637 1638 1662 1664 1693 

Test #388
812 1504 1750 1912 2117 2142 2317 2378 2398 2407 2428 2454 2509 2512 2513 2519 2571 

Test #389
1504 1750 1912 2317 2378 2513 2634 2682 2701 2718 

Test #390
15 36 62 69 75 113 214 254 262 264 274 307 323 383 435 500 527 554 558 697 698 734 800 858 887 914 920 926 953 958 

Test #391
15 44 62 69 75 113 264 323 333 383 706 734 800 953 958 972 992 1095 

Test #392
1119 1234 1277 1427 1469 1504 1637 1662 1664 

Test #393
1750 1912 2138 2378 2543 2615 2682 2718 2736 2740 

Test #394
2 36 62 69 105 113 133 194 205 224 238 254 262 268 274 307 323 380 408 500 554 558 685 697 698 713 726 734 800 

Test #395
111 829 1119 1277 1367 1423 1427 1469 1476 1487 1504 

Test #396
812 1349 1432 1504 1685 1750 1911 2117 2142 2235 2252 2317 2365 2369 2407 2408 2424 2428 2454 

Test #397
2 36 69 105 113 133 194 205 224 238 254 262 268 307 323 380 408 500 554 558 685 697 713 726 734 744 800 

Test #398
836 1119 1213 1331 1432 1469 1504 1506 1664 1750 1837 1862 1952 1961 1975 2010 2022 2026 2041 2047 

Test #399
812 1504 1750 1912 2117 2142 2317 2378 2398 2407 2428 2454 2509 2512 2513 2519 2571 

Test #400
1119 1277 1427 1469 1504 1637 

Test #401
812 1349 1504 1685 1750 1912 2117 2142 2317 2378 2398 2407 2408 2428 2454 2512 2519 

Test #402
1119 1234 1277 1427 1469 1504 1637 1662 1664 

Test #403
836 1119 1213 1432 1469 1504 1664 1750 1819 1837 2010 2022 2026 2041 2047 2089 2133 

Test #404
111 829 1119 1277 1427 1469 1504 

Test #405
1119 1135 1213 1432 1469 1504 1750 1819 1891 2010 2041 2047 2089 2117 2133 2142 2178 

Test #406
812 1349 1432 1504 1685 1750 1911 2117 2142 2235 2317 2365 2369 2407 2408 2424 2428 2454 

Test #407
1119 1135 1213 1432 1469 1504 1750 1819 1837 2010 2041 2047 2089 2117 2133 2142 

Test #408
19 31 431 521 949 998 1119 1127 1155 1218 1243 1284 1299 

Test #409
812 1504 1750 1912 2117 2142 2317 2378 2398 2407 2428 2454 2509 2512 2513 2519 2571 

Test #410
113 528 540 681 706 734 958 972 1095 1113 1119 1122 1154 1155 1168 

Test #411
15 44 62 69 75 105 113 264 290 323 333 383 435 527 706 734 800 953 958 972 992 

Test #412
922 1119 1316 1427 1469 1500 1504 1608 1638 1662 1693 1740 1748 1750 1819 

Test #413
31 111 172 521 539 927 936 998 1008 1078 1119 1157 1181 1346 1367 1423 

Test #414
10 36 62 69 75 113 194 214 224 238 254 262 264 268 274 307 323 383 435 500 554 558 697 698 713 734 800 841 858 887 

Test #415
836 1119 1213 1331 1432 1469 1504 1506 1610 1750 1862 1952 1961 1975 1985 2026 

Test #416
1119 1135 1213 1432 1469 1504 1750 1819 1891 2010 2041 2047 2089 2117 2133 2142 2178 

Test #417
15 62 69 75 105 113 264 274 290 307 323 383 435 500 527 655 697 734 800 858 887 914 920 926 953 958 972 992 997 

Test #418
10 36 62 69 75 113 214 254 262 264 274 307 323 383 435 500 527 554 558 697 698 734 800 841 858 887 914 920 926 

Test #419
1119 1316 1331 1427 1432 1469 1500 1504 1549 1750 1819 1829 1862 1873 

Test #420
10 36 62 69 75 113 214 254 262 264 274 307 323 383 435 500 527 554 558 697 698 734 800 841 858 887 914 920 926 

Test #421
15 44 62 69 75 105 113 264 290 323 333 383 435 527 706 734 800 953 958 972 992 

Test #422
466 1119 1135 1213 1432 1504 1750 1819 1891 1893 2010 2047 2117 2133 2142 2178 2181 

Test #423
922 1119 1234 1277 1427 1469 1504 1558 1608 1637 1638 1662 1693 1740 1748 1750 1755 

Test #424
15 62 69 75 105 113 214 264 274 290 307 323 383 435 500 527 554 655 697 698 734 800 858 887 914 920 926 953 958 992 997 

Test #425
1119 1135 1213 1432 1469 1504 1750 1819 1891 2010 2041 2047 2089 2117 2133 2142 2178 2181 

Test #426
812 1349 1432 1504 1685 1750 1911 2117 2142 2235 2252 2317 2365 2369 2407 2408 2424 2428 2454 

Test #427
812 1504 1750 1912 2117 2142 2317 2378 2398 2407 2428 2454 2509 2512 2513 2519 2571 

Test #428
1119 1135 1213 1432 1469 1504 1750 1819 1837 2010 2041 2047 2089 2117 2133 2142 

Test #429
922 1119 1234 1277 1427 1469 1504 1558 1608 1637 1638 1662 1693 1740 1748 1750 1755 

Test #430
466 1432 1504 1685 1750 1769 1911 2117 2142 2235 2252 2317 2365 2369 2407 2408 2417 2424 2428 

Test #431
15 62 69 75 105 113 264 274 290 307 323 383 435 500 527 655 697 734 800 858 887 914 920 926 953 958 972 992 997 

Test #432
111 172 250 539 927 1119 1157 1346 1367 1423 1469 1476 

Test #433
19 31 431 521 540 1119 1127 1155 1218 1243 1284 1299 

Test #434
466 1119 1135 1213 1432 1504 1617 1750 1811 1891 2117 2142 2178 2181 2205 2235 2236 2252 

Test #435
1119 1135 1213 1432 1469 1504 1750 1819 1891 2010 2041 2047 2089 2117 2133 2142 2178 2181 

Test #436
812 1504 1750 1912 2117 2142 2317 2378 2398 2407 2428 2454 2509 2512 2513 2519 

Test #437
836 1119 1331 1432 1469 1500 1504 1549 1750 1819 1862 1873 1952 

Test #438
111 829 1119 1277 1427 1469 1504 

Test #439
113 528 540 681 706 734 958 1095 1119 1122 1154 1155 1168 

Test #440
922 1119 1234 1277 1427 1469 1504 1608 1637 1638 1662 1693 1740 1748 1750 1755 1760 

Test #441
1119 1316 1331 1427 1432 1469 1500 1504 1740 1750 1819 1829 1873 

Test #442
31 111 172 521 539 927 936 998 1008 1078 1119 1155 1181 1237 1346 1367 

Test #443
2 36 69 105 113 133 194 205 224 238 254 262 268 307 323 380 408 500 554 558 685 697 713 726 734 744 800 

Test #444
812 1349 1432 1504 1685 1750 1911 2117 2142 2235 2252 2317 2365 2369 2407 2408 2424 2428 2454 

Test #445
111 250 829 1119 1277 1367 1423 1427 1469 1476 1487 1504 

Test #446
836 1119 1213 1331 1432 1469 1504 1506 1549 1610 1750 1819 1862 1952 1961 1975 1985 

Test #447
1119 1316 1427 1469 1500 1504 1608 1662 1740 1750 1819 1829 

Test #448
1119 1234 1277 1427 1469 1504 1637 1662 1664 

Test #449
836 1119 1213 1432 1469 1498 1504 1664 1750 1837 1961 1975 2010 2022 2026 2041 2047 2089 

Test #450
15 36 62 69 75 113 214 254 262 264 274 307 323 383 435 500 527 554 558 697 698 734 800 858 887 914 920 926 953 958 

Test #451
922 1119 1427 1469 1504 1608 1637 1638 1662 1693 1740 1748 1750 1760 

Test #452
466 1119 1135 1213 1432 1504 1617 1750 1811 1891 2117 2142 2178 2205 2235 2236 2252 2317 

Test #453
466 1135 1213 1432 1504 1750 1811 1891 1911 2117 2142 2178 2205 2235 2252 2317 

Test #454
1504 1750 1912 2317 2378 2513 2634 2682 2701 2718 

Test #455
812 1349 1432 1504 1685 1750 1911 2117 2142 2235 2317 2365 2398 2407 2408 2424 2428 2454 2512 2519 

Test #456
922 1119 1234 1277 1427 1469 1504 1558 1608 1637 1638 1647 1662 1664 1693 

Test #457
466 1213 1432 1504 1685 1750 1769 1811 1911 2117 2142 2205 2235 2252 2317 2365 2369 

Test #458
466 1119 1135 1213 1432 1504 1617 1750 1811 1891 2117 2142 2178 2205 2235 2252 2317 

Test #459
15 44 62 69 75 105 113 264 290 323 333 383 435 527 706 734 800 953 958 972 992 

Test #460
19 31 431 521 949 998 1119 1127 1155 1218 1243 1284 1299 

Test #461
1119 1316 1331 1427 1432 1469 1500 1504 1549 1750 1819 1829 1862 1873 

Test #462
113 431 540 706 958 1095 1119 1122 1127 1154 1155 1168 1218 1243 

Test #463
836 1119 1331 1432 1469 1500 1504 1549 1750 1819 1862 1873 1952 

Test #464
466 1213 1432 1504 1685 1750 1769 1811 1911 2117 2142 2205 2235 2252 2317 2365 2369 

Test #465
1504 1750 1912 2317 2378 2513 2634 2682 2701 2718 

Test #466
19 31 172 431 521 539 998 1078 1119 1127 1155 1181 1284 1340 

Test #467
466 1119 1135 1213 1432 1504 1750 1891 2047 2117 2142 2178 2181 2205 2235 2236 2252 

Test #468
1119 1316 1331 1427 1432 1469 1500 1504 1740 1750 1819 1829 1873 

Test #469
836 1119 1213 1331 1432 1469 1504 1506 1664 1750 1837 1862 1952 1961 1975 2010 2022 2026 2041 2047 

Test #470
812 1504 1750 1912 2117 2142 2317 2378 2398 2407 2428 2454 2509 2512 2513 2519 

Test #471
2 36 62 69 75 113 133 194 214 224 238 254 262 264 268 274 307 323 383 435 500 554 558 697 698 713 734 800 841 858 

Test #472
113 528 540 681 706 734 958 972 1095 1113 1119 1122 1154 1155 1168 

Test #473
113 211 528 540 681 706 734 958 1095 1119 1122 1154 1155 1168 1218 

Test #474
2 36 62 69 105 113 133 194 205 224 238 254 262 268 274 307 323 380 408 500 554 558 685 697 698 713 726 734 800 

Test #475
2 36 69 105 113 133 194 205 224 238 254 262 268 307 323 380 408 500 554 558 685 697 713 726 734 744 800 

Test #476
1119 1316 1331 1427 1469 1500 1504 1608 1662 1740 1750 1819 1829 1873 

Test #477
836 1119 1213 1331 1432 1469 1504 1506 1549 1610 1750 1819 1862 1952 1961 1975 1985 

Test #478
1119 1316 1331 1427 1469 1500 1504 1608 1662 1740 1750 1819 1829 1873 

Test #479
1750 1912 2138 2317 2378 2615 2634 2682 2718 2736 

Test #480
19 113 431 540 706 1095 1119 1122 1127 1154 1155 1218 1243 1284 1299 

Test #481
836 1119 1213 1331 1432 1469 1504 1506 1549 1610 1750 1862 1952 1961 1975 1985 

Test #482
922 1119 1234 1277 1427 1469 1504 1558 1608 1637 1638 1647 1662 1664 1693 

Test #483
2 36 69 105 113 133 194 205 224 238 254 262 268 307 323 380 408 500 554 558 685 697 713 726 734 744 800 

Test #484
111 829 1119 1277 1427 1469 1504 

Test #485
1119 1277 1427 1469 1504 1637 

Test #486
812 1349 1432 1504 1685 1750 1911 2117 2142 2235 2252 2317 2365 2369 2407 2408 2424 2428 2454 

Test #487
466 812 1349 1432 1504 1685 1750 1769 1911 2117 2142 2235 2252 2317 2365 2369 2407 2408 2424 2428 2454 

Test #488
113 528 540 681 706 734 958 1095 1119 1122 1154 1155 1168 

Test #489
836 1119 1213 1331 1432 1469 1504 1506 1549 1610 1750 1819 1862 1952 1961 1975 1985 

Test #490
1504 1750 1912 2317 2378 2454 2509 2513 2634 2682 

Test #491
1119 1234 1277 1427 1469 1504 1637 1662 1664 

Test #492
15 69 113 264 528 706 734 953 958 972 992 1095 1113 1119 1122 

Test #493
15 69 113 264 528 706 734 953 958 972 992 1095 1113 1119 1122 

Test #494
2 36 62 69 75 113 133 194 224 238 254 262 264 268 274 307 323 380 383 408 435 500 554 558 697 698 713 726 734 800 841 858 

Test #495
1750 1912 2138 2317 2378 2615 2634 2682 2718 2736 

Test #496
15 44 62 69 75 105 113 264 290 323 333 383 435 527 706 734 800 953 958 972 992 

Test #497
19 31 172 431 521 539 998 1078 1119 1127 1155 1181 1284 1340 

Test #498
1119 1135 1213 1432 1469 1504 1750 1819 1891 2010 2041 2047 2089 2117 2133 2142 2178 2181 

Test #499
836 1119 1213 1432 1469 1498 1504 1664 1750 1837 1975 2010 2022 2026 2041 2047 2089 

Test #500
812 1504 1750 1912 2117 2142 2317 2378 2398 2407 2428 2454 2509 2512 2513 2519 2571 

