Test #1
3656 4660 5043 5353 5507 5569 5644 5858 5951 6256 6494 

Test #2
334 583 896 1223 1970 2013 2490 2691 2720 2883 3287 3819 3860 4188 4264 

Test #3
3799 4660 4763 4816 5043 5230 5507 5951 5962 6070 6074 6081 

Test #4
3799 4660 4798 5043 5230 5507 5569 5858 5951 6256 6281 

Test #5
334 896 2013 2490 2883 3289 3819 3860 4188 4658 4659 4672 4674 4763 4810 

Test #6
26 424 510 613 912 1132 1223 1517 1655 1816 1922 2055 2064 2333 2375 2449 2571 

Test #7
127 1223 1970 2013 2333 2720 3000 3287 3707 3819 3992 4085 

Test #8
26 613 1223 1517 1816 1922 2333 2571 2956 3003 3090 3121 3127 

Test #9
17 26 121 128 273 424 510 912 1132 1223 1517 1580 1655 1816 1911 1922 1931 2055 2064 2091 2149 2212 2224 

Test #10
2013 2490 2883 3860 4659 4660 4763 4810 4883 4906 4939 4940 4952 5020 5043 5059 5088 

Test #11
3656 4660 6256 6727 6803 6837 

Test #12
26 424 510 912 1132 1223 1418 1517 1580 1655 1816 1922 2055 2064 2333 2375 

Test #13
1820 2490 2883 3860 4659 4660 4763 4810 4883 4906 4939 4940 4952 5020 5043 5059 5088 

Test #14
26 424 510 613 912 1132 1223 1517 1655 1816 1922 2055 2064 2333 2375 2449 

Test #15
26 424 613 701 1132 1223 1517 1609 1655 1816 2055 2064 2333 2375 2449 2571 2680 2687 

Test #16
3799 4660 4816 5043 5230 5507 5858 5951 5962 6070 6074 6081 

Test #17
1820 1940 2490 2883 3860 4584 4659 4660 4763 4883 4906 4939 4946 4952 5020 5088 5174 

Test #18
26 127 1223 1405 1756 1970 2241 3000 3289 3707 3801 3819 

Test #19
1820 1940 2490 2883 3860 4659 4660 4763 4883 4906 4939 4952 5020 5059 5088 5174 

Test #20
334 802 896 1223 2013 2490 2883 3289 3819 3860 4188 4454 4639 4658 4659 4672 4674 

Test #21
26 127 1223 1756 1970 2241 3000 3289 3599 3707 3819 3992 

Test #22
3656 4660 5043 5353 5507 5569 5644 5858 5951 6256 6494 

Test #23
26 127 1223 1405 1970 2241 2477 2739 3166 3289 3506 3633 3707 

Test #24
26 683 1223 1405 1970 2241 2739 3166 3289 3422 3506 

Test #25
26 613 1223 2241 2333 2484 2541 2571 3090 3166 3232 3239 3289 

Test #26
3799 4660 4763 4906 4939 5507 5628 5642 5660 

Test #27
26 424 613 701 1184 1223 1517 1655 1816 1922 2055 2333 2571 2612 2680 

Test #28
26 424 613 912 1132 1223 1517 1655 1816 1922 2055 2064 2333 2375 2449 2571 

Test #29
334 802 896 1223 2013 2490 2883 3287 3289 3819 3860 4188 4264 4408 4454 4639 4658 4659 4672 4674 

Test #30
334 2013 2490 2883 3289 3819 3860 4659 4674 4763 4810 4883 4906 4939 4940 

Test #31
334 802 896 1223 2013 2490 2883 3289 3819 3860 4188 4454 4639 4658 4659 4672 4674 

Test #32
334 583 1223 1970 2013 2490 2720 2883 3287 3819 3860 3992 4085 4188 4204 

Test #33
17 26 121 128 273 424 510 912 1132 1223 1517 1580 1655 1816 1911 1922 1931 2055 2064 2091 2149 2212 2224 

Test #34
26 127 1223 1405 1590 1756 1970 2241 3000 3289 3633 3707 3801 3819 

Test #35
26 683 1223 1405 1970 2241 2739 3166 3289 3422 3506 

Test #36
2013 2490 2883 3819 3860 4659 4660 4763 4810 4883 4906 4939 4940 4952 5003 5020 5043 

Test #37
334 896 1223 2013 2490 2691 2720 2883 3287 3289 3819 3860 4188 4264 4334 

Test #38
2454 4660 4763 4883 4906 4939 4952 5386 5473 5477 5507 

Test #39
3799 4660 5043 5230 5507 5569 5858 5951 5962 6074 

Test #40
334 802 896 1223 2013 2490 2720 2883 3287 3289 3819 3860 4188 4264 4334 4408 4454 

Test #41
26 1223 1405 1970 2241 2739 3166 3289 3422 3506 3561 3633 

Test #42
3799 4660 4763 4816 4906 5043 5230 5507 5642 5816 5962 

Test #43
334 802 896 1223 2013 2490 2883 3289 3819 3860 4188 4639 4658 4659 4672 4674 4763 

Test #44
3656 4660 5569 5858 6256 6494 6727 

Test #45
4660 4798 5043 5230 5353 5507 5569 5644 5858 5951 6256 6317 6442 

Test #46
2454 4660 4763 4883 4906 4939 4952 5386 5473 5477 

Test #47
3536 3799 4660 4763 4816 4906 5043 5230 5507 5642 5816 

Test #48
334 802 896 1223 2013 2490 2720 2883 3287 3289 3819 3860 4188 4264 4408 4454 4590 

Test #49
26 424 510 912 1132 1223 1418 1517 1580 1655 1816 1922 2055 2064 2333 2375 

Test #50
26 127 1223 1970 2013 2333 3000 3287 3707 3819 3992 4085 

Test #51
26 121 128 273 424 510 912 1132 1223 1517 1580 1655 1816 1911 1922 2055 2064 2091 2149 2212 2224 

Test #52
334 583 896 1223 1970 2013 2490 2691 2720 2883 3287 3819 3860 4188 4264 

Test #53
26 1223 1405 1970 2241 2739 3166 3289 3422 3506 3633 

Test #54
26 127 1223 1405 1756 1970 2241 3000 3289 3707 3801 3819 

Test #55
3799 3867 4660 4763 4906 4939 5230 5507 5628 5642 5660 5794 

Test #56
334 2013 2490 2883 3289 3819 3860 4659 4674 4763 4810 4883 4906 4939 4940 

Test #57
26 424 510 613 912 1132 1223 1517 1655 1816 1922 2055 2064 2333 2375 2449 

Test #58
3656 4660 5043 5353 5507 5569 5644 5858 5951 6256 6494 

Test #59
2454 4660 4763 4883 4906 4939 4952 5386 5473 5477 5507 

Test #60
1820 1940 2490 2883 3860 4659 4660 4763 4883 4906 4939 4952 5020 5059 5088 5174 

Test #61
334 802 896 1223 2013 2490 2720 2883 3287 3289 3819 3860 4188 4264 4334 4408 4454 

Test #62
26 613 1223 1517 1816 2241 2333 2484 2571 3003 3090 3121 3127 3166 

Test #63
26 273 424 510 912 1132 1223 1418 1517 1580 1655 1816 1911 1922 2055 2064 2333 

Test #64
334 802 896 1223 2013 2490 2883 3289 3819 3860 4188 4454 4639 4658 4659 4672 4674 

Test #65
2013 2490 2883 3819 3860 4659 4660 4763 4810 4883 4906 4939 4940 4952 5003 5020 5043 

Test #66
26 127 1223 1405 1590 1756 1970 2241 3000 3289 3633 3707 3801 3819 

Test #67
26 424 613 701 1132 1223 1517 1609 1655 1816 2055 2064 2333 2375 2449 2571 2680 2687 

Test #68
26 273 424 510 912 1132 1223 1418 1517 1580 1655 1816 1911 1922 2055 2064 2333 

Test #69
26 424 510 912 1132 1223 1418 1517 1580 1655 1816 1922 2055 2064 2333 2375 

Test #70
3656 4660 5569 5858 6256 6494 6727 

Test #71
334 896 2013 2490 2883 3289 3819 3860 4188 4658 4659 4672 4674 4763 4810 

Test #72
26 127 1223 1756 1970 2241 3000 3289 3599 3707 3819 3992 

Test #73
3799 3867 4660 4763 4906 4939 5230 5507 5628 5642 5660 

Test #74
26 424 510 613 912 1132 1223 1517 1655 1816 1922 2055 2064 2333 2375 2449 2571 

Test #75
26 1223 1405 1970 2241 2739 3166 3289 3422 3506 3633 

Test #76
2013 2490 2883 3860 4659 4660 4763 4810 4883 4906 4939 4940 4952 5020 5043 5059 5088 

Test #77
3032 3799 4660 4763 4816 5043 5230 5507 5642 5951 5962 

Test #78
26 424 510 613 912 1132 1223 1517 1655 1816 1922 2055 2064 2333 2375 2449 2571 

Test #79
26 424 613 701 1132 1223 1517 1655 1816 1922 2055 2064 2333 2375 2449 2571 2680 2687 

Test #80
3799 4660 4798 5043 5230 5507 5569 5858 5951 6256 6281 

Test #81
334 802 896 1223 2013 2016 2490 2720 2883 3287 3289 3819 3860 4188 4264 4408 4454 4590 4639 

Test #82
26 424 613 832 1223 1517 1655 1816 1922 2055 2333 2571 2956 

Test #83
26 1223 1405 1970 2241 2739 3166 3289 3422 3506 3561 

Test #84
3799 4660 4798 5043 5230 5507 5569 5858 5951 6256 6281 

Test #85
334 896 2013 2490 2883 3289 3819 3860 4188 4658 4659 4672 4674 4763 4810 

Test #86
26 273 424 510 912 1132 1223 1418 1517 1580 1655 1816 1911 1922 2055 2064 2333 

Test #87
127 1223 1970 2013 2333 2720 3000 3287 3707 3819 3992 4085 

Test #88
1940 2488 3339 3590 4660 4763 4883 4906 4939 4946 5174 

Test #89
3656 4660 6256 6727 6803 6837 

Test #90
26 424 510 613 912 1132 1223 1517 1655 1816 1922 2055 2064 2333 2375 2449 2571 

Test #91
26 683 1029 1223 1405 1814 1888 2241 2484 2541 3090 3166 3232 3289 

Test #92
334 896 1223 1970 2013 2490 2691 2720 2883 3287 3289 3819 3860 4188 4264 4334 

Test #93
26 127 1223 1405 1970 2241 2477 2739 3166 3289 3506 3633 3707 

Test #94
26 127 1223 1405 1970 2241 2477 2739 3166 3289 3506 3633 3707 

Test #95
17 26 121 128 273 424 510 541 706 836 877 912 1132 1317 1418 1517 1540 1553 1580 1655 1816 1911 1922 1931 2055 2064 2091 

Test #96
3656 4660 5043 5353 5507 5569 5644 6256 6494 

Test #97
4660 4763 4883 4906 4939 4952 5174 5386 

Test #98
26 424 613 912 1132 1223 1517 1655 1816 1922 2055 2064 2333 2375 2449 2571 

Test #99
3656 4660 6256 6727 6803 6837 

Test #100
3799 3867 4660 4763 4906 4939 5230 5507 5628 5642 5660 5794 

Test #101
26 424 510 613 912 1132 1223 1517 1655 1816 1922 2055 2064 2333 2375 

Test #102
334 802 896 1223 2013 2016 2490 2720 2883 3287 3289 3819 3860 4188 4264 4408 4454 4590 4639 

Test #103
26 424 613 701 1132 1223 1517 1609 1655 1816 2055 2064 2333 2375 2449 2571 2680 2687 

Test #104
3799 4660 4816 5043 5230 5507 5858 5951 5962 6070 6074 6081 

Test #105
1820 1940 2490 2883 3860 4659 4660 4763 4883 4906 4939 4952 5020 5059 5088 5174 

Test #106
334 896 1223 2013 2490 2691 2720 2883 3287 3289 3819 3860 4188 4264 4334 

Test #107
334 583 896 1223 1970 2013 2490 2691 2720 2883 3287 3819 3860 4188 4264 

Test #108
127 1223 1970 2013 2333 2720 3000 3287 3707 3819 3992 4085 

Test #109
334 2013 2490 2883 3289 3819 3860 4659 4674 4763 4810 4883 4906 4939 4940 

Test #110
334 896 2013 2490 2883 3289 3819 3860 4188 4658 4659 4674 4763 4810 

Test #111
26 683 1029 1223 1405 1814 1888 1970 2241 2484 3166 3289 3422 

Test #112
26 424 510 613 912 1132 1223 1517 1655 1816 1922 2055 2064 2333 2375 2449 

Test #113
3799 3867 4660 4763 4906 4939 5230 5507 5628 5642 5660 

Test #114
334 2013 2490 2883 3289 3819 3860 4659 4674 4763 4810 4883 4906 4939 4940 

Test #115
3656 4660 5043 5353 5507 5569 5644 6256 6494 

Test #116
26 683 1029 1223 1405 1814 1888 1970 2241 2484 3166 3289 3422 

Test #117
1820 1940 2490 2883 3860 4584 4659 4660 4763 4883 4906 4939 4946 4952 5020 5088 5174 

Test #118
26 127 1223 1405 1590 1970 2241 2477 3000 3289 3633 3707 

Test #119
3656 4660 5043 5353 5569 5644 5858 6256 6494 

Test #120
2013 2490 2883 3819 3860 4659 4660 4763 4810 4883 4906 4939 4940 4952 5003 5020 5043 

Test #121
334 583 1223 1970 2013 2490 2720 2883 3287 3819 3860 3992 4085 4188 4204 

Test #122
26 613 1223 1517 1816 1922 2333 2571 2956 3003 3090 3121 3127 

Test #123
26 424 510 912 1132 1223 1418 1517 1580 1655 1816 1922 2055 2064 2333 2375 

Test #124
3799 3867 4660 4763 4906 5230 5507 5628 5642 5794 5816 

Test #125
334 802 896 1223 2013 2490 2883 3289 3819 3860 4188 4454 4639 4658 4659 4672 4674 

Test #126
26 273 424 510 912 1132 1223 1418 1517 1580 1655 1816 1911 1922 2055 2064 2333 

Test #127
2454 4660 4763 4883 4906 4939 4952 5386 5473 5477 5507 

Test #128
26 613 1223 1517 1816 2241 2333 2484 2571 3003 3090 3121 3127 3166 

Test #129
26 424 613 832 1223 1517 1655 1816 1922 2055 2333 2571 2956 

Test #130
1940 2488 3339 3590 4660 4763 4883 4906 4939 4946 5174 

Test #131
3656 4660 5858 6256 6727 6803 6804 6837 

Test #132
26 1029 1223 1405 1888 2241 2484 2541 2571 3090 3166 3232 3289 

Test #133
26 424 613 832 1223 1517 1655 1816 1922 2055 2333 2571 2956 

Test #134
26 424 510 613 912 1132 1223 1517 1655 1816 1922 2055 2064 2333 2375 2449 

Test #135
26 424 510 613 912 1132 1223 1517 1655 1816 1922 2055 2064 2333 2375 

Test #136
3799 4660 4763 4816 5043 5230 5507 5951 5962 6070 6074 6081 

Test #137
334 896 2013 2490 2883 3289 3819 3860 4188 4658 4659 4672 4674 4763 4810 

Test #138
334 802 896 1223 2013 2490 2720 2883 3287 3289 3819 3860 4188 4264 4408 4454 4590 

Test #139
26 613 1223 1517 1816 2241 2333 2484 2541 2571 3003 3090 3121 3166 3232 3239 

Test #140
26 424 613 701 1132 1223 1517 1609 1655 1816 2055 2064 2333 2375 2449 2571 2680 2687 

Test #141
26 424 510 912 1132 1223 1418 1517 1580 1655 1816 1922 2055 2064 2333 2375 

Test #142
334 802 896 1223 2013 2490 2720 2883 3287 3289 3819 3860 4188 4264 4408 4454 4590 

Test #143
26 613 1223 1517 1816 1922 2333 2571 2956 3003 3090 3121 3127 

Test #144
3799 4660 4763 4816 5043 5230 5507 5951 5962 6070 6074 6081 

Test #145
26 424 510 613 912 1132 1223 1517 1655 1816 1922 2055 2064 2333 2375 2449 

Test #146
26 424 613 701 1132 1223 1517 1609 1655 1816 2055 2064 2333 2375 2449 2571 2680 2687 

Test #147
26 424 613 912 1132 1223 1517 1655 1816 1922 2055 2064 2333 2375 2449 2571 

Test #148
2454 3799 4660 4763 4883 4906 4939 4952 5386 5507 

Test #149
334 896 1223 2013 2490 2691 2720 2883 3287 3289 3819 3860 4188 4264 4334 4408 

Test #150
26 273 424 510 912 1132 1223 1418 1517 1580 1655 1816 1911 1922 2055 2064 2333 

Test #151
26 1223 1405 1970 2241 2739 3166 3289 3422 3506 3633 

Test #152
3656 4660 4798 5043 5353 5507 5569 5644 5858 5951 6256 6494 

Test #153
26 1029 1223 1405 1888 2241 2484 2541 2571 3090 3166 3232 3289 

Test #154
26 127 1223 1405 1756 1970 2241 3000 3289 3599 3707 3801 3819 

Test #155
1940 3590 4660 4763 4883 4906 4939 4952 5174 5386 

Test #156
3799 4660 4763 4816 4906 5043 5230 5507 5642 5816 5962 

Test #157
334 583 896 1223 1970 2013 2490 2691 2720 2883 3287 3819 3860 4188 4264 

Test #158
26 127 1223 1405 1590 1756 1970 2241 3000 3289 3633 3707 3801 3819 

Test #159
17 26 121 128 273 424 510 541 706 877 912 1132 1223 1317 1517 1540 1553 1580 1655 1816 1911 1922 1931 2055 2064 2091 2149 

Test #160
1820 2490 2883 3860 4659 4660 4763 4810 4883 4906 4939 4940 4952 5020 5043 5059 5088 

Test #161
17 26 121 128 273 424 510 877 912 1132 1223 1517 1580 1655 1816 1911 1922 1931 2055 2064 2091 2149 

Test #162
3724 5962 6256 6803 6837 

Test #163
3799 4382 4660 4798 5043 5230 5353 5507 5569 5858 5951 6256 6281 6317 

Test #164
26 613 1223 1517 1816 1922 2333 2571 2956 3003 3090 

Test #165
26 273 424 510 912 1132 1223 1418 1517 1580 1655 1816 1911 1922 2055 2064 2333 

Test #166
3656 4660 5043 5353 5569 5644 5858 6256 6494 

Test #167
17 26 121 128 273 424 510 541 706 836 877 912 1132 1317 1418 1517 1540 1553 1580 1655 1816 1911 1922 1931 2055 2064 2091 

Test #168
1820 2490 2883 3860 4659 4660 4763 4810 4883 4906 4939 4940 4952 5020 5043 5059 5088 

Test #169
334 583 1223 1970 2013 2490 2720 2883 3287 3819 3860 3992 4085 4188 4204 

Test #170
26 613 1223 1517 1816 2241 2333 2484 2571 3003 3090 3121 3127 3166 

Test #171
3799 4660 4763 4906 4939 5507 5628 5642 5660 

Test #172
334 802 896 1223 2013 2490 2720 2883 3287 3289 3819 3860 4188 4264 4408 4454 4590 

Test #173
3799 3867 4660 4763 4906 4939 5230 5507 5628 5642 5660 5794 

Test #174
3656 4660 5043 5353 5569 5644 5858 6256 6494 

Test #175
26 127 1223 1405 1970 2241 2477 2739 3166 3289 3506 3633 3707 

Test #176
3799 4660 5043 5230 5569 5858 5951 5962 

Test #177
26 424 510 912 1132 1223 1418 1517 1580 1655 1816 1922 2055 2064 2333 2375 

Test #178
334 583 1223 1970 2013 2490 2720 2883 3287 3819 3860 3992 4085 4188 4204 

Test #179
334 896 2013 2490 2883 3289 3819 3860 4188 4658 4659 4672 4674 4763 4810 

Test #180
334 802 896 1223 2013 2490 2883 3287 3289 3819 3860 4188 4264 4408 4454 4639 4658 4659 4672 4674 

Test #181
334 802 896 1223 2013 2490 2720 2883 3287 3289 3819 3860 4188 4264 4334 4408 4454 

Test #182
3799 4382 4660 4798 5043 5230 5353 5507 5569 5858 5951 6256 6281 6317 

Test #183
334 583 1223 1970 2013 2490 2720 2883 3287 3819 3860 3992 4085 4188 4204 

Test #184
3799 3867 4660 4763 4906 4939 5230 5507 5628 5642 5660 5794 

Test #185
26 1029 1223 1405 1888 2241 2484 2541 2571 3090 3166 3232 3289 

Test #186
26 424 510 613 912 1132 1223 1517 1655 1816 1922 2055 2064 2333 2375 2449 2571 

Test #187
334 896 2013 2490 2883 3289 3819 3860 4188 4658 4659 4672 4674 4763 4810 

Test #188
2454 4660 4763 4883 4906 4939 4952 5386 5473 5477 5507 

Test #189
334 896 1223 2013 2490 2691 2720 2883 3287 3289 3819 3860 4188 4264 4334 

Test #190
334 2013 2490 2883 3289 3819 3860 4659 4674 4763 4810 4883 4906 4939 4940 

Test #191
26 1223 1405 1970 2241 2739 3166 3289 3422 3506 3561 

Test #192
334 802 896 1223 2013 2490 2720 2883 3287 3289 3819 3860 4188 4264 4334 4408 4454 

Test #193
334 802 896 1223 2013 2490 2883 3289 3819 3860 4188 4639 4658 4659 4672 4674 4763 

Test #194
26 424 613 701 1184 1223 1517 1655 1816 1922 2055 2333 2571 2612 2680 

Test #195
4660 4763 4883 4906 4939 4952 5174 5386 

Test #196
1820 2490 2883 3860 4659 4660 4763 4810 4883 4906 4939 4940 4952 5020 5043 5059 5088 

Test #197
26 424 510 613 912 1132 1223 1517 1655 1816 1922 2055 2064 2333 2375 2449 2571 

Test #198
2454 4660 4763 4883 4906 4939 4952 5386 5473 5477 

Test #199
26 613 1223 1517 1816 2241 2333 2484 2571 3003 3090 3121 3127 3166 

Test #200
334 802 896 1223 2013 2490 2883 3289 3819 3860 4188 4639 4658 4659 4672 4674 4763 

Test #201
3656 4660 4798 5043 5353 5507 5569 5644 5858 5951 6256 6494 

Test #202
3656 4660 6256 6727 6803 6837 

Test #203
26 424 510 613 912 1132 1223 1517 1655 1816 1922 2055 2064 2333 2375 

Test #204
1940 2488 3339 3590 4660 4763 4883 4906 4939 4946 5174 

Test #205
3656 4660 4798 5043 5353 5507 5569 5644 5858 5951 6256 6494 

Test #206
26 127 1223 1756 1970 2013 2241 3000 3289 3707 3819 3992 

Test #207
334 802 896 1223 2013 2490 2720 2883 3287 3289 3819 3860 4188 4264 4334 4408 4454 

Test #208
3656 4660 5569 5858 6256 6494 6727 

Test #209
3799 4660 5043 5230 5569 5858 5951 5962 

Test #210
26 121 128 273 424 510 912 1132 1223 1517 1580 1655 1816 1911 1922 2055 2064 2091 2149 2212 2224 

Test #211
334 802 896 1223 2013 2490 2720 2883 3287 3289 3819 3860 4188 4264 4334 4408 4454 

Test #212
26 1223 1405 1970 2241 2739 3166 3289 3422 3506 3633 

Test #213
3656 4660 5043 5353 5507 5569 5644 6256 6494 

Test #214
3656 4660 5043 5353 5507 5569 5644 6256 6494 

Test #215
26 424 510 613 912 1132 1223 1517 1655 1816 1922 2055 2064 2333 2375 2449 

Test #216
26 424 613 701 832 1184 1223 1517 1655 1816 1922 2055 2333 2571 2612 

Test #217
17 26 121 128 273 424 510 912 1132 1223 1517 1580 1655 1816 1911 1922 1931 2055 2064 2091 2149 2212 2224 

Test #218
1940 2488 3339 3590 4660 4763 4883 4906 4939 4946 5174 

Test #219
3799 4660 4798 5043 5230 5507 5569 5858 5951 6256 6281 6317 

Test #220
334 802 896 1223 2013 2490 2720 2883 3287 3289 3819 3860 4188 4264 4334 4408 4454 

Test #221
26 613 1223 1517 1816 2241 2333 2484 2571 3003 3090 3121 3127 3166 

Test #222
26 424 613 701 832 1184 1223 1517 1655 1816 1922 2055 2333 2571 2612 

Test #223
3724 5962 6256 6803 6837 

Test #224
3536 3799 4660 4763 4816 4906 5043 5230 5507 5642 5816 

Test #225
26 127 1223 1405 1590 1970 2241 2477 3000 3289 3633 3707 

Test #226
1940 2488 2490 2883 3339 3590 3860 4660 4763 4883 4906 4939 4946 5020 5088 5174 

Test #227
26 127 1223 1970 2013 2333 3000 3287 3707 3819 3992 4085 

Test #228
334 583 896 1223 1970 2013 2490 2691 2720 2883 3287 3819 3860 4188 4264 

Test #229
26 1223 1405 1970 2241 2739 3166 3289 3422 3506 3633 

Test #230
1940 2488 2490 2883 3339 3590 3860 4660 4763 4883 4906 4939 4946 5020 5088 5174 

Test #231
17 26 121 128 273 424 510 541 706 836 877 912 1132 1317 1418 1517 1540 1553 1580 1655 1816 1911 1922 1931 2055 2064 2091 

Test #232
26 613 1223 2241 2333 2484 2541 2571 3090 3166 3232 3239 3289 

Test #233
2013 2490 2883 3860 4659 4660 4763 4810 4883 4906 4939 4940 4952 5020 5043 5059 5088 

Test #234
26 424 510 912 1132 1223 1418 1517 1580 1655 1816 1922 2055 2064 2333 2375 

Test #235
3656 4660 5043 5353 5507 5569 5644 5858 5951 6256 6494 

Test #236
334 802 896 1223 2013 2490 2720 2883 3287 3289 3819 3860 4188 4264 4408 4454 4590 

Test #237
334 896 1223 2013 2490 2691 2720 2883 3287 3289 3819 3860 4188 4264 4334 

Test #238
26 127 1223 1756 1970 2013 2241 3000 3289 3707 3819 3992 

Test #239
334 583 896 1223 1970 2013 2490 2691 2720 2883 3287 3819 3860 4188 4264 

Test #240
26 683 1223 1405 1970 2241 2739 3166 3289 3422 3506 

Test #241
334 583 896 1223 1970 2013 2490 2691 2720 2883 3287 3819 3860 4188 4264 

Test #242
3656 4660 5569 5858 6256 6494 6727 

Test #243
1820 1940 2490 2883 3860 4584 4659 4660 4763 4883 4906 4939 4946 4952 5020 5088 5174 

Test #244
26 127 1223 1405 1590 1756 1970 2241 3000 3289 3633 3707 3801 3819 

Test #245
3799 4660 4798 5043 5230 5507 5569 5858 5951 6256 6281 6317 

Test #246
3799 4660 4763 4883 4906 4939 4952 5507 5628 5642 

Test #247
334 802 896 1223 2013 2490 2883 3289 3819 3860 4188 4639 4658 4659 4672 4674 4763 

Test #248
3656 4660 4798 5043 5353 5507 5569 5644 5858 5951 6256 6494 

Test #249
26 127 1223 1756 1970 2241 3000 3289 3599 3707 3819 3992 

Test #250
127 1223 1970 2013 2333 2720 3000 3287 3707 3819 3992 4085 

Test #251
26 127 1223 1405 1756 1970 2241 3000 3289 3599 3707 3801 3819 

Test #252
1820 2490 2883 3860 4659 4660 4763 4810 4883 4906 4939 4940 4952 5020 5043 5059 5088 

Test #253
334 2013 2490 2883 3819 3860 4659 4763 4810 4883 4906 4939 4940 4952 4975 

Test #254
26 127 1223 1405 1756 1970 2241 3000 3289 3599 3707 3801 3819 

Test #255
26 127 1223 1756 1970 2241 3000 3289 3599 3707 3819 3992 

Test #256
3656 4660 5043 5353 5507 5569 5644 6256 6494 

Test #257
17 26 121 128 273 424 510 541 706 877 912 1132 1223 1317 1517 1540 1553 1580 1655 1816 1911 1922 1931 2055 2064 2091 2149 

Test #258
3799 4660 4763 4816 5043 5230 5507 5951 5962 6070 6074 6081 

Test #259
26 127 1223 1405 1756 1970 2241 3000 3289 3599 3707 3801 3819 

Test #260
26 127 1223 1405 1590 1756 1970 2241 3000 3289 3633 3707 3801 3819 

Test #261
334 583 896 1223 1970 2013 2490 2691 2720 2883 3287 3819 3860 4188 4264 

Test #262
26 127 1223 1405 1756 1970 2241 3000 3289 3599 3707 3801 3819 

Test #263
2013 2490 2883 3860 4659 4660 4763 4810 4883 4906 4939 4940 4952 5020 5043 5059 5088 

Test #264
26 424 510 912 1132 1223 1418 1517 1580 1655 1816 1922 2055 2064 2333 2375 

Test #265
334 583 896 1223 1970 2013 2490 2691 2720 2883 3287 3819 3860 4188 4264 

Test #266
334 802 896 1223 2013 2490 2720 2883 3287 3289 3819 3860 4188 4264 4408 4454 4590 

Test #267
334 896 2013 2490 2883 3289 3819 3860 4188 4658 4659 4672 4674 4763 4810 

Test #268
3656 4660 5043 5353 5507 5569 5644 5858 5951 6256 6494 

Test #269
3656 4660 4798 5043 5353 5507 5569 5644 5858 5951 6256 6494 

Test #270
17 26 121 128 273 424 510 877 912 1132 1223 1517 1580 1655 1816 1911 1922 1931 2055 2064 2091 2149 

Test #271
26 613 1223 1517 1816 1922 2333 2571 2956 3003 3090 3121 3127 

Test #272
26 127 1223 1405 1590 1970 2241 2477 3000 3289 3633 3707 

Test #273
3656 4660 5858 6256 6727 6803 6804 6837 

Test #274
3799 4660 5043 5230 5569 5858 5951 5962 

Test #275
3799 4660 4763 4883 4906 4939 4952 5507 5628 5642 

Test #276
3799 4660 5043 5230 5507 5569 5858 5951 5962 6074 

Test #277
334 896 2013 2490 2883 3289 3819 3860 4188 4658 4659 4674 4763 4810 

Test #278
26 613 1029 1223 1405 1888 2241 2484 2541 2571 3090 3166 3232 3239 3289 

Test #279
3799 4660 4763 4883 4906 4939 4952 5507 5628 5642 

Test #280
3656 4660 5569 5858 6256 6494 6727 

Test #281
1940 2488 3339 3590 4660 4763 4883 4906 4939 4946 5174 

Test #282
26 424 510 613 912 1132 1223 1517 1655 1816 1922 2055 2064 2333 2375 2449 2571 

Test #283
334 802 896 1223 2013 2490 2883 3289 3819 3860 4188 4639 4658 4659 4672 4674 4763 

Test #284
26 613 1029 1223 1405 1888 2241 2484 2541 2571 3090 3166 3232 3239 3289 

Test #285
334 896 1223 2013 2490 2691 2720 2883 3287 3289 3819 3860 4188 4264 4334 

Test #286
3656 4660 5569 5858 6256 6494 6727 

Test #287
26 424 613 701 832 1184 1223 1517 1655 1816 1922 2055 2333 2571 2612 

Test #288
334 802 896 1223 2013 2490 2720 2883 3287 3289 3819 3860 4188 4264 4334 4408 4454 

Test #289
3536 3799 3867 4660 4763 4816 4906 5230 5507 5642 5816 

Test #290
334 896 2013 2490 2883 3289 3819 3860 4188 4658 4659 4672 4674 4763 4810 

Test #291
3799 4660 5043 5230 5569 5858 5951 5962 

Test #292
26 613 1223 1517 1816 1922 2333 2571 2956 3003 3090 

Test #293
3656 4660 5043 5353 5507 5569 5644 6256 6494 

Test #294
334 896 1223 1970 2013 2490 2691 2720 2883 3287 3289 3819 3860 4188 4264 4334 

Test #295
26 683 1029 1223 1405 1814 1888 2241 2484 2541 3090 3166 3232 3289 

Test #296
26 127 1223 1405 1756 1970 2241 3000 3289 3707 3801 3819 

Test #297
3656 4660 5569 5858 6256 6494 6727 

Test #298
3799 4660 4816 5043 5230 5507 5858 5951 5962 6070 6074 6081 

Test #299
26 683 1029 1223 1405 1814 1888 1970 2241 2484 3166 3289 3422 

Test #300
3799 4660 4798 5043 5230 5507 5569 5858 5951 6256 6281 6317 

Test #301
3799 4660 5043 5230 5507 5569 5858 5951 5962 6074 

Test #302
334 802 896 1223 2013 2490 2720 2883 3287 3289 3819 3860 4188 4264 4334 4408 4454 

Test #303
26 613 832 1223 1517 1655 1816 1922 2055 2333 2571 2956 3003 

Test #304
3032 3799 4660 4763 4816 5043 5230 5507 5642 5951 5962 

Test #305
26 1223 1405 1970 2241 2739 3166 3289 3422 3506 3633 

Test #306
3656 4660 4798 5043 5353 5507 5569 5644 5858 5951 6256 6494 

Test #307
1820 2490 2883 3860 4659 4660 4763 4810 4883 4906 4939 4940 4952 5020 5043 5059 5088 

Test #308
3656 4660 4798 5043 5353 5507 5569 5644 5858 5951 6256 6494 

Test #309
26 424 613 701 1184 1223 1517 1655 1816 1922 2055 2333 2571 2612 2680 

Test #310
26 127 1223 1405 1590 1970 2241 2477 3000 3289 3633 3707 

Test #311
3799 4660 5043 5230 5569 5858 5951 5962 

Test #312
3799 4660 4816 5043 5230 5507 5858 5951 5962 6070 6074 6081 

Test #313
334 583 896 1223 1970 2013 2490 2691 2720 2883 3287 3819 3860 4188 4264 

Test #314
26 127 1223 1756 1970 2013 2241 3000 3289 3707 3819 3992 

Test #315
26 424 510 912 1132 1223 1418 1517 1580 1655 1816 1922 2055 2064 2333 2375 

Test #316
3656 4660 5043 5353 5507 5569 5644 6256 6494 

Test #317
26 127 1223 1405 1590 1756 1970 2241 3000 3289 3633 3707 3801 3819 

Test #318
26 613 1223 2241 2333 2484 2541 2571 3090 3166 3232 3239 3289 

Test #319
1223 1970 2013 2720 3000 3287 3819 3992 4085 4188 

Test #320
26 424 613 912 1132 1223 1517 1655 1816 1922 2055 2064 2333 2375 2449 2571 

Test #321
3032 3799 4660 4763 4816 5043 5230 5507 5642 5951 5962 

Test #322
26 683 1029 1223 1405 1814 1888 2241 2484 2541 3090 3166 3232 3289 

Test #323
26 1223 1405 1970 2241 2739 3166 3289 3422 3506 3633 

Test #324
3799 4660 4763 4906 4939 5507 5628 5642 5660 

Test #325
3799 4660 4763 4883 4906 4939 4952 5507 5628 5642 

Test #326
334 2013 2490 2883 3819 3860 4659 4763 4810 4883 4906 4939 4940 4952 4975 

Test #327
26 424 510 613 912 1132 1223 1517 1655 1816 1922 2055 2064 2333 2375 2449 2571 

Test #328
1940 3590 4660 4763 4883 4906 4939 4952 5174 5386 

Test #329
26 127 1223 1970 2013 2333 3000 3287 3707 3819 3992 4085 

Test #330
26 127 1223 1405 1756 1970 2241 3000 3289 3599 3707 3801 3819 

Test #331
334 802 896 1223 2013 2016 2490 2720 2883 3287 3289 3819 3860 4188 4264 4408 4454 4590 4639 

Test #332
26 613 1223 1517 1816 2241 2333 2484 2571 3003 3090 3121 3127 3166 

Test #333
4660 4798 5043 5230 5353 5507 5569 5644 5858 5951 6256 6317 6442 

Test #334
2454 4660 4763 4883 4906 4939 4952 5386 5473 5477 5507 

Test #335
26 121 128 273 424 510 912 1132 1223 1517 1580 1655 1816 1911 1922 2055 2064 2091 2149 2212 2224 

Test #336
26 613 832 1223 1517 1655 1816 1922 2055 2333 2571 2956 3003 

Test #337
1820 2490 2883 3860 4659 4660 4763 4810 4883 4906 4939 4940 4952 5020 5043 5059 5088 

Test #338
1940 2488 2490 2883 3339 3590 3860 4660 4763 4883 4906 4939 4946 5020 5088 5174 

Test #339
26 424 510 613 912 1132 1223 1517 1655 1816 1922 2055 2064 2333 2375 2449 

Test #340
3536 3799 3867 4660 4763 4816 4906 5230 5507 5642 5816 

Test #341
17 26 121 273 424 510 541 647 706 836 877 912 1132 1317 1404 1418 1517 1540 1553 1580 1655 1816 1911 1922 1931 

Test #342
3656 4660 5043 5353 5569 5644 5858 6256 6494 

Test #343
2013 2490 2883 3819 3860 4659 4660 4763 4810 4883 4906 4939 4940 4952 5003 5020 5043 

Test #344
334 583 896 1223 1970 2013 2490 2691 2720 2883 3287 3819 3860 4188 4264 

Test #345
26 127 1223 1405 1590 1970 2241 2477 3000 3289 3633 3707 

Test #346
1940 2488 3339 3590 4660 4763 4883 4906 4939 4946 5174 

Test #347
26 127 1223 1405 1756 1970 2241 3000 3289 3599 3707 3801 3819 

Test #348
2454 4660 4763 4883 4906 4939 4952 5386 5473 5477 

Test #349
3656 4660 5043 5353 5507 5569 5644 5858 5951 6256 6494 

Test #350
3032 3799 4660 4763 4816 5043 5230 5507 5642 5951 5962 

Test #351
3032 3799 4660 4763 4816 5043 5230 5507 5642 5951 5962 

Test #352
3799 4660 4763 4883 4906 4939 4952 5507 5628 5642 

Test #353
26 424 510 613 912 1132 1223 1517 1655 1816 1922 2055 2064 2333 2375 2449 

Test #354
26 424 613 912 1132 1223 1517 1655 1816 1922 2055 2064 2333 2375 2449 2571 

Test #355
334 583 896 1223 1970 2013 2490 2691 2720 2883 3287 3819 3860 4188 4264 

Test #356
3032 3799 4660 4763 4816 5043 5230 5507 5642 5951 5962 

Test #357
2454 4660 4763 4883 4906 4939 4952 5386 5473 5477 5507 

Test #358
334 896 2013 2490 2883 3289 3819 3860 4188 4658 4659 4672 4674 4763 4810 

Test #359
334 896 1223 1970 2013 2490 2691 2720 2883 3287 3289 3819 3860 4188 4264 4334 

Test #360
26 424 510 613 912 1132 1223 1517 1655 1816 1922 2055 2064 2333 2375 2449 

Test #361
3656 4660 5569 5858 6256 6494 6727 

Test #362
3724 5962 6256 6803 6837 

Test #363
26 1223 1405 1970 2241 2739 3166 3289 3422 3506 3633 

Test #364
3799 4660 4816 5043 5230 5507 5858 5951 5962 6070 6074 6081 

Test #365
2454 4660 4763 4883 4906 4939 4952 5386 5473 5477 

Test #366
26 127 1223 1405 1590 1756 1970 2241 3000 3289 3633 3707 3801 3819 

Test #367
17 26 121 128 273 424 510 541 706 836 877 912 1132 1317 1418 1517 1540 1553 1580 1655 1816 1911 1922 1931 2055 2064 2091 

Test #368
26 683 1223 1405 1970 2241 2739 3166 3289 3422 3506 

Test #369
17 26 121 128 273 424 510 877 912 1132 1223 1517 1580 1655 1816 1911 1922 1931 2055 2064 2091 2149 

Test #370
26 424 510 613 912 1132 1223 1517 1655 1816 1922 2055 2064 2333 2375 2449 

Test #371
26 424 510 613 912 1132 1223 1517 1655 1816 1922 2055 2064 2333 2375 2449 

Test #372
17 26 121 128 273 424 510 877 912 1132 1223 1517 1580 1655 1816 1911 1922 1931 2055 2064 2091 2149 

Test #373
26 121 128 273 424 510 912 1132 1223 1517 1580 1655 1816 1911 1922 2055 2064 2091 2149 2212 2224 

Test #374
1940 3590 4660 4763 4883 4906 4939 4952 5174 5386 

Test #375
334 896 1223 2013 2490 2691 2720 2883 3287 3289 3819 3860 4188 4264 4334 4408 

Test #376
26 127 1223 1405 1756 1970 2241 3000 3289 3599 3707 3801 3819 

Test #377
26 127 1223 1405 1970 2241 2477 2739 3166 3289 3506 3633 3707 

Test #378
3799 4660 5043 5230 5569 5858 5951 5962 

Test #379
26 273 424 510 912 1132 1223 1418 1517 1580 1655 1816 1911 1922 2055 2064 2333 

Test #380
26 1029 1223 1405 1888 2241 2484 2541 2571 3090 3166 3232 3289 

Test #381
1940 2488 2490 2883 3339 3590 3860 4660 4763 4883 4906 4939 4946 5020 5088 5174 

Test #382
3799 4660 4798 5043 5230 5507 5569 5858 5951 6256 6281 6317 

Test #383
3656 4660 6256 6727 6803 6837 

Test #384
3799 4660 4763 4906 4939 5507 5628 5642 5660 

Test #385
3656 4660 6256 6727 6803 6837 

Test #386
1223 1970 2013 2720 3000 3287 3819 3992 4085 4188 

Test #387
334 802 896 1223 2013 2490 2883 3289 3819 3860 4188 4454 4639 4658 4659 4672 4674 

Test #388
4660 4763 4883 4906 4939 4952 5174 5386 

Test #389
3724 5962 6256 6803 6837 

Test #390
17 26 121 128 273 424 510 541 706 836 877 912 1132 1317 1418 1517 1540 1553 1580 1655 1816 1911 1922 1931 2055 2064 2091 

Test #391
3536 3799 4660 4763 4816 4906 5043 5230 5507 5642 5816 

Test #392
3656 4660 5043 5353 5507 5569 5644 6256 6494 

Test #393
3656 4660 6256 6727 6803 6837 

Test #394
26 424 613 912 1132 1223 1517 1655 1816 1922 2055 2064 2333 2375 2449 2571 

Test #395
3799 3867 4660 4763 4906 4939 5230 5507 5628 5642 5660 5794 

Test #396
1940 2488 2490 2883 3339 3590 3860 4660 4763 4883 4906 4939 4946 5020 5088 5174 

Test #397
334 802 896 1223 2013 2490 2720 2883 3287 3289 3819 3860 4188 4264 4334 4408 4454 

Test #398
3799 3867 4660 4763 4906 4939 5230 5507 5628 5642 5660 

Test #399
3656 4660 5858 6256 6727 6803 6804 6837 

Test #400
334 802 896 1223 2013 2490 2720 2883 3287 3289 3819 3860 4188 4264 4334 4408 4454 

Test #401
3799 4660 5043 5230 5569 5858 5951 5962 

Test #402
26 273 424 510 912 1132 1223 1418 1517 1580 1655 1816 1911 1922 2055 2064 2333 

Test #403
334 802 896 1223 2013 2490 2720 2883 3287 3289 3819 3860 4188 4264 4408 4454 4590 

Test #404
3656 4660 4798 5043 5353 5507 5569 5644 5858 5951 6256 6494 

Test #405
2454 3799 4660 4763 4883 4906 4939 4952 5386 5507 

Test #406
3656 4660 6256 6727 6803 6837 

Test #407
26 613 1029 1223 1405 1888 2241 2484 2541 2571 3090 3166 3232 3239 3289 

Test #408
26 424 510 912 1132 1223 1418 1517 1580 1655 1816 1922 2055 2064 2333 2375 

Test #409
3799 4660 4816 5043 5230 5507 5858 5951 5962 6070 6074 6081 

Test #410
26 1223 1405 1970 2241 2739 3166 3289 3422 3506 3633 

Test #411
26 1223 1405 1970 2241 2739 3166 3289 3422 3506 3561 3633 

Test #412
334 802 896 1223 2013 2490 2720 2883 3287 3289 3819 3860 4188 4264 4334 4408 4454 

Test #413
26 424 613 701 832 1184 1223 1517 1655 1816 1922 2055 2333 2571 2612 

Test #414
26 683 1029 1223 1405 1814 1888 2241 2484 2541 3090 3166 3232 3289 

Test #415
26 613 1223 1517 1816 2241 2333 2484 2571 3003 3090 3121 3127 3166 

Test #416
26 424 613 701 1132 1223 1517 1655 1816 1922 2055 2064 2333 2375 2449 2571 2680 2687 

Test #417
3799 4660 4763 4883 4906 4939 4952 5507 5628 5642 

Test #418
3799 3867 4660 4763 4906 4939 5230 5507 5628 5642 5660 5794 

Test #419
3799 4660 4816 5043 5230 5507 5858 5951 5962 6070 6074 6081 

Test #420
2454 3799 4660 4763 4883 4906 4939 4952 5386 5507 

Test #421
3799 3867 4660 4763 4906 4939 5230 5507 5628 5642 5660 

Test #422
334 2013 2490 2883 3819 3860 4659 4763 4810 4883 4906 4939 4940 4952 4975 

Test #423
1820 2490 2883 3860 4659 4660 4763 4810 4883 4906 4939 4940 4952 5020 5043 5059 5088 

Test #424
2454 4660 4763 4883 4906 4939 4952 5386 5473 5477 5507 

Test #425
2454 4660 4763 4883 4906 4939 4952 5386 5473 5477 5507 

Test #426
26 127 1223 1405 1756 1970 2241 3000 3289 3599 3707 3801 3819 

Test #427
26 127 1223 1405 1590 1756 1970 2241 3000 3289 3633 3707 3801 3819 

Test #428
26 424 613 701 832 1184 1223 1517 1655 1816 1922 2055 2333 2571 2612 

Test #429
26 424 613 701 1132 1223 1517 1609 1655 1816 2055 2064 2333 2375 2449 2571 2680 2687 

Test #430
26 1223 1405 1970 2241 2739 3166 3289 3422 3506 3633 

Test #431
4660 4763 4883 4906 4939 4952 5174 5386 

Test #432
3656 4660 5569 5858 6256 6494 6727 

Test #433
26 127 1223 1405 1756 1970 2241 3000 3289 3707 3801 3819 

Test #434
26 424 613 701 832 1184 1223 1517 1655 1816 1922 2055 2333 2571 2612 

Test #435
3799 4660 5043 5230 5569 5858 5951 5962 

Test #436
26 424 510 613 912 1132 1223 1517 1655 1816 1922 2055 2064 2333 2375 2449 

Test #437
26 424 613 701 1184 1223 1517 1655 1816 1922 2055 2333 2375 2571 2680 

Test #438
26 424 510 613 912 1132 1223 1517 1655 1816 1922 2055 2064 2333 2375 2449 2571 

Test #439
26 424 613 701 1132 1223 1517 1655 1816 1922 2055 2064 2333 2375 2571 2680 2687 

Test #440
3724 5962 6256 6803 6837 

Test #441
127 1223 1970 2013 2333 2720 3000 3287 3707 3819 3992 4085 

Test #442
334 896 1223 2013 2490 2691 2720 2883 3287 3289 3819 3860 4188 4264 4334 

Test #443
334 896 1223 1970 2013 2490 2691 2720 2883 3287 3289 3819 3860 4188 4264 4334 

Test #444
334 2013 2490 2883 3819 3860 4659 4763 4810 4883 4906 4939 4940 4952 4975 

Test #445
3799 3867 4660 4763 4906 4939 5230 5507 5628 5642 5660 5794 

Test #446
1940 3590 4660 4763 4883 4906 4939 4952 5174 5386 

Test #447
3799 4660 4763 4906 4939 5507 5628 5642 5660 

Test #448
334 896 1223 1970 2013 2490 2691 2720 2883 3287 3289 3819 3860 4188 4264 4334 

Test #449
26 127 1223 1970 2013 2333 3000 3287 3707 3819 3992 4085 

Test #450
334 802 896 1223 2013 2490 2883 3289 3819 3860 4188 4639 4658 4659 4672 4674 4763 

Test #451
26 424 613 701 1184 1223 1517 1655 1816 1922 2055 2333 2375 2571 2680 

Test #452
26 424 613 701 1184 1223 1517 1655 1816 1922 2055 2333 2375 2571 2680 

Test #453
26 424 613 701 1132 1223 1517 1609 1655 1816 2055 2064 2333 2375 2449 2571 2680 2687 

Test #454
3536 3799 4660 4763 4816 4906 5043 5230 5507 5642 5816 

Test #455
3799 4660 5043 5230 5569 5858 5951 5962 

Test #456
3799 4660 5043 5230 5507 5569 5858 5951 5962 6074 

Test #457
26 424 613 701 1132 1223 1517 1655 1816 1922 2055 2064 2333 2375 2571 2680 2687 

Test #458
26 613 1223 1517 1816 1922 2333 2571 2956 3003 3090 3121 3127 

Test #459
17 26 121 273 424 510 541 647 706 836 877 912 1132 1317 1404 1418 1517 1540 1553 1580 1655 1816 1911 1922 1931 

Test #460
26 613 1029 1223 1405 1888 2241 2484 2541 2571 3090 3166 3232 3239 3289 

Test #461
334 802 896 1223 2013 2490 2883 3287 3289 3819 3860 4188 4264 4408 4454 4639 4658 4659 4672 4674 

Test #462
1940 2488 3339 3590 4660 4763 4883 4906 4939 4946 5174 

Test #463
26 613 1223 1517 1816 2241 2333 2484 2571 3003 3090 3121 3127 3166 

Test #464
3656 4660 5043 5353 5507 5569 5644 5858 5951 6256 6494 

Test #465
3799 4660 5043 5230 5569 5858 5951 5962 

Test #466
26 424 510 613 912 1132 1223 1517 1655 1816 1922 2055 2064 2333 2375 

Test #467
17 26 121 128 273 424 510 541 706 877 912 1132 1223 1317 1517 1540 1553 1580 1655 1816 1911 1922 1931 2055 2064 2091 2149 

Test #468
17 26 121 128 273 424 510 541 706 836 877 912 1132 1317 1418 1517 1540 1553 1580 1655 1816 1911 1922 1931 2055 2064 2091 

Test #469
26 424 613 701 1184 1223 1517 1655 1816 1922 2055 2333 2571 2612 2680 

Test #470
26 424 613 701 1184 1223 1517 1655 1816 1922 2055 2333 2571 2612 2680 

Test #471
3724 5962 6256 6803 6837 

Test #472
334 2013 2490 2883 3289 3819 3860 4659 4674 4763 4810 4883 4906 4939 4940 

Test #473
1820 2490 2883 3860 4659 4660 4763 4810 4883 4906 4939 4940 4952 5020 5043 5059 5088 

Test #474
334 583 896 1223 1970 2013 2490 2691 2720 2883 3287 3819 3860 4188 4264 

Test #475
26 424 613 701 832 1184 1223 1517 1655 1816 1922 2055 2333 2571 2612 

Test #476
26 127 1223 1405 1756 1970 2241 3000 3289 3599 3707 3801 3819 

Test #477
26 424 613 701 1132 1223 1517 1655 1816 1922 2055 2064 2333 2375 2449 2571 2680 2687 

Test #478
3656 4660 4798 5043 5353 5507 5569 5644 5858 5951 6256 6494 

Test #479
3799 4660 5043 5230 5507 5569 5858 5951 5962 6074 

Test #480
334 802 896 1223 2013 2490 2883 3289 3819 3860 4188 4639 4658 4659 4672 4674 4763 

Test #481
1223 1970 2013 2720 3000 3287 3819 3992 4085 4188 

Test #482
17 26 121 273 424 510 541 647 706 836 877 912 1132 1317 1404 1418 1517 1540 1553 1580 1655 1816 1911 1922 1931 

Test #483
2454 4660 4763 4883 4906 4939 4952 5386 5473 5477 5507 

Test #484
334 896 2013 2490 2883 3289 3819 3860 4188 4658 4659 4674 4763 4810 

Test #485
3799 4660 4763 4816 4906 5043 5230 5507 5642 5816 5962 

Test #486
334 802 896 1223 2013 2490 2883 3289 3819 3860 4188 4639 4658 4659 4672 4674 4763 

Test #487
26 127 1223 1970 2013 2333 3000 3287 3707 3819 3992 4085 

Test #488
3656 4660 5569 5858 6256 6494 6727 

Test #489
3799 3867 4660 4763 4906 4939 5230 5507 5628 5642 5660 5794 

Test #490
127 1223 1970 2013 2333 2720 3000 3287 3707 3819 3992 4085 

Test #491
26 613 1223 1517 1816 1922 2333 2571 2956 3003 3090 3121 3127 

Test #492
26 683 1223 1405 1970 2241 2739 3166 3289 3422 3506 

Test #493
26 424 510 613 912 1132 1223 1517 1655 1816 1922 2055 2064 2333 2375 2449 

Test #494
1223 1970 2013 2720 3000 3287 3819 3992 4085 4188 

Test #495
26 613 1223 1517 1816 1922 2333 2571 2956 3003 3090 3121 3127 

Test #496
3656 4660 5043 5353 5507 5569 5644 6256 6494 

Test #497
334 802 896 1223 2013 2490 2720 2883 3287 3289 3819 3860 4188 4264 4408 4454 4590 

Test #498
26 613 1223 1517 1816 1922 2333 2571 2956 3003 3090 3121 3127 

Test #499
3656 4660 5043 5353 5569 5644 5858 6256 6494 

Test #500
4660 4763 4883 4906 4939 4952 5174 5386 

