Test #1
3235 3746 4298 4721 4791 5126 5139 5208 5262 

Test #2
2173 2362 2902 3221 3302 3316 

Test #3
4721 4724 4828 

Test #4
4298 4721 4724 

Test #5
2902 3433 3584 3588 3747 3793 3850 

Test #6
161 316 446 718 990 1197 1320 

Test #7
763 2123 2173 2362 2416 2859 2902 3041 3221 3302 3316 

Test #8
316 1110 2123 2226 2345 2396 2453 

Test #9
161 339 411 446 669 718 990 1157 1197 1320 1351 1486 1499 1648 1655 1719 

Test #10
2902 3433 3584 3588 3773 3793 3931 3939 4069 4075 

Test #11
5354 5508 

Test #12
161 339 411 446 669 718 990 1157 1197 1320 1499 

Test #13
2902 3531 3584 3588 3773 3793 3939 4069 4075 4118 

Test #14
161 339 411 446 718 990 1197 1320 1499 

Test #15
161 316 718 990 1320 2110 2123 

Test #16
4298 4505 4721 4724 4828 

Test #17
2902 3531 3584 3773 3793 4069 4075 4118 4192 

Test #18
763 1551 1782 2123 2173 2396 2640 2859 2902 2932 

Test #19
2902 3531 3584 3773 3793 4069 4075 4118 

Test #20
2902 3458 3584 3588 3672 3747 3793 

Test #21
763 1782 2123 2173 2640 2859 2902 3041 

Test #22
3235 3746 4298 4721 4791 5126 5139 5208 5262 

Test #23
763 1551 1782 2123 2396 2640 2859 2902 2932 

Test #24
392 763 1782 2123 2226 2396 2640 2697 

Test #25
316 446 1110 2123 2226 2396 2453 

Test #26
2902 3951 4192 4298 

Test #27
316 718 1110 1197 2110 2123 2213 2226 2241 

Test #28
161 316 718 990 1197 1320 2110 

Test #29
2902 3458 3584 3588 3672 3747 

Test #30
2635 2902 3433 3584 3588 3773 3793 3850 3931 3939 

Test #31
2902 3458 3584 3588 3672 3747 3793 

Test #32
763 802 2123 2173 2362 2416 2859 2902 3221 3302 3316 

Test #33
161 339 411 446 669 718 990 1157 1197 1320 1351 1486 1499 1648 1655 1719 

Test #34
763 1551 1782 2123 2173 2396 2640 2657 2859 2902 2932 

Test #35
392 763 1782 2123 2226 2396 2640 2697 

Test #36
2635 2902 3433 3584 3588 3773 3793 3931 3939 3964 

Test #37
667 2902 3221 3458 

Test #38
2583 2902 3773 3951 4192 4298 4300 

Test #39
4298 4505 4721 4724 4828 

Test #40
155 491 667 841 2902 3458 3584 

Test #41
392 763 1782 2123 2396 2640 2859 

Test #42
737 2902 4192 4298 4721 4724 

Test #43
2902 3433 3584 3588 3747 3793 

Test #44
4298 4791 5139 5281 5352 5354 

Test #45
3235 3718 3746 4298 4721 4941 5126 5139 

Test #46
2583 2902 3531 3773 3951 4192 4298 4300 

Test #47
2902 4192 4298 4652 4721 4724 

Test #48
155 491 2902 3458 3584 3672 

Test #49
161 339 411 446 669 718 990 1157 1197 1320 1499 

Test #50
763 1782 2123 2173 2640 2859 2902 3041 3221 3227 

Test #51
161 339 411 446 669 718 990 1157 1197 1320 1486 1499 1719 

Test #52
2173 2362 2902 3221 3302 3316 

Test #53
763 1782 2123 2396 2640 2859 2932 

Test #54
763 1551 1782 2123 2173 2396 2640 2859 2902 2932 

Test #55
2902 3513 3951 4192 4298 

Test #56
2635 2902 3433 3584 3588 3773 3793 3850 3931 3939 

Test #57
161 339 411 446 718 990 1197 1320 1499 

Test #58
3235 3746 4298 4721 4791 5126 5139 5208 5262 

Test #59
2583 2902 3773 3951 4192 4298 4300 

Test #60
2902 3531 3584 3773 3793 4069 4075 4118 

Test #61
155 491 667 841 2902 3458 3584 

Test #62
316 1110 2123 2226 2396 2453 

Test #63
161 339 411 446 669 718 990 1157 1197 1320 1499 

Test #64
2902 3458 3584 3588 3672 3747 3793 

Test #65
2635 2902 3433 3584 3588 3773 3793 3931 3939 3964 

Test #66
763 1551 1782 2123 2173 2396 2640 2657 2859 2902 2932 

Test #67
161 316 718 990 1320 2110 2123 

Test #68
161 339 411 446 669 718 990 1157 1197 1320 1499 

Test #69
161 339 411 446 669 718 990 1157 1197 1320 1499 

Test #70
3235 4298 4721 4791 5139 5208 5281 5352 5354 

Test #71
2902 3433 3584 3588 3747 3793 3850 

Test #72
763 1782 2123 2173 2640 2859 2902 3041 

Test #73
2902 3513 3951 4192 4298 

Test #74
161 316 446 718 990 1197 1320 

Test #75
763 1782 2123 2396 2640 2859 2932 

Test #76
2902 3433 3584 3588 3773 3793 3931 3939 4069 4075 

Test #77
4192 4298 4721 4724 4828 

Test #78
161 316 446 718 990 1197 1320 

Test #79
81 161 316 718 990 1197 2110 2123 

Test #80
4298 4721 4724 

Test #81
2902 3458 3584 3588 3672 

Test #82
316 1110 1197 1540 2110 2123 2213 2226 2345 2350 2396 

Test #83
392 763 1782 2123 2396 2640 2697 2859 

Test #84
4298 4721 4724 

Test #85
2902 3433 3584 3588 3747 3793 3850 

Test #86
161 339 411 446 669 718 990 1157 1197 1320 1499 

Test #87
763 2123 2173 2362 2416 2859 2902 3041 3221 3302 3316 

Test #88
2583 2902 3531 3773 3951 4192 

Test #89
5354 5508 

Test #90
161 316 446 718 990 1197 1320 

Test #91
446 763 2123 2226 2396 2640 2697 

Test #92
2362 2902 3221 3458 

Test #93
763 1551 1782 2123 2396 2640 2859 2902 2932 

Test #94
763 1551 1782 2123 2396 2640 2859 2902 2932 

Test #95
161 165 339 359 411 446 718 990 1157 1197 1235 1320 1351 1359 1486 1499 1648 1655 

Test #96
3235 4298 4721 4791 5139 5208 5262 5281 

Test #97
2583 2902 3531 3773 3951 4192 4298 4300 

Test #98
161 316 718 990 1197 1320 2110 

Test #99
5354 5508 

Test #100
2902 3513 3951 4192 4298 

Test #101
161 339 411 446 718 990 1197 1320 1499 

Test #102
2902 3458 3584 3588 3672 

Test #103
161 316 718 990 1320 2110 2123 

Test #104
4298 4505 4721 4724 4828 

Test #105
2902 3531 3584 3773 3793 4069 4075 4118 

Test #106
667 2902 3221 3458 

Test #107
2173 2362 2902 3221 3302 3316 

Test #108
763 2123 2173 2362 2416 2859 2902 3041 3221 3302 3316 

Test #109
2635 2902 3433 3584 3588 3773 3793 3850 3931 3939 

Test #110
2635 2902 3433 3584 3588 3793 3850 

Test #111
392 763 2123 2226 2396 2640 2697 

Test #112
161 339 411 446 718 990 1197 1320 1499 

Test #113
2902 3513 3951 4192 4298 

Test #114
2635 2902 3433 3584 3588 3773 3793 3850 3931 3939 

Test #115
3235 4298 4721 4791 5139 5208 5262 5281 

Test #116
392 763 2123 2226 2396 2640 2697 

Test #117
2902 3531 3584 3773 3793 4069 4075 4118 4192 

Test #118
763 1551 1782 2123 2396 2640 2657 2859 2902 2932 

Test #119
3235 4298 4721 4791 5139 5208 5281 5354 

Test #120
2635 2902 3433 3584 3588 3773 3793 3931 3939 3964 

Test #121
763 802 2123 2173 2362 2416 2859 2902 3221 3302 3316 

Test #122
316 1110 2123 2226 2345 2396 2453 

Test #123
161 339 411 446 669 718 990 1157 1197 1320 1499 

Test #124
2902 3513 3951 4192 4298 4652 

Test #125
2902 3458 3584 3588 3672 3747 3793 

Test #126
161 339 411 446 669 718 990 1157 1197 1320 1499 

Test #127
2583 2902 3773 3951 4192 4298 4300 

Test #128
316 1110 2123 2226 2396 2453 

Test #129
316 1110 1197 1540 2110 2123 2213 2226 2345 2350 2396 

Test #130
2583 2902 3531 3773 3951 4192 

Test #131
5354 

Test #132
446 763 2123 2226 2396 2640 2697 

Test #133
316 1110 1197 1540 2110 2123 2213 2226 2345 2350 2396 

Test #134
161 339 411 446 718 990 1197 1320 1499 

Test #135
161 339 411 446 718 990 1197 1320 1499 

Test #136
4721 4724 4828 

Test #137
2902 3433 3584 3588 3747 3793 3850 

Test #138
155 491 2902 3458 3584 3672 

Test #139
316 446 1110 2123 2226 2396 2453 

Test #140
161 316 718 990 1320 2110 2123 

Test #141
161 339 411 446 669 718 990 1157 1197 1320 1499 

Test #142
155 491 2902 3458 3584 3672 

Test #143
316 1110 2123 2226 2345 2396 2453 

Test #144
4721 4724 4828 

Test #145
161 339 411 446 718 990 1197 1320 1499 

Test #146
161 316 718 990 1320 2110 2123 

Test #147
161 316 718 990 1197 1320 2110 

Test #148
2583 2902 3951 4192 4298 4300 

Test #149
155 667 2902 3458 3547 

Test #150
161 339 411 446 669 718 990 1157 1197 1320 1499 

Test #151
763 1782 2123 2396 2640 2859 2932 

Test #152
3235 3746 4298 4721 4791 4941 5126 5139 5208 

Test #153
446 763 2123 2226 2396 2640 2697 

Test #154
763 1782 2123 2173 2640 2859 2902 3041 

Test #155
2583 2902 3531 3773 3951 4192 4298 4300 

Test #156
737 2902 4192 4298 4721 4724 

Test #157
2173 2362 2902 3221 3302 3316 

Test #158
763 1551 1782 2123 2173 2396 2640 2657 2859 2902 2932 

Test #159
161 165 339 359 411 446 718 990 1157 1197 1235 1320 1351 1359 1486 1499 1648 1655 1719 

Test #160
2902 3531 3584 3588 3773 3793 3939 4069 4075 4118 

Test #161
161 339 359 411 446 669 718 990 1157 1197 1235 1320 1351 1486 1499 1648 1655 1719 

Test #162
5354 5508 

Test #163
3235 3718 4298 4721 

Test #164
316 1110 1540 2123 2226 2345 2396 2427 2453 

Test #165
161 339 411 446 669 718 990 1157 1197 1320 1499 

Test #166
3235 4298 4721 4791 5139 5208 5281 5354 

Test #167
161 165 339 359 411 446 718 990 1157 1197 1235 1320 1351 1359 1486 1499 1648 1655 

Test #168
2902 3531 3584 3588 3773 3793 3939 4069 4075 4118 

Test #169
763 802 2123 2173 2362 2416 2859 2902 3221 3302 3316 

Test #170
316 1110 2123 2226 2396 2453 

Test #171
2902 3951 4192 4298 

Test #172
155 491 2902 3458 3584 3672 

Test #173
2902 3513 3951 4192 4298 

Test #174
3235 4298 4721 4791 5139 5208 5281 5354 

Test #175
763 1551 1782 2123 2396 2640 2859 2902 2932 

Test #176
4298 4504 4505 4721 4724 

Test #177
161 339 411 446 669 718 990 1157 1197 1320 1499 

Test #178
763 802 2123 2173 2362 2416 2859 2902 3221 3302 3316 

Test #179
2902 3433 3584 3588 3747 3793 3850 

Test #180
2902 3458 3584 3588 3672 3747 

Test #181
155 491 667 841 2902 3458 3584 

Test #182
3235 3718 4298 4721 

Test #183
763 802 2123 2173 2362 2416 2859 2902 3221 3302 3316 

Test #184
2902 3513 3951 4192 4298 

Test #185
446 763 2123 2226 2396 2640 2697 

Test #186
161 316 446 718 990 1197 1320 

Test #187
2902 3433 3584 3588 3747 3793 3850 

Test #188
2583 2902 3773 3951 4192 4298 4300 

Test #189
667 2902 3221 3458 

Test #190
2635 2902 3433 3584 3588 3773 3793 3850 3931 3939 

Test #191
392 763 1782 2123 2396 2640 2697 2859 

Test #192
155 667 841 2902 3458 3547 3584 

Test #193
2902 3433 3584 3588 3747 3793 

Test #194
316 718 1110 1197 2110 2123 2213 2226 2241 

Test #195
2583 2902 3531 3773 3951 4192 4298 4300 

Test #196
2902 3531 3584 3588 3773 3793 3939 4069 4075 4118 

Test #197
161 316 446 718 990 1197 1320 

Test #198
2583 2902 3531 3773 3951 4192 4298 4300 

Test #199
316 1110 2123 2226 2396 2453 

Test #200
2902 3433 3584 3588 3747 3793 

Test #201
3235 3746 4298 4721 4791 4941 5126 5139 5208 

Test #202
5354 5508 

Test #203
161 339 411 446 718 990 1197 1320 1499 

Test #204
2583 2902 3531 3773 3951 4192 

Test #205
3235 3718 3746 4298 4721 4791 4941 5126 5139 

Test #206
763 1782 2123 2173 2640 2859 2902 3041 3221 3227 

Test #207
155 667 841 2902 3458 3547 3584 

Test #208
4298 4791 5139 5281 5352 5354 

Test #209
4298 4504 4505 4721 4724 

Test #210
161 339 411 446 669 718 990 1157 1197 1320 1486 1499 1719 

Test #211
155 667 841 2902 3458 3547 3584 

Test #212
763 1782 2123 2396 2640 2859 2932 

Test #213
3235 4298 4721 4791 5139 5208 5262 5281 

Test #214
3235 4298 4721 4791 5139 5208 5262 5281 

Test #215
161 339 446 718 990 1197 1320 1499 

Test #216
316 718 1110 1197 1540 2110 2123 2213 2226 2241 2345 2350 

Test #217
161 339 411 446 669 718 990 1157 1197 1320 1351 1486 1499 1648 1655 1719 

Test #218
2583 2902 3531 3773 3951 4192 

Test #219
3235 4298 4721 

Test #220
155 667 841 2902 3458 3547 3584 

Test #221
316 1110 2123 2226 2396 2453 

Test #222
316 718 1110 1197 1540 2110 2123 2213 2226 2241 2345 2350 

Test #223
5354 5508 

Test #224
2902 4192 4298 4652 4721 4724 

Test #225
763 1551 1782 2123 2396 2640 2657 2859 2902 2932 

Test #226
2583 2902 3531 3584 3773 3951 4075 4118 4192 

Test #227
763 1782 2123 2173 2640 2859 2902 3041 3221 3227 

Test #228
2173 2362 2902 3221 3302 3316 

Test #229
763 1782 2123 2396 2640 2859 2932 

Test #230
2583 2902 3531 3584 3773 3951 4075 4118 4192 

Test #231
161 165 339 359 411 446 718 990 1157 1197 1235 1320 1351 1359 1486 1499 1648 1655 

Test #232
316 446 1110 2123 2226 2396 2453 

Test #233
2902 3433 3584 3588 3773 3793 3931 3939 4069 4075 

Test #234
161 339 411 446 669 718 990 1157 1197 1320 1499 

Test #235
3235 3746 4298 4721 4791 5126 5139 5208 5262 

Test #236
155 491 2902 3458 3584 3672 

Test #237
667 2902 3221 3458 

Test #238
763 1782 2123 2173 2640 2859 2902 3041 3221 3227 

Test #239
2173 2362 2902 3221 3302 3316 

Test #240
392 763 1782 2123 2226 2396 2640 2697 

Test #241
2173 2362 2902 3221 3302 3316 

Test #242
4298 4791 5139 5281 5352 5354 

Test #243
2902 3531 3584 3773 3793 4069 4075 4118 4192 

Test #244
763 1551 1782 2123 2173 2396 2640 2657 2859 2902 2932 

Test #245
3235 4298 4721 

Test #246
2902 3951 4192 4298 4300 

Test #247
2902 3433 3584 3588 3747 3793 

Test #248
3235 3746 4298 4721 4791 4941 5126 5139 5208 

Test #249
763 1782 2123 2173 2640 2859 2902 3041 

Test #250
763 2123 2173 2362 2416 2859 2902 3041 3221 3302 3316 

Test #251
763 1782 2123 2173 2640 2859 2902 3041 

Test #252
2902 3531 3584 3588 3773 3793 3939 4069 4075 4118 

Test #253
2635 2902 3433 3584 3588 3773 3793 3850 3931 3939 3964 

Test #254
763 1782 2123 2173 2640 2859 2902 3041 

Test #255
763 1782 2123 2173 2640 2859 2902 3041 

Test #256
3235 4298 4721 4791 5139 5208 5262 5281 

Test #257
161 165 339 359 411 446 718 990 1157 1197 1235 1320 1351 1359 1486 1499 1648 1655 1719 

Test #258
4721 4724 4828 

Test #259
763 1782 2123 2173 2640 2859 2902 3041 

Test #260
763 1551 1782 2123 2173 2396 2640 2657 2859 2902 2932 

Test #261
2173 2362 2902 3221 3302 3316 

Test #262
763 1782 2123 2173 2640 2859 2902 3041 

Test #263
2902 3433 3584 3588 3773 3793 3931 3939 4069 4075 

Test #264
161 339 411 446 669 718 990 1157 1197 1320 1499 

Test #265
2173 2362 2902 3221 3302 3316 

Test #266
155 491 2902 3458 3584 3672 

Test #267
2902 3433 3584 3588 3747 3793 3850 

Test #268
3235 3746 4298 4721 4791 5126 5139 5208 5262 

Test #269
3235 3718 3746 4298 4721 4791 4941 5126 5139 

Test #270
161 339 359 411 446 669 718 990 1157 1197 1235 1320 1351 1486 1499 1648 1655 1719 

Test #271
316 1110 2123 2226 2345 2396 2453 

Test #272
763 1551 1782 2123 2396 2640 2657 2859 2902 2932 

Test #273
5354 

Test #274
4298 4504 4505 4721 4724 

Test #275
2902 3951 4192 4298 4300 

Test #276
4298 4505 4721 4724 4828 

Test #277
2635 2902 3433 3584 3588 3793 3850 

Test #278
316 446 1110 2123 2226 2396 2640 

Test #279
2902 3951 4192 4298 4300 

Test #280
3235 4298 4721 4791 5139 5208 5281 5352 5354 

Test #281
2583 2902 3531 3773 3951 4192 

Test #282
161 316 446 718 990 1197 1320 

Test #283
2902 3433 3584 3588 3747 3793 

Test #284
316 446 1110 2123 2226 2396 2640 

Test #285
667 2902 3221 3458 

Test #286
4298 4791 5139 5281 5352 5354 

Test #287
316 718 1110 1197 1540 2110 2123 2213 2226 2241 2345 2350 

Test #288
155 491 667 841 2902 3458 3584 

Test #289
2902 3513 4192 4298 4652 

Test #290
2902 3433 3584 3588 3747 3793 3850 

Test #291
4298 4504 4505 4721 4724 

Test #292
316 1110 1540 2123 2226 2345 2396 2427 2453 

Test #293
3235 4298 4721 4791 5139 5208 5262 5281 

Test #294
2362 2902 3221 3458 

Test #295
446 763 2123 2226 2396 2640 2697 

Test #296
763 1551 1782 2123 2173 2396 2640 2859 2902 2932 

Test #297
4298 4791 5139 5281 5352 5354 

Test #298
4298 4505 4721 4724 4828 

Test #299
392 763 2123 2226 2396 2640 2697 

Test #300
3235 4298 4721 

Test #301
4298 4505 4721 4724 4828 

Test #302
155 667 841 2902 3458 3547 3584 

Test #303
316 1110 1197 1540 2123 2213 2226 2345 2350 2396 2427 

Test #304
4192 4298 4721 4724 4828 

Test #305
763 1782 2123 2396 2640 2859 2932 

Test #306
3235 3746 4298 4721 4791 4941 5126 5139 5208 

Test #307
2902 3531 3584 3588 3773 3793 3939 4069 4075 4118 

Test #308
3235 3746 4298 4721 4791 4941 5126 5139 5208 

Test #309
316 718 1110 1197 2110 2123 2213 2226 2241 

Test #310
763 1551 1782 2123 2396 2640 2657 2859 2902 2932 

Test #311
4298 4504 4505 4721 4724 

Test #312
4298 4505 4721 4724 4828 

Test #313
2173 2362 2902 3221 3302 3316 

Test #314
763 1782 2123 2173 2640 2859 2902 3041 3221 3227 

Test #315
161 339 411 446 669 718 990 1157 1197 1320 1499 

Test #316
3235 4298 4721 4791 5139 5208 5262 5281 

Test #317
763 1551 1782 2123 2173 2396 2640 2657 2859 2902 2932 

Test #318
316 446 1110 2123 2226 2396 2453 

Test #319
763 2123 2173 2362 2416 2859 2902 3221 3302 3316 

Test #320
161 316 718 990 1197 1320 2110 

Test #321
4192 4298 4721 4724 4828 

Test #322
446 763 2123 2226 2396 2640 2697 

Test #323
763 1782 2123 2396 2640 2859 2932 

Test #324
2902 3951 4192 4298 

Test #325
2902 3951 4192 4298 4300 

Test #326
2635 2902 3433 3584 3588 3773 3793 3850 3931 3939 3964 

Test #327
161 316 446 718 990 1197 1320 

Test #328
2583 2902 3531 3773 3951 4192 4298 4300 

Test #329
763 1782 2123 2173 2640 2859 2902 3041 3221 3227 

Test #330
763 1782 2123 2173 2640 2859 2902 3041 

Test #331
2902 3458 3584 3588 3672 

Test #332
316 1110 2123 2226 2396 2453 

Test #333
3235 3718 3746 4298 4721 4941 5126 5139 

Test #334
2583 2902 3773 3951 4192 4298 4300 

Test #335
161 339 411 446 669 718 990 1157 1197 1320 1486 1499 1719 

Test #336
316 1110 1197 1540 2123 2213 2226 2345 2350 2396 2427 

Test #337
2902 3531 3584 3588 3773 3793 3939 4069 4075 4118 

Test #338
2583 2902 3531 3584 3773 3951 4075 4118 4192 

Test #339
161 339 411 446 718 990 1197 1320 1499 

Test #340
2902 3513 4192 4298 4652 

Test #341
161 165 339 359 411 446 718 797 990 1157 1197 1320 1351 1359 1486 1499 

Test #342
3235 4298 4721 4791 5139 5208 5281 5354 

Test #343
2635 2902 3433 3584 3588 3773 3793 3931 3939 3964 

Test #344
2173 2362 2902 3221 3302 3316 

Test #345
763 1551 1782 2123 2396 2640 2657 2859 2902 2932 

Test #346
2583 2902 3531 3773 3951 4192 

Test #347
763 1782 2123 2173 2640 2859 2902 3041 

Test #348
2583 2902 3531 3773 3951 4192 4298 4300 

Test #349
3235 3746 4298 4721 4791 5126 5139 5208 5262 

Test #350
4192 4298 4721 4724 4828 

Test #351
4192 4298 4721 4724 4828 

Test #352
2902 3951 4192 4298 4300 

Test #353
161 339 411 446 718 990 1197 1320 1499 

Test #354
161 316 718 990 1197 1320 2110 

Test #355
2173 2362 2902 3221 3302 3316 

Test #356
4192 4298 4721 4724 4828 

Test #357
2583 2902 3773 3951 4192 4298 4300 

Test #358
2902 3433 3584 3588 3747 3793 3850 

Test #359
2362 2902 3221 3458 

Test #360
161 339 446 718 990 1197 1320 1499 

Test #361
4298 4791 5139 5281 5352 5354 

Test #362
5354 5508 

Test #363
763 1782 2123 2396 2640 2859 2932 

Test #364
4298 4505 4721 4724 4828 

Test #365
2583 2902 3531 3773 3951 4192 4298 4300 

Test #366
763 1551 1782 2123 2173 2396 2640 2657 2859 2902 2932 

Test #367
161 165 339 359 411 446 718 990 1157 1197 1235 1320 1351 1359 1486 1499 1648 1655 

Test #368
392 763 1782 2123 2226 2396 2640 2697 

Test #369
161 339 359 411 446 669 718 990 1157 1197 1235 1320 1351 1486 1499 1648 1655 1719 

Test #370
161 339 446 718 990 1197 1320 1499 

Test #371
161 339 411 446 718 990 1197 1320 1499 

Test #372
161 339 359 411 446 669 718 990 1157 1197 1235 1320 1351 1486 1499 1648 1655 1719 

Test #373
161 339 411 446 669 718 990 1157 1197 1320 1486 1499 1719 

Test #374
2583 2902 3531 3773 3951 4192 4298 4300 

Test #375
155 667 2902 3458 3547 

Test #376
763 1782 2123 2173 2640 2859 2902 3041 

Test #377
763 1551 1782 2123 2396 2640 2859 2902 2932 

Test #378
4298 4504 4505 4721 4724 

Test #379
161 339 411 446 669 718 990 1157 1197 1320 1499 

Test #380
446 763 2123 2226 2396 2640 2697 

Test #381
2583 2902 3531 3584 3773 3951 4075 4118 4192 

Test #382
3235 4298 4721 

Test #383
5354 5508 

Test #384
2902 3951 4192 4298 

Test #385
5354 5508 

Test #386
763 2123 2173 2362 2416 2859 2902 3221 3302 3316 

Test #387
2902 3458 3584 3588 3672 3747 3793 

Test #388
2583 2902 3531 3773 3951 4192 4298 4300 

Test #389
5354 5508 

Test #390
161 165 339 359 411 446 718 990 1157 1197 1235 1320 1351 1359 1486 1499 1648 1655 

Test #391
2902 4192 4298 4652 4721 4724 

Test #392
3235 4298 4721 4791 5139 5208 5262 5281 

Test #393
5354 5508 

Test #394
161 316 718 990 1197 1320 2110 

Test #395
2902 3513 3951 4192 4298 

Test #396
2583 2902 3531 3584 3773 3951 4075 4118 4192 

Test #397
155 667 841 2902 3458 3547 3584 

Test #398
2902 3513 3951 4192 4298 

Test #399
5354 

Test #400
155 491 667 841 2902 3458 3584 

Test #401
4298 4504 4505 4721 4724 

Test #402
161 339 411 446 669 718 990 1157 1197 1320 1499 

Test #403
155 491 2902 3458 3584 3672 

Test #404
3235 3718 3746 4298 4721 4791 4941 5126 5139 

Test #405
2583 2902 3951 4192 4298 4300 

Test #406
5354 5508 

Test #407
316 446 1110 2123 2226 2396 2640 

Test #408
161 339 411 446 669 718 990 1157 1197 1320 1499 

Test #409
4298 4505 4721 4724 4828 

Test #410
763 1782 2123 2396 2640 2859 2932 

Test #411
392 763 1782 2123 2396 2640 2859 

Test #412
155 667 841 2902 3458 3547 3584 

Test #413
316 718 1110 1197 1540 2110 2123 2213 2226 2241 2345 2350 

Test #414
446 763 2123 2226 2396 2640 2697 

Test #415
316 1110 2123 2226 2396 2453 

Test #416
81 161 316 718 990 1197 2110 2123 

Test #417
2902 3951 4192 4298 4300 

Test #418
2902 3513 3951 4192 4298 

Test #419
4298 4505 4721 4724 4828 

Test #420
2583 2902 3951 4192 4298 4300 

Test #421
2902 3513 3951 4192 4298 

Test #422
2635 2902 3433 3584 3588 3773 3793 3850 3931 3939 3964 

Test #423
2902 3531 3584 3588 3773 3793 3939 4069 4075 4118 

Test #424
2583 2902 3773 3951 4192 4298 4300 

Test #425
2583 2902 3773 3951 4192 4298 4300 

Test #426
763 1782 2123 2173 2640 2859 2902 3041 

Test #427
763 1551 1782 2123 2173 2396 2640 2657 2859 2902 2932 

Test #428
316 718 1110 1197 1540 2110 2123 2213 2226 2241 2345 2350 

Test #429
161 316 718 990 1320 2110 2123 

Test #430
763 1782 2123 2396 2640 2859 2932 

Test #431
2583 2902 3531 3773 3951 4192 4298 4300 

Test #432
4298 4791 5139 5281 5352 5354 

Test #433
763 1551 1782 2123 2173 2396 2640 2859 2902 2932 

Test #434
316 718 1110 1197 1540 2110 2123 2213 2226 2241 2345 2350 

Test #435
4298 4504 4505 4721 4724 

Test #436
161 339 446 718 990 1197 1320 1499 

Test #437
81 316 718 1197 2110 2123 2213 2226 2241 

Test #438
161 316 446 718 990 1197 1320 

Test #439
81 316 718 990 1197 2110 2123 2213 2226 

Test #440
5354 5508 

Test #441
763 2123 2173 2362 2416 2859 2902 3041 3221 3302 3316 

Test #442
667 2902 3221 3458 

Test #443
2362 2902 3221 3458 

Test #444
2635 2902 3433 3584 3588 3773 3793 3850 3931 3939 3964 

Test #445
2902 3513 3951 4192 4298 

Test #446
2583 2902 3531 3773 3951 4192 4298 4300 

Test #447
2902 3951 4192 4298 

Test #448
2362 2902 3221 3458 

Test #449
763 1782 2123 2173 2640 2859 2902 3041 3221 3227 

Test #450
2902 3433 3584 3588 3747 3793 

Test #451
81 316 718 1197 2110 2123 2213 2226 2241 

Test #452
81 316 718 1197 2110 2123 2213 2226 2241 

Test #453
161 316 718 990 1320 2110 2123 

Test #454
2902 4192 4298 4652 4721 4724 

Test #455
4298 4504 4505 4721 4724 

Test #456
4298 4505 4721 4724 4828 

Test #457
81 316 718 990 1197 2110 2123 2213 2226 

Test #458
316 1110 2123 2226 2345 2396 2453 

Test #459
161 165 339 359 411 446 718 797 990 1157 1197 1320 1351 1359 1486 1499 

Test #460
316 446 1110 2123 2226 2396 2640 

Test #461
2902 3458 3584 3588 3672 3747 

Test #462
2583 2902 3531 3773 3951 4192 

Test #463
316 1110 2123 2226 2396 2453 

Test #464
3235 3746 4298 4721 4791 5126 5139 5208 5262 

Test #465
4298 4504 4505 4721 4724 

Test #466
161 339 411 446 718 990 1197 1320 1499 

Test #467
161 165 339 359 411 446 718 990 1157 1197 1235 1320 1351 1359 1486 1499 1648 1655 1719 

Test #468
161 165 339 359 411 446 718 990 1157 1197 1235 1320 1351 1359 1486 1499 1648 1655 

Test #469
316 718 1110 1197 2110 2123 2213 2226 2241 

Test #470
316 718 1110 1197 2110 2123 2213 2226 2241 

Test #471
5354 5508 

Test #472
2635 2902 3433 3584 3588 3773 3793 3850 3931 3939 

Test #473
2902 3531 3584 3588 3773 3793 3939 4069 4075 4118 

Test #474
2173 2362 2902 3221 3302 3316 

Test #475
316 718 1110 1197 1540 2110 2123 2213 2226 2241 2345 2350 

Test #476
763 1782 2123 2173 2640 2859 2902 3041 

Test #477
81 161 316 718 990 1197 2110 2123 

Test #478
3235 3718 3746 4298 4721 4791 4941 5126 5139 

Test #479
4298 4505 4721 4724 4828 

Test #480
2902 3433 3584 3588 3747 3793 

Test #481
763 2123 2173 2362 2416 2859 2902 3221 3302 3316 

Test #482
161 165 339 359 411 446 718 797 990 1157 1197 1320 1351 1359 1486 1499 

Test #483
2583 2902 3773 3951 4192 4298 4300 

Test #484
2635 2902 3433 3584 3588 3793 3850 

Test #485
737 2902 4192 4298 4721 4724 

Test #486
2902 3433 3584 3588 3747 3793 

Test #487
763 1782 2123 2173 2640 2859 2902 3041 3221 3227 

Test #488
3235 4298 4721 4791 5139 5208 5281 5352 5354 

Test #489
2902 3513 3951 4192 4298 

Test #490
763 2123 2173 2362 2416 2859 2902 3041 3221 3302 3316 

Test #491
316 1110 2123 2226 2345 2396 2453 

Test #492
392 763 1782 2123 2226 2396 2640 2697 

Test #493
161 339 411 446 718 990 1197 1320 1499 

Test #494
763 2123 2173 2362 2416 2859 2902 3221 3302 3316 

Test #495
316 1110 2123 2226 2345 2396 2453 

Test #496
3235 4298 4721 4791 5139 5208 5262 5281 

Test #497
155 491 2902 3458 3584 3672 

Test #498
316 1110 2123 2226 2345 2396 2453 

Test #499
3235 4298 4721 4791 5139 5208 5281 5354 

Test #500
2583 2902 3531 3773 3951 4192 4298 4300 

