Test #1


Test #2
90 128 156 486 

Test #3
0 2 3 4 6 7 8 9 10 11 12 13 14 15 16 17 18 19 20 21 22 23 24 25 26 27 29 30 31 32 33 34 35 36 37 38 39 40 42 43 44 45 46 47 48 49 50 51 52 53 54 55 56 57 58 59 60 61 62 63 64 65 66 68 69 70 71 72 73 75 76 77 78 79 80 81 82 83 84 85 86 87 88 90 92 93 94 95 96 97 98 99 100 101 102 103 106 107 108 109 110 112 113 114 115 116 117 118 119 120 121 122 123 124 125 126 127 128 129 131 132 133 134 135 136 137 139 140 141 142 143 144 145 146 147 148 150 152 153 154 155 156 157 159 160 161 162 164 165 166 167 168 169 170 171 173 176 177 178 179 180 181 182 183 184 185 186 187 189 190 191 192 193 194 195 196 197 198 200 201 202 204 205 207 208 209 210 211 212 213 214 215 216 217 218 219 220 221 222 223 224 225 228 230 231 232 233 234 235 236 237 239 240 241 242 243 244 245 246 247 250 251 252 253 254 255 256 259 261 262 263 264 265 266 269 270 271 272 274 275 276 277 278 279 280 281 283 284 285 286 287 289 290 291 294 295 296 297 298 299 300 301 302 303 304 305 306 307 308 309 310 311 312 313 315 316 317 318 319 320 321 322 323 324 325 326 327 328 329 331 332 333 334 336 337 338 339 340 341 342 343 344 345 346 347 348 349 350 352 353 354 355 356 357 358 359 360 361 362 363 364 365 367 368 369 370 371 372 373 374 375 376 378 379 380 381 382 383 384 385 386 387 388 389 390 391 392 394 395 396 397 398 399 400 401 403 404 405 406 407 408 409 411 412 413 414 415 416 417 418 419 420 421 422 423 424 425 426 427 428 429 430 431 432 433 434 435 436 438 439 440 441 442 443 444 445 446 447 448 449 450 451 452 453 454 455 456 457 458 459 460 461 463 464 465 466 467 468 469 

Test #4


Test #5
772 1054 1127 1137 

Test #6
8 36 54 63 69 85 139 148 152 156 167 179 180 181 189 208 210 242 274 276 277 285 296 303 304 310 319 337 339 346 360 362 365 369 374 388 414 420 424 439 441 459 468 471 478 485 502 504 516 527 528 541 543 551 552 553 560 567 569 570 572 574 585 589 590 591 597 606 609 611 615 621 624 625 627 632 637 642 643 650 651 655 665 666 669 671 672 675 676 677 680 681 691 692 693 695 697 698 699 700 701 702 703 704 707 708 710 713 714 717 719 722 728 729 734 735 737 738 739 741 743 746 749 751 752 756 758 760 761 765 771 772 777 779 781 782 783 785 786 787 789 791 792 794 795 797 798 800 802 806 807 808 809 812 814 816 817 818 819 820 822 825 826 827 828 829 832 833 834 835 836 837 840 842 843 844 846 847 849 851 852 853 854 855 857 858 859 860 861 862 864 865 866 867 868 869 871 873 874 875 876 877 878 879 880 881 882 883 884 885 886 887 888 890 891 892 894 895 896 899 901 902 903 904 905 906 907 909 910 911 914 918 919 920 921 922 923 924 925 926 927 928 929 

Test #7
8 54 63 85 139 152 156 167 179 181 276 304 310 337 374 388 439 459 502 528 541 567 591 597 606 609 611 621 624 625 627 632 651 707 722 729 735 743 756 789 837 853 876 877 880 892 896 906 915 924 929 942 948 949 954 960 961 963 967 979 981 994 997 999 1008 1013 1018 1019 1020 1021 1024 1027 1030 1035 1040 1042 1043 1044 1045 1048 1056 1058 1060 1062 1064 1068 1069 1073 1074 1076 1078 1079 1080 1082 1084 1087 1088 1092 1093 1097 1099 1100 1102 1103 1104 1105 1106 1108 1109 1110 1112 1116 1119 1122 1124 1125 1127 1130 1131 1132 1135 1136 1137 1138 1141 1148 1150 1151 1152 1156 1161 1162 1164 1165 1167 1169 1170 1171 1175 1176 1178 1180 1183 1185 1186 1187 1188 1192 1193 1194 1195 1196 1199 1200 1202 1203 1206 1210 1212 1213 1216 1217 1218 1219 1221 1222 1223 1224 1226 1228 1230 1233 1234 1235 1237 1238 1240 1241 1242 1243 1244 1247 

Test #8


Test #9
2 8 36 48 54 56 63 69 75 85 88 101 104 139 148 152 156 157 167 179 180 181 189 208 210 226 242 274 276 277 285 296 303 304 310 319 337 339 346 360 362 365 369 370 374 388 395 413 414 420 424 439 441 459 468 470 471 478 485 502 504 516 527 528 538 541 543 547 551 552 553 555 560 564 567 569 570 572 574 585 589 590 591 592 595 597 598 606 609 611 615 619 621 624 625 627 629 632 637 642 643 645 648 650 651 655 659 664 665 666 669 670 671 672 675 676 677 678 680 681 691 692 693 694 695 697 698 699 700 701 702 703 704 706 707 708 710 712 713 714 717 719 721 722 723 726 727 728 729 731 733 734 735 737 738 739 740 741 742 743 745 746 748 749 751 752 755 756 758 760 761 764 765 768 769 771 772 776 777 779 780 781 782 783 785 786 787 788 789 791 792 794 795 797 798 800 801 802 803 804 806 807 808 809 810 811 812 814 816 817 818 819 820 822 823 825 826 827 828 829 830 832 833 834 835 836 837 838 839 840 842 843 844 845 846 847 848 849 850 851 852 853 854 855 856 857 858 859 860 861 862 863 864 865 866 867 868 869 870 871 872 873 874 875 876 877 878 879 880 881 882 883 884 885 886 887 888 889 890 891 892 893 894 895 896 897 898 899 

Test #10
2 9 11 13 15 17 21 22 23 24 25 26 30 32 33 35 37 40 43 44 46 48 49 55 59 60 61 62 63 68 70 71 72 77 79 80 82 87 88 90 92 96 98 100 102 107 108 110 112 114 118 120 123 124 128 135 136 139 140 145 146 147 154 155 156 159 164 167 168 171 177 178 179 182 183 186 189 191 194 195 197 198 202 205 207 209 211 216 217 218 220 222 223 225 228 230 231 232 235 239 241 242 243 244 246 247 250 259 262 263 264 265 266 272 275 277 279 280 284 287 294 296 300 302 306 307 310 311 312 317 319 320 321 322 326 328 329 333 336 340 341 343 345 346 347 349 352 353 358 359 363 369 374 376 378 380 381 383 386 390 391 395 396 398 399 403 405 408 411 412 415 428 429 434 435 436 438 439 446 447 448 450 451 452 455 459 460 464 465 468 469 

Test #11
0 1 2 3 4 5 6 7 8 9 11 12 13 14 15 16 17 18 19 20 21 22 23 24 25 26 27 29 30 31 32 33 34 35 36 37 38 39 40 42 43 44 45 46 47 48 49 51 52 53 54 55 56 57 58 59 60 61 62 63 64 65 66 68 69 70 71 72 73 76 77 79 80 81 82 83 84 85 87 88 89 90 91 92 93 94 95 96 97 98 99 100 101 102 103 105 106 107 108 109 110 112 113 114 115 116 117 118 119 120 121 122 123 124 125 126 127 128 129 130 131 132 134 135 136 137 139 140 142 143 144 145 146 147 148 151 152 153 154 155 156 159 160 161 162 163 164 165 166 167 168 169 171 175 176 177 178 179 180 181 182 183 184 185 186 187 188 189 190 191 192 194 195 196 197 198 200 202 204 205 206 207 208 209 211 212 213 214 215 216 217 218 219 220 221 222 223 224 225 227 228 229 230 231 232 233 234 235 236 237 239 240 241 242 243 244 245 246 247 248 250 251 252 253 254 255 256 259 260 261 262 263 264 265 266 269 270 271 272 274 275 276 277 278 279 280 281 282 283 284 285 287 289 290 291 294 295 296 297 298 299 300 301 302 303 304 305 306 307 308 309 310 311 312 313 315 316 317 318 319 320 321 322 323 324 326 327 328 329 330 331 332 333 335 336 340 341 342 343 344 345 346 347 348 349 350 351 352 353 354 355 356 357 358 359 360 361 362 363 364 366 367 368 369 371 372 373 374 375 376 378 379 380 381 382 383 384 385 386 387 388 390 391 392 394 395 396 398 399 401 402 403 404 405 406 407 408 411 412 414 415 416 418 420 421 422 423 424 425 426 427 428 429 430 431 432 433 434 435 436 438 439 

Test #12
2 4 7 8 13 15 16 17 19 21 22 26 27 28 30 31 32 34 35 36 37 39 40 43 44 47 48 49 50 51 52 54 55 56 57 58 59 63 65 66 68 69 72 73 75 76 78 79 81 82 85 88 90 93 96 100 101 103 106 108 110 113 114 115 116 119 121 122 123 124 125 126 127 128 129 131 133 135 136 137 139 140 141 143 144 145 148 150 152 156 157 158 161 162 164 165 166 167 168 169 170 178 179 180 181 183 185 186 187 189 191 192 193 197 200 204 205 207 208 209 211 213 216 217 219 220 223 224 225 230 233 234 235 237 239 241 242 244 245 247 250 252 253 256 258 262 263 265 266 270 271 272 273 274 275 276 277 278 279 280 281 283 284 285 286 287 290 291 294 296 298 300 301 302 303 304 305 306 307 308 310 312 317 318 319 320 322 323 324 327 329 331 332 333 336 337 339 340 342 346 347 348 350 352 353 354 355 356 357 359 360 361 362 365 367 368 369 370 371 372 374 375 381 386 388 389 390 392 395 397 398 399 403 404 406 408 409 410 411 412 414 419 420 423 424 425 428 429 431 432 433 434 435 436 439 441 442 443 444 445 446 449 450 451 452 453 454 456 457 458 459 463 464 465 467 468 469 470 472 473 474 475 476 477 478 479 480 482 483 484 485 486 487 488 489 490 491 492 493 494 496 498 499 500 501 502 503 504 505 506 507 508 509 510 511 512 513 514 515 516 517 518 521 522 523 524 525 526 527 528 529 530 531 532 533 534 535 536 537 538 539 540 541 542 543 544 545 546 548 549 550 551 552 553 554 555 556 557 558 559 560 561 562 563 564 565 566 567 568 569 

Test #13
139 156 167 208 210 226 276 304 310 370 459 485 553 572 589 591 621 627 651 722 798 800 853 873 886 896 907 928 940 960 961 964 975 979 991 997 1013 1020 1041 1044 1048 1053 1056 1057 1062 1069 1070 1073 1079 1085 1092 1094 1099 1100 1105 1106 1109 1113 1114 1118 1119 1127 1135 1137 1138 1146 1151 1152 1156 1157 1159 1161 1165 1166 1169 1171 1173 1176 1182 1184 1186 1188 1192 1193 1194 1195 1197 1198 1199 1202 1203 1204 1205 1208 1209 1210 1211 1212 1213 1214 1215 1218 1221 1222 1225 1227 1228 1232 1234 1235 1236 1237 1238 1240 1241 1243 1245 1246 1249 1250 1251 1253 1254 1255 1256 1258 1260 1261 1262 1263 1264 1265 1268 1269 1271 1272 1273 1274 1275 1276 1277 1278 1279 1284 1286 1287 1288 1289 1290 1291 1292 1293 1295 1296 1297 1298 1299 1300 1301 1302 1303 1304 1305 1306 1307 1308 1309 1310 1311 1312 1313 1314 1315 1316 1317 1318 1319 1320 1321 1323 1324 1325 1326 1327 1328 1329 1330 1331 1332 1333 1335 1337 1338 1339 1341 1342 1344 1346 1347 1348 1353 1354 1355 1356 1357 1358 1359 1360 1362 1363 1364 1365 1366 1367 1368 1369 1370 1371 1372 1373 1374 1375 1376 1377 1378 1379 1381 1382 1383 1384 1385 1388 1389 

Test #14
2 8 36 54 63 69 75 85 104 139 152 156 157 167 179 180 181 208 210 226 274 276 277 285 296 303 304 310 337 362 365 370 374 388 424 439 459 471 485 502 504 516 527 528 541 543 547 553 567 569 572 589 590 591 597 606 609 611 621 624 625 627 632 637 648 650 651 666 669 671 672 677 694 698 699 701 707 710 722 728 729 735 738 743 752 756 761 772 783 788 789 792 797 798 800 801 803 807 808 810 817 818 823 832 837 840 843 844 847 848 853 854 855 856 859 862 864 867 868 871 872 873 875 876 877 880 881 882 883 884 886 887 889 891 892 895 896 897 898 899 903 904 905 906 907 908 912 915 916 917 918 920 921 922 924 926 928 929 930 931 935 936 937 938 940 941 942 943 947 948 949 950 952 954 955 956 957 958 960 961 963 964 966 967 968 969 970 971 972 973 974 975 976 977 979 980 981 982 983 984 985 986 987 990 991 993 994 995 996 997 998 999 1000 1001 1003 1004 1005 1006 1007 1008 1009 1010 1011 1012 1013 1014 1015 1016 1017 1018 1019 1020 1021 1022 1023 1024 1025 1026 1027 1028 1029 1030 1031 1032 1033 1034 1035 1036 1037 1038 1039 1040 1041 1042 1043 1044 1045 1046 1047 1048 1049 1050 1051 1052 1053 1054 1055 1056 1057 1058 1059 

Test #15


Test #16
8 36 54 63 85 139 152 156 167 179 181 208 274 276 277 296 303 304 310 337 362 365 374 388 414 424 439 459 471 502 528 541 543 567 589 591 597 606 609 611 621 624 625 627 632 637 651 666 669 672 693 698 701 707 722 728 729 735 738 743 751 752 756 761 771 772 787 789 792 794 798 800 807 810 817 818 823 832 837 840 843 844 847 853 854 855 856 862 864 867 868 871 873 875 876 877 880 881 883 884 886 888 891 892 895 896 898 899 903 904 905 906 907 918 921 922 924 926 927 929 930 936 938 940 941 947 948 949 952 954 956 957 960 961 963 966 967 970 971 972 973 974 979 980 981 983 984 986 988 989 990 993 994 995 996 997 999 1001 1002 1003 1004 1005 1010 1011 1012 1015 1018 1019 1021 1024 1025 1026 1027 1028 1029 1031 1033 1034 1035 1036 1037 1038 1040 1043 1044 1046 1047 1048 1049 

Test #17


Test #18
8 36 54 63 69 85 139 152 156 167 179 180 181 208 210 226 274 276 277 285 296 303 304 310 337 362 365 370 374 388 414 424 439 459 468 471 485 502 504 516 527 528 541 543 553 567 569 572 589 590 591 597 606 609 611 621 624 625 627 632 637 650 651 666 669 671 672 677 693 698 699 701 704 707 710 713 717 719 722 728 729 735 738 743 746 751 752 756 760 761 771 772 783 786 787 789 792 794 797 798 800 801 803 807 809 810 817 818 819 823 825 832 834 835 837 840 843 844 847 848 849 852 853 854 855 856 859 860 861 862 864 865 867 868 871 872 873 874 875 876 877 879 880 881 882 883 884 885 886 887 888 889 891 892 895 896 898 899 900 901 903 904 905 906 907 909 910 914 915 918 920 921 922 924 925 926 927 928 929 930 931 932 935 936 938 939 940 941 944 946 947 948 949 951 952 954 956 957 958 959 960 961 963 964 965 966 967 969 970 971 972 973 974 975 976 977 979 980 981 983 984 985 986 987 988 989 990 991 992 993 994 995 996 997 998 999 1000 1001 1002 1003 1004 1005 1006 1007 1008 1009 

Test #19


Test #20
8 36 63 139 156 179 274 374 478 672 703 708 751 855 860 873 896 905 922 936 945 948 952 960 980 981 

Test #21
8 63 139 156 179 296 374 528 624 627 637 672 729 756 772 823 843 896 922 929 941 948 949 960 963 981 990 1005 1027 1035 1046 1048 1054 1055 1068 1071 1073 1082 1088 1090 1091 1105 1112 1120 1121 1127 

Test #22
2 8 17 34 36 47 48 54 56 63 65 69 79 85 88 93 101 103 106 110 119 139 140 148 152 156 167 179 180 181 189 207 208 210 217 242 262 270 274 276 277 280 281 285 290 296 303 304 310 319 337 339 346 356 360 362 365 367 369 370 374 388 390 395 400 408 413 414 420 424 428 439 441 444 445 452 453 458 459 468 470 471 473 476 478 485 492 495 496 502 504 508 509 512 516 517 523 527 528 529 531 535 538 541 543 545 546 549 551 552 553 555 557 560 563 564 565 567 569 570 572 574 576 581 583 585 588 589 590 591 592 593 595 597 598 605 606 607 609 610 611 612 613 614 615 617 618 619 620 621 623 624 625 627 628 629 632 633 634 635 637 638 642 643 645 647 650 651 652 655 656 657 658 659 661 662 664 665 666 668 669 670 671 672 673 674 675 676 677 678 680 681 682 683 684 686 687 688 690 691 692 694 695 696 697 698 701 702 703 704 705 706 707 708 709 710 712 713 714 715 716 717 722 724 725 726 727 728 730 731 732 733 734 735 736 737 738 739 741 743 744 745 747 748 749 750 751 752 753 754 755 756 757 758 759 761 762 763 764 765 766 767 768 769 770 771 772 773 774 775 777 778 779 

Test #23
139 156 179 310 541 611 627 896 979 999 1013 1020 1073 1084 1099 1105 1108 1109 1112 1119 1127 1131 1171 1176 1186 1188 1193 1194 1212 1213 1228 1240 1251 1254 1260 1262 1263 1265 1268 1273 1276 1279 1283 1288 1299 1303 1308 1309 1311 1312 1327 1328 1329 1332 1333 1347 1352 1357 1365 1368 1369 

Test #24
0 1 2 3 4 5 6 7 8 9 10 11 12 13 14 15 16 17 18 19 20 21 22 23 24 25 26 27 29 30 31 32 33 34 35 36 37 38 39 40 42 43 44 45 46 47 48 49 50 51 52 53 54 55 56 57 58 59 60 61 62 63 64 65 66 68 69 70 71 72 73 74 75 76 77 78 79 80 81 82 83 84 85 86 87 88 89 90 91 92 93 94 95 96 97 98 99 100 101 102 103 105 106 107 108 109 110 112 113 114 115 116 117 118 119 120 121 122 123 124 125 126 127 128 129 130 131 132 133 134 135 136 137 139 140 141 142 143 144 145 146 147 148 150 151 152 153 154 155 156 157 159 160 161 162 163 164 165 166 167 168 169 170 171 173 174 175 176 177 178 179 180 181 182 183 184 185 186 187 188 189 190 191 192 193 194 195 196 197 198 199 200 201 202 204 205 206 207 208 209 210 211 212 213 214 215 216 217 218 219 220 221 222 223 224 225 227 228 229 230 231 232 233 234 235 236 237 238 239 240 241 242 243 244 245 246 247 248 250 251 252 253 254 255 256 257 259 261 262 263 264 265 266 269 270 271 272 274 275 276 277 278 279 280 281 282 283 284 285 286 287 289 290 291 293 294 295 296 297 298 299 300 301 302 303 304 305 306 307 308 309 310 311 312 313 315 316 317 318 319 320 321 322 323 324 325 326 327 328 329 330 331 332 333 334 335 336 337 338 339 340 341 342 343 344 345 346 347 348 349 350 351 352 353 354 355 356 357 358 359 360 361 362 363 364 365 366 367 368 369 370 371 372 373 374 375 376 378 379 380 381 382 383 384 385 386 387 388 389 390 391 392 393 394 395 396 397 398 399 400 401 402 403 404 405 406 407 408 409 411 412 413 414 415 416 417 418 419 420 421 422 423 424 425 426 427 428 429 430 431 432 433 434 435 436 437 438 439 

Test #25
8 54 63 69 85 104 139 152 156 157 167 179 181 208 210 226 276 277 285 304 310 337 362 370 374 388 439 459 485 502 504 516 528 541 547 553 567 572 589 590 591 597 606 609 611 621 624 625 627 632 651 677 707 710 722 728 729 735 743 756 789 798 800 801 810 837 853 873 875 876 877 880 886 892 896 906 907 912 915 918 920 924 926 928 929 931 940 942 948 949 954 960 961 963 964 966 967 969 975 979 981 991 994 996 997 999 1007 1008 1009 1012 1013 1014 1018 1019 1020 1021 1022 1023 1024 1027 1030 1032 1034 1035 1040 1041 1042 1043 1044 1045 1046 1048 1050 1053 1056 1057 1058 1060 1062 1064 1065 1067 1068 1069 1070 1071 1073 1074 1076 1077 1078 1079 1080 1082 1083 1084 1085 1086 1087 1088 1092 1093 1094 1097 1098 1099 1100 1102 1103 1104 1105 1106 1108 1109 1110 1112 1113 1114 1116 1118 1119 1122 1124 1125 1126 1127 1128 1130 1131 1132 1135 1136 1137 1138 1139 1140 1141 1142 1143 1146 1147 1148 1149 1150 1151 1152 1154 1155 1156 1157 1158 1159 1161 1162 1164 1165 1166 1167 1168 1169 1170 1171 1172 1173 1174 1175 1176 1177 1178 1179 1180 1181 1182 1183 1184 1185 1186 1187 1188 1189 1190 1191 1192 1193 1194 1195 1196 1197 1198 1199 1200 1201 1202 1203 1204 1205 1206 1207 1208 1209 1210 1211 1212 1213 1214 1215 1216 1217 1218 1219 1220 1221 1222 1223 1224 1225 1226 1227 1228 1229 1230 1231 1232 1233 1234 1235 1236 1237 1238 1239 

Test #26


Test #27
8 63 85 139 156 167 179 181 274 296 303 304 310 337 374 388 439 459 502 528 541 567 597 606 609 611 621 624 625 627 632 637 651 669 672 707 722 728 729 735 743 756 761 772 789 792 810 817 823 843 847 853 873 877 880 886 892 896 898 906 922 924 926 929 940 941 947 948 949 954 960 963 967 970 971 972 979 981 983 986 990 994 995 997 999 1003 1005 1012 1018 1024 1025 1026 1027 1028 1033 1035 1036 1040 1045 1046 1047 1048 1049 1052 1054 1055 1056 1057 1058 1059 1060 1061 1062 1066 1068 1070 1071 1073 1074 1076 1079 1082 1084 1087 1088 1089 1090 1091 1092 1093 1095 1096 1097 1100 1102 1103 1104 1105 1106 1108 1110 1111 1112 1115 1117 1119 1120 1121 1122 1124 1125 1127 1129 

Test #28
8 54 63 69 75 85 104 139 152 156 157 167 179 181 208 210 226 276 277 285 303 304 310 337 362 370 374 388 424 439 459 485 502 504 516 527 528 541 547 553 567 572 589 590 591 597 606 609 611 621 624 625 627 632 637 651 666 672 677 707 710 722 728 729 735 743 756 761 772 789 792 798 800 801 807 810 817 837 843 847 853 873 875 876 877 880 886 892 896 897 898 906 907 912 915 916 917 918 920 922 924 926 928 929 931 935 940 942 943 947 948 949 954 955 957 960 961 963 964 966 967 969 970 972 975 979 981 982 984 985 986 990 991 994 995 996 997 998 999 1000 1003 1004 1005 1007 1008 1009 1012 1013 1014 1016 1017 1018 1019 1020 1021 1022 1023 1024 1026 1027 1028 1030 1032 1033 1034 1035 1036 1039 1040 1041 1042 1043 1044 1045 1046 1047 1048 1049 1050 1051 1052 1053 1054 1055 1056 1057 1058 1060 1061 1062 1063 1064 1065 1066 1067 1068 1069 1070 1071 1073 1074 1076 1077 1078 1079 1080 1081 1082 1083 1084 1085 1086 1087 1088 1089 1090 1091 1092 1093 1094 1096 1097 1098 1099 1100 1101 1102 1103 1104 1105 1106 1107 1108 1109 1110 1111 1112 1113 1114 1115 1116 1117 1118 1119 1120 1121 1122 1123 1124 1125 1126 1127 1128 1129 1130 1131 1132 1133 1134 1135 1136 1137 1138 1139 1140 1141 1142 1143 1144 1145 1146 1147 1148 1149 

Test #29
2 8 36 48 54 56 63 69 75 85 88 101 139 148 152 156 157 167 179 180 181 189 208 210 226 242 274 276 277 285 296 303 304 310 319 337 339 346 360 362 365 369 370 374 388 395 413 414 420 424 439 441 459 468 470 471 478 485 502 504 508 516 527 528 538 541 543 547 549 551 552 553 555 560 564 567 569 570 572 574 585 589 590 591 592 595 597 606 609 611 615 619 621 624 625 627 629 632 637 642 643 645 648 650 651 655 659 664 665 666 669 670 671 672 674 675 676 677 678 680 681 691 692 693 694 695 697 698 699 700 701 702 703 704 705 706 707 708 710 712 713 714 715 717 719 722 723 726 727 728 729 730 731 733 734 735 737 738 739 740 741 743 745 746 748 749 751 752 755 756 758 760 761 764 765 768 769 771 772 775 776 777 779 780 781 782 783 784 785 786 787 788 789 791 792 794 795 796 797 798 800 801 802 803 804 806 807 808 809 810 811 812 813 814 816 817 818 819 820 822 823 825 826 827 828 829 830 831 832 833 834 835 836 837 838 839 840 842 843 844 845 846 847 848 849 850 851 852 853 854 855 856 857 858 859 860 861 862 863 864 865 866 867 868 869 870 871 872 873 874 875 876 877 878 879 880 881 882 883 884 885 886 887 888 889 

Test #30
2 8 36 48 54 63 69 75 85 139 152 156 157 167 179 180 181 208 210 226 274 276 277 285 296 303 304 310 337 362 365 370 374 388 414 424 439 459 468 471 485 502 504 516 527 528 541 543 547 553 567 569 572 589 590 591 597 606 609 611 621 624 625 627 632 637 648 650 651 666 669 671 672 677 693 694 698 699 701 704 707 710 713 722 727 728 729 735 738 743 746 751 752 756 760 761 771 772 783 787 788 789 792 794 797 798 800 801 803 807 808 809 810 817 818 820 823 825 832 837 840 843 844 847 848 849 852 853 854 855 856 859 861 862 864 865 867 868 871 872 873 874 875 876 877 880 881 882 883 884 885 886 887 888 889 891 892 895 896 897 898 899 900 901 903 904 905 906 907 908 909 912 913 915 916 917 918 920 921 922 924 925 926 927 928 929 930 931 935 936 938 939 940 941 942 943 947 948 949 950 952 954 955 956 957 958 959 960 961 963 964 966 967 968 969 970 971 972 973 974 975 976 977 979 980 981 982 983 984 985 986 987 988 989 990 991 993 994 995 996 997 998 999 1000 1001 1002 1003 1004 1005 1006 1007 1008 1009 1010 1011 1012 1013 1014 1015 1016 1017 1018 1019 1020 1021 1022 1023 1024 1025 1026 1027 1028 1029 1031 1032 1033 1034 1035 1036 1037 1038 1039 

Test #31
8 36 63 139 156 179 274 478 574 615 624 675 703 708 737 751 752 777 791 829 855 867 873 875 886 896 910 922 936 

Test #32


Test #33
8 63 139 156 167 179 181 296 303 310 337 374 439 459 528 541 567 597 609 611 621 624 625 627 637 651 672 722 728 729 735 756 761 772 789 792 817 843 847 853 873 877 886 892 896 906 922 926 929 940 941 947 948 949 954 960 963 967 970 971 979 981 986 990 994 995 997 999 1003 1005 1018 1024 1027 1028 1033 1035 1036 1040 1045 1046 1048 1049 1052 1054 1055 1056 1058 1059 1061 1062 1066 1068 1070 1071 1073 1074 1082 1084 1087 1088 1090 1091 1093 1095 1096 1097 1100 1102 1103 1104 1105 1106 1108 1110 1112 1115 1120 1121 1122 1124 1125 1127 1129 1130 1132 1134 1135 1136 1137 

Test #34
8 36 63 139 156 179 274 296 303 310 360 374 414 459 478 528 624 627 637 669 672 692 701 703 708 713 722 728 737 749 751 752 761 789 794 809 828 835 836 844 847 853 855 860 862 867 873 875 879 886 896 903 905 909 910 922 933 936 939 945 948 952 960 962 965 967 

Test #35
2 8 36 48 54 56 63 69 85 101 139 148 152 156 167 179 180 181 189 208 210 226 242 274 276 277 285 296 303 304 310 319 337 339 346 360 362 365 369 370 374 388 395 414 420 424 439 441 459 468 470 471 478 485 502 504 516 527 528 541 543 551 552 553 555 560 567 569 570 572 574 585 589 590 591 592 595 597 606 609 611 615 619 621 624 625 627 629 632 637 642 643 650 651 655 664 665 666 669 670 671 672 675 676 677 678 680 681 691 692 693 695 697 698 699 700 701 702 703 704 707 708 710 712 713 714 717 719 722 726 727 728 729 734 735 737 738 739 741 743 745 746 749 751 752 755 756 758 760 761 764 765 768 771 772 776 777 779 781 782 783 785 786 787 788 789 791 792 794 795 797 798 800 801 802 806 807 808 809 810 812 814 816 817 818 819 820 822 825 826 827 828 829 830 832 833 834 835 836 837 838 840 842 843 844 845 846 847 848 849 850 851 852 853 854 855 856 857 858 859 860 861 862 864 865 866 867 868 869 870 871 872 873 874 875 876 877 878 879 880 881 882 883 884 885 886 887 888 890 891 892 894 895 896 898 899 900 901 902 903 904 905 906 907 909 

Test #36
8 36 54 63 85 139 152 156 167 179 180 181 208 210 226 274 276 277 285 296 303 304 310 337 362 365 370 374 388 424 439 459 471 485 502 504 516 527 528 541 543 553 567 569 572 589 590 591 597 606 609 611 621 624 625 627 632 637 651 666 669 672 677 698 699 701 707 710 722 728 729 735 738 743 752 756 761 772 783 789 792 797 798 800 801 803 807 810 817 818 823 832 837 840 843 847 853 855 856 862 867 872 873 875 876 877 880 882 883 884 886 887 889 891 892 895 896 898 899 904 905 906 907 915 916 917 918 920 922 924 926 928 929 931 935 936 940 941 942 943 947 948 949 952 954 956 957 958 960 961 963 964 966 967 969 970 971 972 973 974 975 976 977 979 980 981 983 984 985 986 987 990 991 993 994 995 996 997 998 999 1000 1001 1003 1004 1005 1006 1007 1008 1009 1010 1011 1012 1013 1014 1015 1016 1018 1019 1021 1024 1025 1026 1027 1028 1029 1031 1033 1034 1035 1036 1037 1038 1040 1042 1043 1044 1045 1046 1047 1048 1049 1051 1052 1053 1054 1055 1056 1057 1058 1059 1060 1061 1062 1064 1066 1067 1068 1069 1070 1071 1072 1073 1074 1075 1076 1077 1078 1079 

Test #37


Test #38
8 36 63 139 156 179 274 296 374 478 574 615 624 672 675 703 708 728 737 751 752 761 777 791 829 836 855 860 867 873 875 886 896 909 910 922 936 939 

Test #39
8 63 139 156 179 181 304 310 337 374 388 439 459 502 528 541 567 609 611 621 624 625 627 632 651 729 735 743 756 789 853 876 877 880 892 896 906 924 929 942 948 949 954 960 963 967 979 981 994 997 999 1013 1018 1019 1020 1021 1024 1027 1035 1040 1042 1045 1048 1060 1062 1064 1068 1073 1074 1076 1079 1082 1084 1088 1092 1093 1097 1099 1100 1102 1103 1104 1105 1106 1108 1109 1110 1112 1116 1119 1122 1124 1125 1127 1130 1131 1132 1135 1136 1137 1138 1150 1151 1156 1161 1162 1164 1165 1170 1171 1175 1176 1178 1185 1186 1187 1192 1193 1194 1195 1196 1199 1200 1202 1210 1212 1213 1217 1218 1219 1221 1222 1226 1228 1230 1233 1234 1235 

Test #40
8 54 63 85 139 152 156 167 179 181 208 276 304 310 337 362 374 388 424 439 459 502 528 541 567 572 589 591 597 606 609 611 621 624 625 627 632 651 666 672 707 722 728 729 735 743 756 761 772 789 792 798 800 810 817 837 843 847 853 873 876 877 880 886 892 896 898 906 907 922 924 926 929 940 947 948 949 954 955 960 961 963 966 967 970 972 979 981 986 990 994 995 997 999 1000 1003 1004 1008 1013 1016 1018 1019 1020 1021 1024 1026 1027 1028 1033 1034 1035 1036 1040 1042 1043 1044 1045 1046 1047 1048 1049 1052 1054 1055 1056 1057 1058 1060 1061 1062 1064 1066 1068 1069 1070 1071 1073 1074 1076 1078 1079 1080 1081 1082 1084 1087 1088 1089 1090 1091 1092 1093 1097 1099 1100 1101 1102 1103 1104 1105 1106 1107 1108 1109 1110 1111 1112 1115 1117 1119 1120 1121 1122 1123 1124 1125 1126 1127 1129 1130 1131 1132 1134 1135 1136 1137 1138 1142 1145 1148 1149 1150 1152 1153 1156 

Test #41


Test #42
8 17 28 36 47 54 63 65 79 85 88 93 103 106 110 119 139 140 143 148 152 156 167 179 181 189 208 217 224 242 270 274 276 277 280 281 290 296 298 303 304 310 319 329 333 346 356 360 362 369 372 374 381 388 390 395 408 414 420 424 428 431 439 441 444 445 452 453 459 465 468 473 476 478 482 485 492 494 496 502 503 508 509 512 516 523 524 528 529 535 536 541 546 551 552 555 557 558 560 563 564 565 567 569 574 576 577 580 581 583 585 588 589 590 592 593 594 595 597 601 604 605 606 609 610 611 612 613 614 615 617 618 620 621 623 624 625 627 628 630 632 633 637 638 642 643 645 650 651 652 656 657 658 662 663 664 665 666 669 670 671 672 673 674 675 676 678 679 681 682 684 685 688 690 692 694 695 701 703 705 706 709 711 712 713 716 717 720 722 725 726 728 730 731 732 734 735 736 737 739 741 743 744 745 748 749 

Test #43


Test #44
36 63 139 152 156 179 274 296 303 374 441 445 453 478 509 555 605 613 615 617 624 642 650 656 669 673 676 681 682 684 688 690 695 703 725 728 734 739 741 751 752 761 765 774 782 

Test #45
9 13 15 17 21 23 26 30 35 37 40 43 44 49 55 60 63 79 82 88 90 92 100 102 107 110 114 123 124 125 128 136 139 140 145 155 156 164 168 178 179 182 183 186 189 191 197 198 204 205 207 209 216 217 220 225 230 231 232 233 235 239 243 244 246 247 250 264 265 266 272 275 277 280 284 287 294 296 298 300 302 306 307 310 311 312 319 322 326 329 336 341 343 346 347 359 369 374 375 378 381 386 395 399 403 408 411 412 415 429 431 434 439 446 447 448 450 451 452 455 464 465 474 481 482 486 493 499 506 512 519 

Test #46
8 36 63 139 152 156 167 179 189 274 296 303 310 319 360 369 374 439 441 459 478 528 551 555 560 567 574 592 609 615 624 627 637 642 643 669 671 672 675 678 681 692 701 703 708 712 713 722 728 731 735 737 739 741 743 745 751 752 755 761 765 768 777 782 785 789 791 795 797 798 812 827 828 829 834 835 836 842 844 845 846 847 850 853 855 860 862 867 868 873 875 886 887 888 890 894 896 902 904 905 909 

Test #47
2 8 36 48 54 63 69 75 85 139 152 156 157 167 179 180 181 208 210 226 242 274 276 277 285 296 303 304 310 319 337 360 362 365 370 374 388 414 420 424 439 459 468 471 478 485 502 504 516 527 528 541 543 547 553 567 569 572 589 590 591 597 606 609 611 621 624 625 627 632 637 648 650 651 666 669 671 672 677 681 691 692 693 695 697 698 699 701 703 704 707 708 710 713 717 719 722 723 726 727 728 729 733 734 735 738 740 741 743 746 749 751 752 756 760 761 765 771 772 782 783 785 786 787 788 789 792 794 795 797 798 800 801 802 803 807 808 809 810 811 814 816 817 818 819 820 823 825 832 834 835 836 837 840 843 844 847 848 849 852 853 854 855 856 859 860 861 862 863 864 865 867 868 871 872 873 874 875 876 877 879 880 881 882 883 884 885 886 887 888 889 890 891 892 893 894 895 896 898 899 900 901 902 903 904 905 906 907 908 909 910 911 912 913 914 915 916 917 918 919 920 921 922 923 924 925 926 927 928 929 930 931 932 933 935 936 937 938 939 940 941 942 943 944 945 946 947 948 949 950 951 952 953 954 955 956 957 958 959 960 961 962 963 964 965 966 967 968 969 970 971 972 973 974 975 976 977 978 979 

Test #48
2 3 4 7 8 13 15 16 17 19 21 22 26 27 28 30 31 32 34 35 36 37 39 40 43 44 47 48 49 50 51 52 53 54 55 56 57 58 59 63 65 66 68 69 72 73 74 75 76 78 79 81 82 83 85 88 90 92 93 96 99 100 101 103 106 108 110 113 114 115 116 119 121 122 123 124 125 126 127 128 129 131 133 135 136 137 139 140 141 143 144 145 148 150 152 156 157 158 161 162 164 165 166 167 168 169 170 178 179 180 181 183 185 186 187 189 191 192 193 196 197 200 201 203 204 205 207 208 209 210 211 213 216 217 219 220 223 224 225 226 230 233 234 235 237 239 241 242 243 244 245 247 250 251 252 253 256 258 261 262 263 265 266 270 271 272 273 274 275 276 277 278 279 280 281 283 284 285 286 287 290 291 292 294 296 298 300 301 302 303 304 305 306 307 308 310 312 317 318 319 320 322 323 324 327 329 331 332 333 334 336 337 339 340 342 343 346 347 348 350 352 353 354 355 356 357 359 360 361 362 365 367 368 369 370 371 372 373 374 375 377 381 386 388 389 390 392 393 395 397 398 399 400 403 404 406 408 409 410 411 412 413 414 419 420 423 424 425 428 429 431 432 433 434 435 436 437 439 440 441 442 443 444 445 446 449 450 451 452 453 454 456 457 458 459 461 463 464 465 467 468 469 470 471 472 473 474 475 476 477 478 479 480 481 482 483 484 485 486 487 488 489 490 491 492 493 494 496 498 499 500 501 502 503 504 505 506 507 508 509 510 511 512 513 514 515 516 517 518 520 521 522 523 524 525 526 527 528 529 530 531 532 533 534 535 536 537 538 539 540 541 542 543 544 545 546 547 548 549 550 551 552 553 554 555 556 557 558 559 

Test #49
55 128 140 156 178 512 534 588 

Test #50
2 8 17 28 34 36 47 48 54 56 63 65 69 76 79 85 88 90 93 101 103 106 110 119 131 139 140 143 148 152 156 167 170 179 180 181 189 207 208 210 217 224 239 242 245 262 270 273 274 276 277 280 281 285 290 296 298 303 304 310 319 329 333 337 339 346 356 359 360 362 365 367 369 370 372 374 381 388 390 395 400 408 411 413 414 420 424 428 431 439 441 444 445 452 453 458 459 465 468 470 471 473 476 478 482 485 492 493 494 495 496 502 503 504 508 509 512 516 517 523 524 527 528 529 531 532 535 536 538 541 543 545 546 549 550 551 552 553 555 556 557 558 560 562 563 564 565 566 567 569 570 572 574 576 577 580 581 582 583 585 588 589 590 591 592 593 594 595 597 598 600 601 603 604 605 606 607 609 610 611 612 613 614 615 617 618 619 620 621 623 624 625 626 627 628 629 630 632 633 634 635 637 638 640 641 642 643 645 647 648 649 650 651 652 655 656 657 658 659 661 662 663 664 665 666 668 669 670 671 672 673 674 675 676 677 678 679 681 682 683 684 685 686 687 688 690 691 692 694 695 696 697 698 700 701 702 703 704 705 706 707 708 709 710 711 712 713 714 715 716 717 720 722 724 725 726 727 728 730 731 732 733 734 735 736 737 738 739 

Test #51


Test #52
55 140 156 294 296 322 512 534 588 

Test #53
156 739 752 765 

Test #54
63 119 139 156 179 224 274 296 298 303 372 374 390 431 441 445 453 465 476 478 503 555 580 588 605 613 615 617 624 628 643 650 669 673 676 679 681 682 684 685 688 690 695 725 728 739 741 751 752 

Test #55
13 15 16 17 26 35 40 55 59 63 65 79 90 116 119 123 124 125 139 140 156 168 178 179 183 186 189 197 205 220 224 233 235 239 244 250 256 272 275 277 294 296 298 300 302 310 318 319 322 336 340 347 369 374 375 390 395 399 403 408 431 433 434 439 441 446 452 474 486 506 512 522 526 528 530 531 534 536 537 546 552 554 558 560 571 577 579 580 588 

Test #56
8 36 63 139 152 156 167 179 189 274 296 303 310 374 441 445 453 459 478 528 535 555 560 563 574 592 615 617 618 624 642 643 650 656 669 671 673 675 676 681 682 684 690 695 701 703 716 722 725 728 734 737 739 741 745 748 751 752 761 765 775 777 782 785 789 791 796 813 815 

Test #57
9 13 15 17 21 26 30 35 40 55 60 63 79 82 88 90 110 123 125 128 136 139 140 145 156 164 168 178 179 183 186 191 197 198 204 205 209 216 217 220 233 235 239 243 244 247 250 265 266 272 275 277 284 287 294 296 298 300 306 310 312 319 322 326 336 369 374 375 395 403 408 415 431 434 446 447 450 452 474 481 486 493 499 506 512 519 522 526 528 534 536 546 

Test #58


Test #59
156 

Test #60
2 8 13 17 28 34 36 40 47 48 54 56 63 65 66 69 76 79 85 88 90 93 101 103 106 110 119 139 140 141 143 148 152 156 165 167 168 170 179 180 181 189 192 207 208 209 210 216 217 224 239 242 245 247 262 270 273 274 276 277 280 281 285 290 291 296 298 303 304 310 319 329 333 337 339 346 356 360 362 365 367 369 372 374 381 388 390 392 395 408 411 413 414 420 424 428 431 439 441 444 445 452 453 458 459 465 468 470 471 473 476 478 482 485 492 493 494 495 496 498 499 502 503 504 508 509 512 516 517 523 524 525 526 527 528 529 531 532 535 536 537 538 541 543 545 546 548 549 550 551 552 553 555 556 557 558 560 563 564 565 566 567 568 569 570 572 574 576 577 580 581 582 583 585 586 588 589 590 591 592 593 594 595 597 598 599 600 601 603 604 605 606 609 610 611 612 613 614 615 617 618 619 620 621 623 624 625 626 627 628 629 630 632 633 634 635 637 638 640 642 643 645 647 650 651 652 655 656 657 658 661 662 663 664 665 666 667 668 669 670 671 672 673 674 675 676 677 678 679 681 682 683 684 685 687 688 689 690 692 694 695 697 698 701 702 703 705 706 707 708 709 710 711 712 713 714 715 716 717 

Test #61
2 8 17 28 34 36 47 48 54 63 65 69 79 85 88 90 93 101 103 106 110 119 139 140 143 148 152 156 167 170 179 181 189 207 208 217 224 242 270 274 276 277 280 281 285 290 296 298 303 304 310 319 329 333 337 346 356 360 362 365 369 372 374 381 388 390 395 408 413 414 420 424 428 431 439 441 444 445 452 453 459 465 468 470 471 473 476 478 482 485 492 495 496 502 503 508 509 512 516 523 524 527 528 529 531 535 536 541 543 545 546 551 552 555 556 557 558 560 563 564 565 567 569 570 572 574 576 577 580 581 582 583 585 588 589 590 592 593 594 595 597 601 604 605 606 609 610 611 612 613 614 615 617 618 620 621 623 624 625 627 628 629 630 632 633 634 635 637 638 642 643 645 647 650 651 652 656 657 658 661 662 663 664 665 666 668 669 670 671 672 673 674 675 676 678 679 681 682 683 684 685 687 688 690 692 694 695 698 701 702 703 705 706 707 708 709 710 711 712 713 714 715 716 717 720 722 725 726 727 728 730 731 732 733 734 735 736 737 739 741 743 744 745 748 749 

Test #62
30 90 128 140 156 296 311 378 395 486 

Test #63
139 156 179 310 541 611 627 896 979 1013 1084 1099 1109 1119 1131 1171 1176 1186 1188 1194 1212 1213 1228 1251 1260 1262 1265 1268 1273 1276 1279 1283 1288 1303 1308 1309 1311 1312 1327 1329 1332 1347 1352 1357 1365 1368 1369 

Test #64
0 2 4 7 8 9 10 12 13 15 16 17 19 20 21 22 23 24 25 26 27 29 30 31 32 33 34 35 36 37 38 39 40 42 43 44 46 47 48 49 51 52 53 54 55 57 58 59 60 62 63 64 65 66 68 69 70 71 72 73 76 77 79 80 81 82 83 84 85 87 88 90 92 93 94 96 97 98 99 100 101 102 103 106 107 108 109 110 112 113 114 115 116 117 119 121 122 123 124 125 126 127 128 129 131 132 134 135 136 137 139 140 143 144 145 146 147 148 152 153 155 156 159 161 162 164 165 166 167 168 169 171 176 177 178 179 181 182 183 185 186 187 189 191 192 194 195 196 197 198 200 202 204 205 207 208 209 211 212 213 214 216 217 218 219 220 222 223 224 225 228 230 231 232 233 234 235 236 237 239 240 241 242 243 244 245 246 247 250 251 252 253 256 259 261 262 263 264 265 266 269 270 271 272 274 275 276 277 278 279 280 281 283 284 285 287 290 291 294 295 296 297 298 300 301 302 303 304 305 306 307 308 310 311 312 315 316 317 318 319 320 322 323 324 326 327 329 331 332 333 336 340 341 342 343 345 346 347 348 349 350 352 353 355 356 357 359 360 361 362 367 368 369 371 372 374 375 378 379 380 381 383 384 385 386 387 388 389 390 391 392 394 395 398 399 401 403 404 406 407 408 411 412 414 415 416 417 418 420 423 424 425 426 428 429 430 431 432 433 434 435 436 438 439 440 441 442 443 444 446 447 448 449 450 451 452 453 454 455 457 459 460 463 464 465 466 467 468 469 473 474 475 476 477 478 479 480 481 482 485 486 487 488 489 490 492 493 494 496 497 499 

Test #65
8 36 63 139 156 167 179 274 296 303 310 337 374 414 439 459 528 541 543 567 597 606 609 611 624 625 627 637 666 669 672 701 707 713 722 728 729 735 743 746 751 752 756 761 771 772 789 792 794 798 809 817 832 840 843 844 847 853 855 862 864 865 867 873 875 877 880 883 886 888 892 896 899 903 904 905 907 909 910 921 922 926 927 929 936 938 939 940 941 948 949 952 954 956 957 960 967 970 971 972 974 979 980 981 983 986 988 990 994 995 996 997 999 1002 1003 1005 1010 1011 1012 1015 1027 1028 1029 

Test #66
8 63 139 156 179 181 310 337 374 439 459 528 541 567 609 611 621 624 625 627 651 728 729 735 756 789 876 877 892 896 906 929 948 949 954 960 963 967 979 981 994 997 999 1013 1018 1019 1020 1024 1035 1040 1042 1045 1046 1048 1062 1068 1073 1076 1082 1084 1088 1093 1097 1099 1102 1103 1104 1105 1106 1108 1109 1110 1112 1119 1122 1125 1127 1130 1131 1132 1135 1136 1137 1138 1149 1156 1162 1164 1170 1171 1172 1175 1176 1178 1186 1187 1193 1194 1196 1199 1200 1202 1206 1210 1212 1213 1217 1218 1221 1222 1226 1228 1233 1235 

Test #67
8 17 36 63 65 85 88 106 110 139 152 156 167 179 189 242 274 277 280 281 290 296 303 304 310 319 360 369 374 395 408 414 439 441 445 453 459 473 478 496 502 516 523 528 535 551 552 555 557 560 563 564 565 567 574 576 581 583 585 589 592 597 605 606 609 610 613 614 615 617 618 621 623 624 625 627 628 632 637 638 642 643 650 652 656 658 662 664 665 669 670 671 672 673 674 675 676 678 681 682 684 690 695 701 703 708 712 713 716 717 722 725 726 728 730 731 732 734 735 737 739 741 743 744 745 748 751 752 755 756 757 758 759 761 762 763 764 765 768 769 771 775 777 781 782 785 786 789 791 792 795 796 797 798 805 806 808 

Test #68
8 36 63 85 139 152 156 167 179 181 274 276 277 296 303 304 310 337 374 388 414 424 439 459 471 502 528 541 543 567 589 597 606 609 611 621 624 625 627 632 637 651 666 669 672 693 698 701 707 722 728 729 735 743 751 752 756 761 771 772 787 789 792 794 798 817 823 832 837 840 843 844 847 853 854 855 862 864 867 868 873 874 875 877 880 881 883 886 888 891 892 895 896 899 903 904 905 906 907 909 921 922 924 925 926 927 929 930 936 938 939 940 941 948 949 952 954 956 957 960 961 967 970 971 972 974 979 980 981 983 984 986 988 989 990 993 994 995 996 997 999 1002 1003 1004 1005 1010 1011 1012 1015 1024 1025 1026 1027 1028 1029 1031 1033 1034 1035 1036 1037 1038 

Test #69


Test #70
8 36 63 139 156 179 274 478 672 708 751 855 860 896 922 936 945 948 952 960 980 981 

Test #71


Test #72
8 36 63 139 156 179 274 296 374 441 478 555 560 574 592 615 624 669 675 703 708 731 737 739 745 751 752 761 765 777 785 791 829 835 836 847 850 855 867 873 875 886 896 909 

Test #73
139 156 167 208 210 226 276 304 310 459 572 589 591 606 609 621 627 651 722 800 853 896 907 928 940 960 961 964 966 979 997 1009 1013 1014 1020 1041 1053 1056 1062 1064 1069 1073 1079 1092 1094 1099 1100 1105 1106 1109 1113 1114 1118 1119 1127 1135 1137 1138 1146 1151 1152 1156 1159 1161 1165 1166 1169 1171 1173 1176 1182 1184 1186 1188 1192 1193 1194 1195 1197 1198 1199 1202 1203 1205 1209 1210 1211 1212 1213 1214 1215 1218 1221 1222 1225 1227 1228 1232 1234 1235 1237 1238 1240 1241 1243 1245 1246 1249 1250 1251 1253 1254 1256 1260 1261 1262 1263 1264 1265 1266 1267 1268 1269 1273 1274 1275 1276 1279 1284 1285 1287 1288 1289 1290 1291 1293 1295 1298 1299 1300 1301 1302 1303 1304 1305 1306 1307 1308 1309 1310 1311 1312 1315 1317 1318 1319 1320 1321 1323 1324 1325 1326 1327 1328 1329 1330 1331 1332 1333 1335 1337 1338 1339 1341 1342 1344 1347 1348 1349 1352 1353 1355 1357 1358 1359 1362 1363 1365 1366 1368 1369 1370 1371 1373 1374 1375 1377 1378 1381 1384 1388 1389 

Test #74


Test #75
54 63 85 139 152 156 167 179 181 208 210 226 276 277 285 304 310 337 362 370 374 388 439 459 485 502 504 528 541 553 567 572 589 591 597 606 609 611 621 624 625 627 632 651 677 707 722 729 735 756 789 798 800 801 810 837 853 873 876 877 880 886 892 896 906 907 915 920 924 926 928 929 931 940 942 948 954 960 961 963 964 966 967 969 975 979 981 991 994 996 997 999 1008 1009 1013 1014 1019 1020 1021 1023 1024 1027 1030 1034 1040 1041 1042 1043 1044 1045 1048 1053 1056 1057 1058 1060 1062 1064 1067 1068 1069 1070 1071 1073 1074 1076 1077 1078 1079 1080 1082 1083 1084 1085 1087 1088 1092 1093 1098 1099 1100 1102 1103 1104 1105 1106 1108 1109 1110 1112 1113 1114 1116 1118 1119 1122 1124 1125 1126 1127 1128 1130 1131 1132 1135 1136 1137 1138 1139 1141 1142 1146 1148 1150 1151 1152 1154 1155 1156 1158 1159 1161 1164 1165 1166 1167 1169 1170 1171 1174 1175 1176 1177 1178 1179 1180 1181 1182 1183 1184 1185 1186 1187 1188 1189 1191 1192 1193 1194 1195 1196 1197 1198 1199 1200 1202 1203 1204 1206 1208 1209 1210 1211 1212 1213 1214 1215 1216 1217 1218 1219 1221 1222 1223 1224 1225 1226 1227 1228 1229 1230 1231 1232 1233 1234 1235 1236 1237 1238 1239 1240 1241 1242 1243 1244 1245 1246 1247 1248 1249 1250 1251 1252 1253 1254 1256 1257 1259 

Test #76
156 445 

Test #77
2 4 8 13 17 28 34 36 39 40 47 48 54 56 58 63 65 66 69 76 79 85 88 90 93 101 103 106 110 119 123 131 137 139 140 141 143 148 152 156 165 166 167 168 170 179 180 181 189 192 197 205 207 208 209 216 217 224 239 242 245 247 262 270 273 274 276 277 280 281 285 290 291 296 298 303 304 310 319 329 333 337 339 346 356 360 362 365 367 369 372 374 381 388 390 392 395 397 408 411 413 414 420 424 428 431 439 441 444 445 452 453 458 459 463 465 468 470 471 473 476 478 482 484 485 486 492 493 494 495 496 498 499 502 503 504 508 509 512 514 516 517 523 524 525 526 527 528 529 531 532 535 536 537 538 540 541 543 545 546 548 549 550 551 552 553 555 556 557 558 560 562 563 564 565 566 567 568 569 570 572 574 576 577 580 581 582 583 585 586 588 589 590 591 592 593 594 595 596 597 598 599 600 601 602 603 604 605 606 607 609 610 611 612 613 614 615 617 618 619 620 621 622 623 624 625 626 627 628 629 630 631 632 633 634 635 636 637 638 639 640 642 643 644 645 647 650 651 652 655 656 657 658 661 662 663 664 665 666 667 668 669 670 671 672 673 674 675 676 677 678 679 681 682 683 684 685 687 688 689 690 692 694 695 697 698 

Test #78
8 36 63 139 156 179 274 374 414 672 713 751 756 855 896 903 905 922 936 948 952 960 967 980 981 990 995 1002 1010 1011 1015 1027 

Test #79
2 8 36 54 56 63 69 85 139 148 152 156 167 179 180 181 189 208 210 226 242 274 276 277 285 296 303 304 310 319 337 339 346 360 362 365 370 374 388 414 420 424 439 459 468 471 478 485 502 504 516 527 528 541 543 553 567 569 570 572 589 590 591 597 606 609 611 615 621 624 625 627 632 637 642 650 651 655 666 669 671 672 675 677 681 691 692 693 695 697 698 699 700 701 703 704 707 708 710 713 714 717 719 722 728 729 734 735 737 738 741 743 746 749 751 752 756 760 761 765 771 772 781 782 783 785 786 787 788 789 791 792 794 795 797 798 800 802 803 806 807 808 809 810 814 816 817 818 819 820 822 823 825 826 828 829 832 833 834 835 836 837 838 840 843 844 847 848 849 852 853 854 855 856 857 859 860 861 862 864 865 867 868 869 871 873 874 875 876 877 878 879 880 881 882 883 884 885 886 887 888 890 891 892 894 895 896 899 900 901 902 903 904 905 906 907 909 910 911 914 918 919 920 921 922 923 924 925 926 927 928 929 930 931 932 933 935 936 938 939 940 941 944 945 946 947 948 949 950 951 952 953 954 956 957 958 959 

Test #80
8 36 63 139 156 179 274 672 756 772 855 905 922 936 948 952 960 981 990 1010 1027 1054 1055 1068 1073 1082 

Test #81
0 1 2 4 5 6 9 11 13 15 17 18 20 21 22 23 24 25 26 27 29 30 31 32 33 34 35 37 39 40 43 44 46 47 48 49 51 54 55 57 59 60 61 62 63 65 68 69 70 71 72 77 80 81 82 83 85 87 88 90 92 93 96 97 98 99 100 101 102 105 106 107 108 109 110 112 114 116 118 120 122 123 124 128 132 135 136 139 140 145 146 147 151 152 154 155 156 159 160 163 164 165 166 167 168 169 171 177 178 179 181 182 183 184 185 186 188 189 190 191 192 194 195 196 197 198 200 202 205 206 207 209 211 215 216 217 218 219 220 221 222 223 225 227 228 230 231 232 233 235 239 241 242 243 244 245 246 247 248 250 253 254 255 259 262 263 264 265 266 269 272 275 277 279 280 282 284 287 289 291 294 295 296 298 299 300 301 302 304 305 306 307 308 310 311 312 316 317 319 320 321 322 326 328 329 330 332 333 336 340 341 342 343 345 346 347 348 349 351 352 353 356 357 358 359 362 363 369 374 375 376 378 379 380 381 382 383 384 386 390 391 394 395 396 398 399 403 405 408 411 412 415 416 421 422 423 425 428 429 430 431 432 434 435 436 438 439 442 446 447 448 

Test #82
8 36 54 63 69 85 88 101 139 148 152 156 167 179 180 181 189 208 242 274 276 277 285 296 303 304 310 319 337 339 346 360 362 365 369 374 388 395 408 413 414 420 424 439 441 445 452 458 459 468 471 478 485 502 504 508 516 527 528 541 543 551 552 553 555 560 564 567 569 570 572 574 585 589 590 591 592 595 597 606 609 611 612 615 618 621 623 624 625 627 629 632 637 642 643 645 650 651 655 659 664 665 666 669 670 671 672 674 675 676 677 678 680 681 684 686 690 691 692 695 696 697 698 701 702 703 705 706 707 708 710 712 713 714 715 716 717 719 722 725 726 727 728 729 730 731 732 734 735 737 738 739 741 743 745 746 747 748 749 751 752 755 756 758 761 764 765 766 768 769 770 771 772 775 777 778 779 781 782 783 784 785 786 787 788 789 791 792 794 795 796 797 798 800 802 806 807 808 809 812 813 814 816 817 818 819 820 821 822 825 827 828 829 830 832 833 834 835 836 837 838 840 841 842 843 844 845 846 847 849 850 851 852 853 854 855 858 859 860 861 862 864 865 866 867 868 869 

Test #83
2 4 7 8 13 15 16 17 26 28 31 34 36 39 40 43 47 48 54 55 56 57 58 59 63 65 66 69 74 75 76 78 79 82 85 88 90 93 96 100 101 103 106 110 114 115 116 119 121 122 123 124 125 127 131 133 135 137 139 140 141 143 144 148 152 156 157 158 161 162 164 165 166 167 168 169 170 179 180 181 183 185 187 189 191 192 193 197 201 205 207 208 209 210 213 216 217 219 220 224 225 226 233 237 239 242 244 245 247 250 252 256 262 270 271 272 273 274 275 276 277 278 280 281 283 285 290 291 296 298 300 301 302 303 304 305 306 307 310 312 317 318 319 322 323 324 329 331 332 333 334 336 337 339 342 346 347 348 352 353 354 356 357 359 360 362 365 367 369 370 371 372 374 375 381 386 388 390 392 393 395 397 399 400 403 404 408 409 411 413 414 419 420 424 428 431 432 433 435 436 437 439 441 444 445 446 449 452 453 454 456 457 458 459 461 463 464 465 467 468 470 471 473 474 476 478 479 482 484 485 486 487 490 491 492 493 494 495 496 498 499 500 502 503 504 507 508 509 512 513 514 515 516 517 518 521 522 523 524 525 526 527 528 529 530 531 532 533 534 535 536 537 538 540 541 542 543 544 545 546 547 548 549 550 551 552 553 555 556 557 558 559 560 562 563 564 565 566 567 568 569 570 571 572 573 574 575 576 577 578 579 580 581 582 583 584 585 586 587 588 589 590 591 592 593 594 595 596 597 598 599 600 601 602 603 604 605 606 607 608 609 610 611 612 613 614 615 616 617 618 619 620 621 622 623 624 625 626 627 628 629 

Test #84
8 36 47 63 139 152 156 167 179 189 274 280 296 303 310 319 369 374 390 395 408 439 441 445 453 459 478 523 528 535 552 555 560 563 567 574 592 605 609 613 615 617 618 624 627 637 642 643 650 656 665 669 671 673 675 676 681 682 684 690 695 701 703 716 722 725 728 734 735 737 739 741 743 745 748 751 752 755 761 765 768 769 774 775 777 782 785 789 791 796 797 

Test #85
8 13 17 28 36 47 63 65 79 85 88 106 119 139 140 143 148 152 156 167 168 179 189 224 239 242 270 274 277 280 281 290 296 298 303 304 310 319 329 333 356 360 369 372 374 381 390 395 408 424 431 439 441 444 445 452 453 459 465 468 473 476 478 482 485 494 496 502 503 509 512 516 523 524 525 528 532 535 536 546 550 552 555 557 558 560 563 564 565 567 569 576 577 580 585 586 588 590 592 593 594 595 599 604 605 606 609 610 612 613 614 615 617 618 620 621 623 624 625 626 627 628 630 632 633 637 638 640 642 643 645 650 652 656 657 658 662 663 664 665 666 669 670 671 673 674 675 676 679 681 682 684 685 688 690 694 695 701 703 711 713 716 720 722 725 726 728 

Test #86
4 13 15 16 17 26 35 36 40 43 47 55 59 63 65 79 82 85 88 90 106 110 114 115 116 119 121 123 124 125 127 139 140 143 152 156 162 164 166 167 168 179 183 186 189 191 197 205 207 209 216 217 220 224 233 235 239 242 244 247 250 253 256 272 274 275 277 280 290 294 296 298 300 302 303 304 305 307 310 318 319 322 329 332 333 336 340 346 347 348 356 369 371 372 374 375 381 386 390 395 399 403 404 408 423 424 431 432 433 434 436 439 441 444 446 449 452 453 457 459 463 465 468 474 476 478 479 482 485 486 487 493 496 499 500 503 505 506 507 508 512 515 516 518 522 525 526 528 530 531 532 533 534 536 537 540 542 544 545 546 550 552 554 555 558 559 560 564 565 567 570 571 577 579 580 584 586 587 588 590 593 594 598 599 602 604 606 609 

Test #87
8 54 63 85 139 152 156 167 179 181 208 210 226 276 277 285 304 310 337 362 370 374 388 439 459 485 502 504 527 528 541 553 567 572 589 591 597 606 609 611 621 624 625 627 632 651 666 677 707 722 728 729 735 743 756 789 798 800 801 810 837 853 873 875 876 877 880 886 892 896 898 906 907 915 917 920 924 926 928 929 931 940 942 948 949 954 955 960 961 963 964 966 967 969 972 975 979 981 986 991 994 996 997 999 1008 1009 1012 1013 1014 1017 1018 1019 1020 1021 1023 1024 1027 1030 1033 1034 1035 1040 1042 1043 1044 1045 1046 1047 1048 1049 1053 1054 1056 1057 1058 1060 1062 1064 1066 1067 1068 1069 1070 1071 1073 1074 1076 1078 1079 1080 1082 1084 1085 1086 1087 1088 1090 1092 1093 1097 1098 1099 1100 1102 1103 1104 1105 1106 1108 1109 1110 1112 1115 1116 1117 1118 1119 1120 1122 1123 1124 1125 1126 1127 1128 1129 1130 1131 1132 1135 1136 1137 1138 1139 1141 1142 1143 1145 1146 1148 1149 1150 1151 1152 1154 1156 1158 1159 1160 1161 1162 1164 1165 1166 1167 1169 1170 1171 1172 1174 1175 1176 1177 1178 1180 1181 1182 1183 1184 1185 1186 1187 1188 1189 1191 1192 1193 1194 1195 1196 1197 1199 1200 1201 1202 1203 1208 1209 

Test #88
8 36 54 63 85 139 152 156 167 179 181 208 274 276 277 285 296 303 304 310 337 362 365 374 388 414 424 439 459 471 502 516 528 541 543 567 572 589 591 597 606 609 611 621 624 625 627 632 637 651 666 669 672 693 698 701 707 722 728 729 735 738 743 751 752 756 761 772 789 792 794 798 800 807 810 817 818 823 832 837 840 843 844 847 853 854 855 856 861 862 864 867 868 871 873 875 876 877 880 881 883 884 886 888 891 892 895 896 898 899 903 904 905 906 907 918 920 921 922 924 926 927 929 930 936 938 940 941 947 948 949 952 954 956 957 958 960 961 963 966 967 970 971 972 973 974 979 980 981 983 984 986 987 988 989 990 991 993 994 995 996 997 999 1000 1001 1002 1003 1004 1005 1008 1010 1011 1012 1015 1018 1019 1021 1024 1025 1026 1027 1028 1029 1031 1033 1034 1035 1036 1037 1038 1040 1043 1044 1045 1046 1047 1048 1049 1051 1052 1054 1055 1056 1057 1058 1059 

Test #89


Test #90
156 395 

Test #91
2 8 17 34 36 47 48 54 56 63 65 69 76 79 85 88 90 93 101 103 106 110 119 139 140 148 152 156 167 179 180 181 189 207 208 210 217 224 242 270 273 274 276 277 280 281 285 290 296 303 304 310 319 337 339 346 356 360 362 365 367 369 372 374 388 390 395 408 411 413 414 420 424 428 439 441 444 445 452 453 458 459 465 468 470 471 473 476 478 482 485 492 495 496 502 504 508 509 512 516 517 523 527 528 529 531 535 536 541 543 545 546 551 552 553 555 556 557 560 563 564 565 566 567 569 570 572 574 576 581 583 585 588 589 590 591 592 593 595 597 598 604 605 606 609 610 611 612 613 614 615 617 618 619 620 621 623 624 625 627 628 629 632 633 634 635 637 638 642 643 645 647 650 651 652 655 656 657 658 659 661 662 664 665 666 668 669 670 671 672 673 674 675 676 677 678 679 681 682 683 684 685 686 687 688 690 692 694 695 697 698 701 702 703 705 706 707 708 709 710 712 713 714 715 716 717 722 725 726 727 728 730 731 732 733 734 735 736 737 738 739 741 743 744 745 748 749 750 751 752 753 754 755 756 757 758 759 761 762 763 764 765 766 767 768 769 

Test #92
9 13 15 17 21 26 30 32 35 37 40 49 51 55 59 60 63 65 79 82 88 90 92 100 107 110 114 116 119 123 124 125 128 136 139 140 145 156 164 168 178 179 183 186 189 191 197 198 204 205 207 209 216 217 220 224 232 233 235 239 243 244 247 250 263 265 266 272 275 277 279 280 284 287 294 296 298 300 302 306 310 312 318 319 322 326 329 336 340 341 343 346 347 359 369 374 375 381 386 390 394 395 399 403 408 411 412 415 429 431 433 434 436 439 446 447 450 452 455 465 474 481 482 486 493 499 505 506 512 519 522 526 528 530 533 534 536 537 545 546 

Test #93
8 36 63 139 156 179 189 274 296 303 310 374 441 445 453 478 528 535 555 560 574 592 615 618 624 642 643 669 671 681 682 690 695 701 703 708 725 728 731 737 739 741 748 751 752 761 765 775 777 782 791 796 813 815 821 829 835 836 847 

Test #94
8 36 54 63 69 85 139 152 156 167 179 180 181 208 210 226 274 276 277 285 296 303 304 310 337 362 365 370 374 388 414 424 439 459 468 471 485 502 504 516 527 528 541 543 553 567 569 572 589 590 591 597 606 609 611 621 624 625 627 632 637 650 651 666 669 671 672 677 693 698 699 701 704 707 710 713 722 728 729 735 738 743 746 751 752 756 760 761 771 772 783 787 789 792 794 797 798 800 801 803 807 809 810 817 818 820 823 825 832 834 837 840 843 844 847 848 849 852 853 854 855 856 859 861 862 864 865 867 868 871 872 873 874 875 876 877 880 881 882 883 884 885 886 887 888 889 891 892 895 896 898 899 900 901 903 904 905 906 907 909 910 913 915 917 918 920 921 922 924 925 926 927 928 929 930 931 935 936 939 940 941 943 944 947 948 949 950 952 954 955 956 957 958 959 960 961 963 964 966 967 969 970 971 972 973 974 975 976 977 979 980 981 983 984 985 986 987 988 989 990 991 993 994 995 996 997 998 999 1000 1001 1002 1003 1004 1005 1006 1007 1008 1009 1010 1011 1012 1013 1014 1015 1016 1017 1018 1019 1021 1024 1025 1026 1027 1028 1029 

Test #95
2 4 9 13 15 17 19 21 22 23 25 26 27 30 32 35 37 40 43 44 46 47 48 49 51 53 55 59 60 63 65 68 70 71 72 79 81 82 83 85 87 88 90 92 93 99 100 106 107 108 110 114 115 116 119 123 124 125 128 129 132 135 136 139 140 143 145 147 152 155 156 164 165 166 167 168 178 179 182 183 185 186 189 191 192 196 197 198 202 204 205 207 209 211 216 217 220 223 224 225 228 230 231 232 233 235 239 241 242 243 244 246 247 250 253 256 262 263 265 266 272 274 275 277 279 280 284 287 294 295 296 298 300 302 303 304 305 306 307 308 310 312 318 319 320 322 326 329 332 333 336 340 341 343 345 346 347 348 349 352 353 356 359 369 372 374 375 380 381 386 390 394 395 398 399 401 403 408 411 412 415 416 423 424 428 429 431 432 433 434 435 436 438 439 441 444 446 447 448 450 451 452 453 455 457 459 463 464 465 468 469 474 478 479 481 482 485 486 487 488 490 492 493 499 500 505 506 507 508 510 512 515 516 518 519 522 525 526 528 530 531 532 533 534 536 537 538 539 

Test #96
2 4 7 8 13 16 17 26 28 31 34 36 39 40 43 47 48 54 55 56 58 63 65 66 69 74 75 76 78 79 82 85 88 90 93 96 101 103 106 110 115 116 119 121 122 123 125 127 131 133 135 137 139 140 141 143 148 152 156 157 158 161 162 165 166 167 168 169 170 179 180 181 183 185 187 189 192 193 197 201 205 207 208 209 210 216 217 219 220 224 225 226 233 239 242 244 245 247 252 256 262 270 271 273 274 275 276 277 280 281 285 290 291 296 298 301 302 303 304 305 306 307 310 312 317 319 322 323 324 329 331 332 333 334 336 337 339 346 354 356 357 359 360 362 365 367 369 370 371 372 374 381 386 388 390 392 393 395 397 399 400 403 408 409 411 413 414 419 420 424 428 431 433 435 436 437 439 441 444 445 446 452 453 454 457 458 459 461 463 464 465 467 468 470 471 473 474 476 478 479 482 484 485 486 487 490 491 492 493 494 495 496 498 499 500 502 503 504 507 508 509 512 513 514 516 517 522 523 524 525 526 527 528 529 530 531 532 533 534 535 536 537 538 540 541 542 543 544 545 546 547 548 549 550 551 552 553 555 556 557 558 559 560 562 563 564 565 566 567 568 569 570 571 572 573 574 575 576 577 578 579 580 581 582 583 584 585 586 587 588 589 590 591 592 593 594 595 596 597 598 599 600 601 602 603 604 605 606 607 608 609 610 611 612 613 614 615 616 617 618 619 620 621 622 623 624 625 626 627 628 629 630 631 632 633 634 635 636 637 638 639 

Test #97
8 63 139 156 179 181 310 337 374 439 459 528 541 567 609 611 621 624 625 627 651 729 735 756 789 876 877 892 896 906 929 942 948 949 954 960 963 967 979 981 994 997 999 1013 1018 1019 1020 1021 1024 1040 1042 1045 1048 1062 1068 1073 1076 1082 1084 1088 1093 1099 1102 1103 1104 1105 1106 1108 1109 1110 1112 1119 1122 1125 1127 1130 1131 1132 1135 1136 1137 1138 1151 1156 1162 1164 1171 1175 1176 1178 1186 1187 1193 1194 1196 1199 1200 1202 1206 1210 1212 1213 1217 1218 1219 1221 1222 1226 1228 1233 1235 1240 1242 1244 1247 

Test #98
0 1 2 3 4 5 6 7 8 9 11 12 13 14 15 17 18 19 20 21 22 23 24 25 26 27 29 30 31 32 33 34 35 36 37 38 39 40 42 43 44 45 46 47 48 49 51 52 53 54 55 56 57 58 59 60 61 62 63 64 65 66 68 69 70 71 72 73 76 77 79 80 81 82 83 84 85 87 88 89 90 91 92 93 94 95 96 97 98 99 100 101 102 103 105 106 107 108 109 110 112 113 114 115 116 117 118 119 120 121 122 123 124 125 126 127 128 129 130 131 132 134 135 136 137 139 140 142 143 144 145 146 147 148 151 152 153 154 155 156 159 160 161 162 163 164 165 166 167 168 169 171 175 176 177 178 179 180 181 182 183 184 185 186 187 188 189 190 191 192 194 195 196 197 198 200 202 204 205 206 207 208 209 211 212 213 214 215 216 217 218 219 220 221 222 223 224 225 227 228 229 230 231 232 233 234 235 236 237 239 241 242 243 244 245 246 247 248 250 251 252 253 254 255 256 259 261 262 263 264 265 266 269 270 271 272 274 275 276 277 278 279 280 281 282 283 284 285 287 289 290 291 294 295 296 297 298 299 300 301 302 303 304 305 306 307 308 309 310 311 312 313 315 316 317 318 319 320 321 322 323 324 326 327 328 329 330 331 332 333 336 340 341 342 343 344 345 346 347 348 349 350 351 352 353 355 356 357 358 359 360 362 363 364 366 367 368 369 371 372 373 374 375 376 378 379 380 381 382 383 384 385 386 387 388 390 391 392 394 395 396 398 399 401 402 403 404 405 406 407 408 411 412 414 415 416 418 420 421 422 423 424 425 426 427 428 429 430 431 432 433 434 435 436 438 439 440 441 442 444 446 447 448 449 

Test #99
752 765 

Test #100
2 8 36 48 54 56 63 69 85 88 101 139 148 152 156 167 179 180 181 189 208 210 226 242 274 276 277 285 296 303 304 310 319 337 339 346 360 362 365 369 370 374 388 395 408 413 414 420 424 439 441 445 452 458 459 468 470 471 478 485 502 504 508 512 516 527 528 538 541 543 551 552 553 555 560 564 567 569 570 572 574 585 589 590 591 592 595 597 606 609 611 612 615 618 619 621 623 624 625 627 629 632 633 637 642 643 645 648 650 651 655 659 664 665 666 669 670 671 672 674 675 676 677 678 680 681 682 684 686 690 691 692 693 694 695 696 697 698 699 700 701 702 703 704 705 706 707 708 710 712 713 714 715 716 717 719 722 725 726 727 728 729 730 731 732 733 734 735 737 738 739 741 743 745 746 747 748 749 751 752 755 756 758 760 761 762 764 765 766 767 768 769 770 771 772 775 777 778 779 780 781 782 783 784 785 786 787 788 789 790 791 792 794 795 796 797 798 800 801 802 804 806 807 808 809 811 812 813 814 815 816 817 818 819 820 821 822 824 825 826 827 828 829 830 831 832 833 834 835 836 837 838 839 840 841 842 843 844 845 846 847 848 849 850 851 852 853 854 855 856 857 858 859 860 861 862 863 864 865 866 867 868 869 

Test #101
0 1 2 3 4 5 6 7 8 9 10 11 12 13 14 15 16 17 18 19 20 21 22 23 24 25 26 27 28 29 30 31 32 33 34 35 36 37 38 39 40 42 43 44 45 46 47 48 49 50 51 52 53 54 55 56 57 58 59 60 61 62 63 64 65 66 68 69 70 71 72 73 74 75 76 77 78 79 80 81 82 83 84 85 86 87 88 89 90 91 92 93 94 95 96 97 98 99 100 101 102 103 105 106 107 108 109 110 112 113 114 115 116 117 118 119 120 121 122 123 124 125 126 127 128 129 131 132 133 134 135 136 137 139 140 141 142 143 144 145 146 147 148 150 152 153 154 155 156 157 158 159 160 161 162 163 164 165 166 167 168 169 170 171 173 174 176 177 178 179 180 181 182 183 184 185 186 187 188 189 190 191 192 193 194 195 196 197 198 199 200 201 202 203 204 205 207 208 209 210 211 212 213 214 215 216 217 218 219 220 221 222 223 224 225 226 228 230 231 232 233 234 235 236 237 239 240 241 242 243 244 245 246 247 248 249 250 251 252 253 254 255 256 257 258 259 261 262 263 264 265 266 269 270 271 272 273 274 275 276 277 278 279 280 281 283 284 285 286 287 289 290 291 292 294 295 296 297 298 299 300 301 302 303 304 305 306 307 308 309 310 311 312 313 314 315 316 317 318 319 320 321 322 323 324 325 326 327 328 329 330 331 332 333 334 336 337 338 339 340 341 342 343 344 345 346 347 348 349 350 352 353 354 355 356 357 358 359 360 361 362 363 364 365 366 367 368 369 370 371 372 373 374 375 376 377 378 379 380 381 382 383 384 385 386 387 388 389 390 391 392 393 394 395 396 397 398 399 400 401 403 404 405 406 407 408 409 410 411 412 413 414 415 416 417 418 419 420 421 422 423 424 425 426 427 428 429 430 431 432 433 434 435 436 437 438 439 440 441 442 443 444 445 446 447 448 449 450 451 452 453 454 455 456 457 458 459 

Test #102
8 63 139 156 179 181 310 337 374 439 459 528 541 567 609 611 621 624 625 627 651 728 729 735 756 789 853 876 877 892 896 906 929 948 949 954 960 963 967 979 981 986 994 997 999 1013 1018 1019 1024 1035 1040 1045 1046 1048 1049 1054 1056 1062 1066 1068 1071 1073 1076 1082 1084 1087 1088 1089 1090 1093 1097 1099 1102 1103 1104 1105 1106 1108 1110 1112 1115 1120 1122 1125 1127 1130 1131 1132 1135 1136 1137 1138 1145 1149 1156 1162 1164 1172 1175 1178 1186 1187 1193 1194 1196 1199 

Test #103
2 8 36 48 54 63 69 85 139 152 156 167 179 180 181 208 210 226 242 274 276 277 285 296 303 304 310 319 337 360 362 365 370 374 388 414 420 424 439 459 468 471 478 485 502 504 516 527 528 541 543 553 567 569 572 589 590 591 597 606 609 611 621 624 625 627 632 637 650 651 666 669 671 672 677 681 691 692 693 695 697 698 699 701 703 704 707 708 710 713 717 719 722 727 728 729 735 738 741 743 746 749 751 752 756 760 761 765 771 772 782 783 785 786 787 788 789 792 794 797 798 800 801 802 803 807 808 809 810 811 816 817 818 819 820 823 825 832 834 835 836 837 840 843 844 847 848 849 852 853 854 855 856 859 860 861 862 864 865 867 868 871 872 873 874 875 876 877 879 880 881 882 883 884 885 886 887 888 889 890 891 892 894 895 896 898 899 900 901 902 903 904 905 906 907 909 910 911 914 915 917 918 919 920 921 922 923 924 925 926 927 928 929 930 931 932 933 935 936 938 939 940 941 944 945 946 947 948 949 950 951 952 953 954 955 956 957 958 959 960 961 962 963 964 965 966 967 968 969 970 971 972 973 974 975 976 977 978 979 980 981 983 984 985 986 987 988 989 

Test #104
1 9 23 30 33 35 40 55 63 88 90 96 100 102 105 112 120 128 139 140 151 155 156 159 164 168 178 182 191 198 216 218 220 230 235 244 246 247 250 262 264 266 277 284 287 296 307 311 319 320 326 345 346 352 376 378 382 395 403 411 415 434 

Test #105
90 128 156 519 

Test #106


Test #107


Test #108


Test #109
139 1112 1259 1265 1268 

Test #110
0 2 4 9 13 15 17 20 21 22 23 24 25 26 27 29 30 32 33 35 37 39 40 42 43 44 46 47 48 49 51 53 55 57 59 60 62 63 65 68 70 71 72 77 79 80 81 82 83 85 87 88 90 92 93 96 97 98 99 100 102 106 107 108 109 110 112 114 116 117 118 119 123 124 125 128 129 132 135 136 139 140 145 146 147 152 155 156 159 164 165 166 167 168 169 171 177 178 179 182 183 185 186 189 191 192 194 195 196 197 198 202 204 205 207 209 211 216 217 218 220 222 223 224 225 228 230 231 232 233 235 239 241 242 243 244 245 246 247 250 253 256 259 262 263 264 265 266 269 272 275 277 279 280 284 287 294 295 296 298 300 301 302 304 305 306 307 308 310 311 312 316 317 318 319 320 322 326 328 329 332 333 336 340 341 343 345 346 347 348 349 352 353 356 359 369 374 375 376 378 379 380 381 383 384 386 390 391 394 395 398 399 403 408 411 412 415 416 423 425 428 429 431 432 434 435 436 438 439 446 447 448 450 451 452 453 455 459 460 463 464 465 468 469 474 479 481 482 485 486 488 

Test #111
2 8 17 36 48 54 56 63 69 75 85 88 101 106 139 148 152 156 157 167 179 180 181 189 208 210 217 226 242 274 276 277 281 285 296 303 304 310 319 337 339 346 359 360 362 365 367 369 370 374 388 395 408 413 414 420 424 428 439 441 445 452 453 458 459 468 470 471 478 485 495 502 504 508 512 516 517 527 528 529 535 538 541 543 547 549 551 552 553 555 557 560 563 564 565 567 569 570 572 574 576 581 583 585 589 590 591 592 595 597 598 606 609 611 612 613 614 615 618 619 621 623 624 625 627 628 629 632 633 637 638 642 643 645 647 648 650 651 653 655 659 660 664 665 666 668 669 670 671 672 673 674 675 676 677 678 680 681 682 684 686 690 691 692 693 694 695 696 697 698 699 700 701 702 703 704 705 706 707 708 710 712 713 714 715 716 717 719 722 723 725 726 727 728 729 730 731 732 733 734 735 737 738 739 740 741 743 744 745 746 747 748 749 751 752 754 755 756 757 758 760 761 762 764 765 766 767 768 769 770 771 772 775 776 777 778 779 780 781 782 783 784 785 786 787 788 789 790 791 792 793 794 795 796 797 798 800 801 802 803 804 805 806 807 808 809 810 811 812 813 814 815 816 817 818 819 820 821 822 824 825 826 827 828 829 830 831 832 833 834 835 836 837 838 839 

Test #112


Test #113
2 8 36 48 54 56 63 69 85 139 148 152 156 167 179 180 181 189 208 210 226 242 274 276 277 285 296 303 304 310 319 337 339 346 360 362 365 370 374 388 414 420 424 439 459 468 471 478 485 502 504 516 527 528 541 543 553 567 569 570 572 585 589 590 591 597 606 609 611 615 621 624 625 627 632 637 642 650 651 655 665 666 669 671 672 675 677 680 681 691 692 693 695 697 698 699 700 701 702 703 704 707 708 710 713 714 717 719 722 723 726 727 728 729 734 735 737 738 739 741 743 746 749 751 752 756 760 761 765 771 772 776 777 781 782 783 785 786 787 788 789 791 792 794 795 797 798 800 801 802 803 806 807 808 809 810 811 812 814 816 817 818 819 820 822 823 825 826 828 829 832 833 834 835 836 837 838 839 840 843 844 847 848 849 852 853 854 855 856 857 859 860 861 862 864 865 867 868 869 871 872 873 874 875 876 877 878 879 880 881 882 883 884 885 886 887 888 889 890 891 892 894 895 896 898 899 900 901 902 903 904 905 906 907 909 910 911 912 914 915 917 918 919 920 921 922 923 924 925 926 927 928 929 930 931 932 933 935 936 937 938 939 940 941 944 945 946 947 948 949 

Test #114
139 156 167 181 208 210 226 276 304 310 370 459 485 553 572 589 591 606 609 621 627 651 722 798 800 853 873 896 907 928 940 960 961 964 966 975 979 991 997 1009 1013 1014 1020 1041 1044 1048 1053 1056 1057 1062 1064 1069 1070 1073 1079 1085 1092 1094 1099 1100 1104 1105 1106 1109 1113 1114 1118 1119 1127 1130 1135 1137 1138 1146 1151 1152 1156 1157 1159 1161 1165 1166 1169 1171 1173 1176 1182 1184 1186 1188 1192 1193 1194 1195 1197 1198 1199 1202 1203 1204 1205 1208 1209 1210 1211 1212 1213 1214 1215 1218 1221 1222 1225 1227 1228 1232 1234 1235 1236 1237 1238 1240 1241 1243 1245 1246 1247 1249 1250 1251 1253 1254 1255 1256 1258 1260 1261 1262 1263 1264 1265 1266 1267 1268 1269 1272 1273 1274 1275 1276 1278 1279 1284 1285 1286 1287 1288 1289 1290 1291 1292 1293 1295 1298 1299 1300 1301 1302 1303 1304 1305 1306 1307 1308 1309 1310 1311 1312 1313 1314 1315 1316 1317 1318 1319 1320 1321 1323 1324 1325 1326 1327 1328 1329 1330 1331 1332 1333 1335 1337 1338 1339 1341 1342 1344 1347 1348 1349 1352 1353 1355 1356 1357 1358 1359 1360 1362 1363 1364 1365 1366 1367 1368 1369 1370 1371 1372 1373 1374 1375 1377 1378 1381 1382 1384 1385 1388 1389 

Test #115
54 63 85 139 156 167 179 181 208 210 226 276 277 285 304 310 337 370 374 388 439 459 502 504 528 541 553 567 572 589 591 597 606 609 611 621 624 625 627 632 651 707 722 729 735 756 789 798 800 801 810 837 853 873 876 877 880 886 892 896 906 907 915 920 924 926 928 929 931 940 942 948 954 960 961 963 964 966 967 969 975 979 981 991 994 997 999 1008 1009 1013 1014 1019 1020 1021 1023 1024 1027 1034 1040 1041 1042 1043 1044 1045 1048 1053 1056 1057 1058 1060 1062 1064 1067 1068 1069 1070 1071 1073 1076 1078 1079 1080 1082 1084 1085 1087 1088 1092 1093 1098 1099 1100 1102 1103 1104 1105 1106 1108 1109 1110 1112 1113 1114 1116 1118 1119 1122 1125 1126 1127 1128 1130 1131 1132 1135 1136 1137 1138 1139 1141 1142 1146 1148 1150 1151 1152 1154 1156 1158 1159 1161 1164 1165 1166 1167 1169 1170 1171 1174 1175 1176 1178 1180 1181 1182 1183 1184 1185 1186 1187 1188 1189 1192 1193 1194 1195 1196 1197 1199 1200 1202 1203 1206 1208 1209 1210 1211 1212 1213 1214 1215 1216 1217 1218 1219 1221 1222 1223 1224 1225 1226 1227 1228 1229 1230 1231 1232 1233 1234 1235 1236 1237 1238 1240 1241 1242 1243 1244 1245 1247 1249 1250 1251 1252 1253 1254 1256 1257 1259 1260 1261 1262 1263 1264 1265 1266 1267 1268 1269 

