Test #1
31 59 140 147 202 224 259 339 347 348 418 495 526 553 568 593 601 647 683 

Test #2
31 59 140 147 202 224 259 339 347 348 418 495 526 553 568 593 601 647 683 

Test #3
31 59 140 147 202 224 259 339 347 348 418 495 526 553 568 593 601 647 683 

Test #4
31 59 140 147 202 224 259 339 347 348 418 495 526 553 568 593 601 647 683 

Test #5
31 59 140 147 202 224 259 339 347 348 418 495 526 553 568 593 601 647 683 

Test #6
31 59 140 147 202 224 259 339 347 348 418 495 526 553 568 593 601 647 683 

Test #7
31 59 140 147 202 224 259 339 347 348 418 495 526 553 568 593 601 647 683 

Test #8
31 59 140 147 202 224 259 339 347 348 418 495 526 553 568 593 601 647 683 

Test #9
31 59 140 147 202 224 259 339 347 348 418 495 526 553 568 593 601 647 683 

Test #10
31 59 140 147 202 224 259 339 347 348 418 495 526 553 568 593 601 647 683 

Test #11
31 59 140 147 202 224 259 339 347 348 418 495 526 553 568 593 601 647 683 

Test #12
31 59 140 147 202 224 259 339 347 348 418 495 526 553 568 593 601 647 683 

Test #13
31 59 140 147 202 224 259 339 347 348 418 495 526 553 568 593 601 647 683 

Test #14
31 59 140 147 202 224 259 339 347 348 418 495 526 553 568 593 601 647 683 

Test #15
31 59 140 147 202 224 259 339 347 348 418 495 526 553 568 593 601 647 683 

Test #16
31 59 140 147 202 224 259 339 347 348 418 495 526 553 568 593 601 647 683 

Test #17
31 59 140 147 202 224 259 339 347 348 418 495 526 553 568 593 601 647 683 

Test #18
31 59 140 147 202 224 259 339 347 348 418 495 526 553 568 593 601 647 683 

Test #19
31 59 140 147 202 224 259 339 347 348 418 495 526 553 568 593 601 647 683 

Test #20
31 59 140 147 202 224 259 339 347 348 418 495 526 553 568 593 601 647 683 

Test #21
31 59 140 147 202 224 259 339 347 348 418 495 526 553 568 593 601 647 683 

Test #22
31 59 140 147 202 224 259 339 347 348 418 495 526 553 568 593 601 647 683 

Test #23
31 59 140 147 202 224 259 339 347 348 418 495 526 553 568 593 601 647 683 

Test #24
31 59 140 147 202 224 259 339 347 348 418 495 526 553 568 593 601 647 683 

Test #25
31 59 140 147 202 224 259 339 347 348 418 495 526 553 568 593 601 647 683 

Test #26
31 59 140 147 202 224 259 339 347 348 418 495 526 553 568 593 601 647 683 

Test #27
31 59 140 147 202 224 259 339 347 348 418 495 526 553 568 593 601 647 683 

Test #28
31 59 140 147 202 224 259 339 347 348 418 495 526 553 568 593 601 647 683 

Test #29
31 59 140 147 202 224 259 339 347 348 418 495 526 553 568 593 601 647 683 

Test #30
31 59 140 147 202 224 259 339 347 348 418 495 526 553 568 593 601 647 683 

Test #31
31 59 140 147 202 224 259 339 347 348 418 495 526 553 568 593 601 647 683 

Test #32
31 59 140 147 202 224 259 339 347 348 418 495 526 553 568 593 601 647 683 

Test #33
31 59 140 147 202 224 259 339 347 348 418 495 526 553 568 593 601 647 683 

Test #34
31 59 140 147 202 224 259 339 347 348 418 495 526 553 568 593 601 647 683 

Test #35
31 59 140 147 202 224 259 339 347 348 418 495 526 553 568 593 601 647 683 

Test #36
31 59 140 147 202 224 259 339 347 348 418 495 526 553 568 593 601 647 683 

Test #37
31 59 140 147 202 224 259 339 347 348 418 495 526 553 568 593 601 647 683 

Test #38
31 59 140 147 202 224 259 339 347 348 418 495 526 553 568 593 601 647 683 

Test #39
31 59 140 147 202 224 259 339 347 348 418 495 526 553 568 593 601 647 683 

Test #40
31 59 140 147 202 224 259 339 347 348 418 495 526 553 568 593 601 647 683 

Test #41
31 59 140 147 202 224 259 339 347 348 418 495 526 553 568 593 601 647 683 

Test #42
31 59 140 147 202 224 259 339 347 348 418 495 526 553 568 593 601 647 683 

Test #43
31 59 140 147 202 224 259 339 347 348 418 495 526 553 568 593 601 647 683 

Test #44
31 59 140 147 202 224 259 339 347 348 418 495 526 553 568 593 601 647 683 

Test #45
31 59 140 147 202 224 259 339 347 348 418 495 526 553 568 593 601 647 683 

Test #46
31 59 140 147 202 224 259 339 347 348 418 495 526 553 568 593 601 647 683 

Test #47
31 59 140 147 202 224 259 339 347 348 418 495 526 553 568 593 601 647 683 

Test #48
31 59 140 147 202 224 259 339 347 348 418 495 526 553 568 593 601 647 683 

Test #49
31 59 140 147 202 224 259 339 347 348 418 495 526 553 568 593 601 647 683 

Test #50
31 59 140 147 202 224 259 339 347 348 418 495 526 553 568 593 601 647 683 

Test #51
31 59 140 147 202 224 259 339 347 348 418 495 526 553 568 593 601 647 683 

Test #52
31 59 140 147 202 224 259 339 347 348 418 495 526 553 568 593 601 647 683 

Test #53
31 59 140 147 202 224 259 339 347 348 418 495 526 553 568 593 601 647 683 

Test #54
31 59 140 147 202 224 259 339 347 348 418 495 526 553 568 593 601 647 683 

Test #55
31 59 140 147 202 224 259 339 347 348 418 495 526 553 568 593 601 647 683 

Test #56
31 59 140 147 202 224 259 339 347 348 418 495 526 553 568 593 601 647 683 

Test #57
31 59 140 147 202 224 259 339 347 348 418 495 526 553 568 593 601 647 683 

Test #58
31 59 140 147 202 224 259 339 347 348 418 495 526 553 568 593 601 647 683 

Test #59
31 59 140 147 202 224 259 339 347 348 418 495 526 553 568 593 601 647 683 

Test #60
31 59 140 147 202 224 259 339 347 348 418 495 526 553 568 593 601 647 683 

Test #61
31 59 140 147 202 224 259 339 347 348 418 495 526 553 568 593 601 647 683 

Test #62
31 59 140 147 202 224 259 339 347 348 418 495 526 553 568 593 601 647 683 

Test #63
31 59 140 147 202 224 259 339 347 348 418 495 526 553 568 593 601 647 683 

Test #64
31 59 140 147 202 224 259 339 347 348 418 495 526 553 568 593 601 647 683 

Test #65
31 59 140 147 202 224 259 339 347 348 418 495 526 553 568 593 601 647 683 

Test #66
31 59 140 147 202 224 259 339 347 348 418 495 526 553 568 593 601 647 683 

Test #67
31 59 140 147 202 224 259 339 347 348 418 495 526 553 568 593 601 647 683 

Test #68
31 59 140 147 202 224 259 339 347 348 418 495 526 553 568 593 601 647 683 

Test #69
31 59 140 147 202 224 259 339 347 348 418 495 526 553 568 593 601 647 683 

Test #70
31 59 140 147 202 224 259 339 347 348 418 495 526 553 568 593 601 647 683 

Test #71
31 59 140 147 202 224 259 339 347 348 418 495 526 553 568 593 601 647 683 

Test #72
31 59 140 147 202 224 259 339 347 348 418 495 526 553 568 593 601 647 683 

Test #73
31 59 140 147 202 224 259 339 347 348 418 495 526 553 568 593 601 647 683 

Test #74
31 59 140 147 202 224 259 339 347 348 418 495 526 553 568 593 601 647 683 

Test #75
31 59 140 147 202 224 259 339 347 348 418 495 526 553 568 593 601 647 683 

Test #76
31 59 140 147 202 224 259 339 347 348 418 495 526 553 568 593 601 647 683 

Test #77
31 59 140 147 202 224 259 339 347 348 418 495 526 553 568 593 601 647 683 

Test #78
31 59 140 147 202 224 259 339 347 348 418 495 526 553 568 593 601 647 683 

Test #79
31 59 140 147 202 224 259 339 347 348 418 495 526 553 568 593 601 647 683 

Test #80
31 59 140 147 202 224 259 339 347 348 418 495 526 553 568 593 601 647 683 

Test #81
31 59 140 147 202 224 259 339 347 348 418 495 526 553 568 593 601 647 683 

Test #82
31 59 140 147 202 224 259 339 347 348 418 495 526 553 568 593 601 647 683 

Test #83
31 59 140 147 202 224 259 339 347 348 418 495 526 553 568 593 601 647 683 

Test #84
31 59 140 147 202 224 259 339 347 348 418 495 526 553 568 593 601 647 683 

Test #85
31 59 140 147 202 224 259 339 347 348 418 495 526 553 568 593 601 647 683 

Test #86
31 59 140 147 202 224 259 339 347 348 418 495 526 553 568 593 601 647 683 

Test #87
31 59 140 147 202 224 259 339 347 348 418 495 526 553 568 593 601 647 683 

Test #88
31 59 140 147 202 224 259 339 347 348 418 495 526 553 568 593 601 647 683 

Test #89
31 59 140 147 202 224 259 339 347 348 418 495 526 553 568 593 601 647 683 

Test #90
31 59 140 147 202 224 259 339 347 348 418 495 526 553 568 593 601 647 683 

Test #91
31 59 140 147 202 224 259 339 347 348 418 495 526 553 568 593 601 647 683 

Test #92
31 59 140 147 202 224 259 339 347 348 418 495 526 553 568 593 601 647 683 

Test #93
31 59 140 147 202 224 259 339 347 348 418 495 526 553 568 593 601 647 683 

Test #94
31 59 140 147 202 224 259 339 347 348 418 495 526 553 568 593 601 647 683 

Test #95
31 59 140 147 202 224 259 339 347 348 418 495 526 553 568 593 601 647 683 

Test #96
31 59 140 147 202 224 259 339 347 348 418 495 526 553 568 593 601 647 683 

Test #97
31 59 140 147 202 224 259 339 347 348 418 495 526 553 568 593 601 647 683 

Test #98
31 59 140 147 202 224 259 339 347 348 418 495 526 553 568 593 601 647 683 

Test #99
31 59 140 147 202 224 259 339 347 348 418 495 526 553 568 593 601 647 683 

Test #100
31 59 140 147 202 224 259 339 347 348 418 495 526 553 568 593 601 647 683 

Test #101
31 59 140 147 202 224 259 339 347 348 418 495 526 553 568 593 601 647 683 

Test #102
31 59 140 147 202 224 259 339 347 348 418 495 526 553 568 593 601 647 683 

Test #103
31 59 140 147 202 224 259 339 347 348 418 495 526 553 568 593 601 647 683 

Test #104
31 59 140 147 202 224 259 339 347 348 418 495 526 553 568 593 601 647 683 

Test #105
31 59 140 147 202 224 259 339 347 348 418 495 526 553 568 593 601 647 683 

Test #106
31 59 140 147 202 224 259 339 347 348 418 495 526 553 568 593 601 647 683 

Test #107
31 59 140 147 202 224 259 339 347 348 418 495 526 553 568 593 601 647 683 

Test #108
31 59 140 147 202 224 259 339 347 348 418 495 526 553 568 593 601 647 683 

Test #109
31 59 140 147 202 224 259 339 347 348 418 495 526 553 568 593 601 647 683 

Test #110
31 59 140 147 202 224 259 339 347 348 418 495 526 553 568 593 601 647 683 

Test #111
31 59 140 147 202 224 259 339 347 348 418 495 526 553 568 593 601 647 683 

Test #112
31 59 140 147 202 224 259 339 347 348 418 495 526 553 568 593 601 647 683 

Test #113
31 59 140 147 202 224 259 339 347 348 418 495 526 553 568 593 601 647 683 

Test #114
31 59 140 147 202 224 259 339 347 348 418 495 526 553 568 593 601 647 683 

Test #115
31 59 140 147 202 224 259 339 347 348 418 495 526 553 568 593 601 647 683 

Test #116
31 59 140 147 202 224 259 339 347 348 418 495 526 553 568 593 601 647 683 

Test #117
31 59 140 147 202 224 259 339 347 348 418 495 526 553 568 593 601 647 683 

Test #118
31 59 140 147 202 224 259 339 347 348 418 495 526 553 568 593 601 647 683 

Test #119
31 59 140 147 202 224 259 339 347 348 418 495 526 553 568 593 601 647 683 

Test #120
31 59 140 147 202 224 259 339 347 348 418 495 526 553 568 593 601 647 683 

Test #121
31 59 140 147 202 224 259 339 347 348 418 495 526 553 568 593 601 647 683 

Test #122
31 59 140 147 202 224 259 339 347 348 418 495 526 553 568 593 601 647 683 

Test #123
31 59 140 147 202 224 259 339 347 348 418 495 526 553 568 593 601 647 683 

Test #124
31 59 140 147 202 224 259 339 347 348 418 495 526 553 568 593 601 647 683 

Test #125
31 59 140 147 202 224 259 339 347 348 418 495 526 553 568 593 601 647 683 

Test #126
31 59 140 147 202 224 259 339 347 348 418 495 526 553 568 593 601 647 683 

Test #127
31 59 140 147 202 224 259 339 347 348 418 495 526 553 568 593 601 647 683 

Test #128
31 59 140 147 202 224 259 339 347 348 418 495 526 553 568 593 601 647 683 

Test #129
31 59 140 147 202 224 259 339 347 348 418 495 526 553 568 593 601 647 683 

Test #130
31 59 140 147 202 224 259 339 347 348 418 495 526 553 568 593 601 647 683 

Test #131
31 59 140 147 202 224 259 339 347 348 418 495 526 553 568 593 601 647 683 

Test #132
31 59 140 147 202 224 259 339 347 348 418 495 526 553 568 593 601 647 683 

Test #133
31 59 140 147 202 224 259 339 347 348 418 495 526 553 568 593 601 647 683 

Test #134
31 59 140 147 202 224 259 339 347 348 418 495 526 553 568 593 601 647 683 

Test #135
31 59 140 147 202 224 259 339 347 348 418 495 526 553 568 593 601 647 683 

Test #136
31 59 140 147 202 224 259 339 347 348 418 495 526 553 568 593 601 647 683 

Test #137
31 59 140 147 202 224 259 339 347 348 418 495 526 553 568 593 601 647 683 

Test #138
31 59 140 147 202 224 259 339 347 348 418 495 526 553 568 593 601 647 683 

Test #139
31 59 140 147 202 224 259 339 347 348 418 495 526 553 568 593 601 647 683 

Test #140
31 59 140 147 202 224 259 339 347 348 418 495 526 553 568 593 601 647 683 

Test #141
31 59 140 147 202 224 259 339 347 348 418 495 526 553 568 593 601 647 683 

Test #142
31 59 140 147 202 224 259 339 347 348 418 495 526 553 568 593 601 647 683 

Test #143
31 59 140 147 202 224 259 339 347 348 418 495 526 553 568 593 601 647 683 

Test #144
31 59 140 147 202 224 259 339 347 348 418 495 526 553 568 593 601 647 683 

Test #145
31 59 140 147 202 224 259 339 347 348 418 495 526 553 568 593 601 647 683 

Test #146
31 59 140 147 202 224 259 339 347 348 418 495 526 553 568 593 601 647 683 

Test #147
31 59 140 147 202 224 259 339 347 348 418 495 526 553 568 593 601 647 683 

Test #148
31 59 140 147 202 224 259 339 347 348 418 495 526 553 568 593 601 647 683 

Test #149
31 59 140 147 202 224 259 339 347 348 418 495 526 553 568 593 601 647 683 

Test #150
31 59 140 147 202 224 259 339 347 348 418 495 526 553 568 593 601 647 683 

Test #151
31 59 140 147 202 224 259 339 347 348 418 495 526 553 568 593 601 647 683 

Test #152
31 59 140 147 202 224 259 339 347 348 418 495 526 553 568 593 601 647 683 

Test #153
31 59 140 147 202 224 259 339 347 348 418 495 526 553 568 593 601 647 683 

Test #154
31 59 140 147 202 224 259 339 347 348 418 495 526 553 568 593 601 647 683 

Test #155
31 59 140 147 202 224 259 339 347 348 418 495 526 553 568 593 601 647 683 

Test #156
31 59 140 147 202 224 259 339 347 348 418 495 526 553 568 593 601 647 683 

Test #157
31 59 140 147 202 224 259 339 347 348 418 495 526 553 568 593 601 647 683 

Test #158
31 59 140 147 202 224 259 339 347 348 418 495 526 553 568 593 601 647 683 

Test #159
31 59 140 147 202 224 259 339 347 348 418 495 526 553 568 593 601 647 683 

Test #160
31 59 140 147 202 224 259 339 347 348 418 495 526 553 568 593 601 647 683 

Test #161
31 59 140 147 202 224 259 339 347 348 418 495 526 553 568 593 601 647 683 

Test #162
31 59 140 147 202 224 259 339 347 348 418 495 526 553 568 593 601 647 683 

Test #163
31 59 140 147 202 224 259 339 347 348 418 495 526 553 568 593 601 647 683 

Test #164
31 59 140 147 202 224 259 339 347 348 418 495 526 553 568 593 601 647 683 

Test #165
31 59 140 147 202 224 259 339 347 348 418 495 526 553 568 593 601 647 683 

Test #166
31 59 140 147 202 224 259 339 347 348 418 495 526 553 568 593 601 647 683 

Test #167
31 59 140 147 202 224 259 339 347 348 418 495 526 553 568 593 601 647 683 

Test #168
31 59 140 147 202 224 259 339 347 348 418 495 526 553 568 593 601 647 683 

Test #169
31 59 140 147 202 224 259 339 347 348 418 495 526 553 568 593 601 647 683 

Test #170
31 59 140 147 202 224 259 339 347 348 418 495 526 553 568 593 601 647 683 

Test #171
31 59 140 147 202 224 259 339 347 348 418 495 526 553 568 593 601 647 683 

Test #172
31 59 140 147 202 224 259 339 347 348 418 495 526 553 568 593 601 647 683 

Test #173
31 59 140 147 202 224 259 339 347 348 418 495 526 553 568 593 601 647 683 

Test #174
31 59 140 147 202 224 259 339 347 348 418 495 526 553 568 593 601 647 683 

Test #175
31 59 140 147 202 224 259 339 347 348 418 495 526 553 568 593 601 647 683 

Test #176
31 59 140 147 202 224 259 339 347 348 418 495 526 553 568 593 601 647 683 

Test #177
31 59 140 147 202 224 259 339 347 348 418 495 526 553 568 593 601 647 683 

Test #178
31 59 140 147 202 224 259 339 347 348 418 495 526 553 568 593 601 647 683 

Test #179
31 59 140 147 202 224 259 339 347 348 418 495 526 553 568 593 601 647 683 

Test #180
31 59 140 147 202 224 259 339 347 348 418 495 526 553 568 593 601 647 683 

Test #181
31 59 140 147 202 224 259 339 347 348 418 495 526 553 568 593 601 647 683 

Test #182
31 59 140 147 202 224 259 339 347 348 418 495 526 553 568 593 601 647 683 

Test #183
31 59 140 147 202 224 259 339 347 348 418 495 526 553 568 593 601 647 683 

Test #184
31 59 140 147 202 224 259 339 347 348 418 495 526 553 568 593 601 647 683 

Test #185
31 59 140 147 202 224 259 339 347 348 418 495 526 553 568 593 601 647 683 

Test #186
31 59 140 147 202 224 259 339 347 348 418 495 526 553 568 593 601 647 683 

Test #187
31 59 140 147 202 224 259 339 347 348 418 495 526 553 568 593 601 647 683 

Test #188
31 59 140 147 202 224 259 339 347 348 418 495 526 553 568 593 601 647 683 

Test #189
31 59 140 147 202 224 259 339 347 348 418 495 526 553 568 593 601 647 683 

Test #190
31 59 140 147 202 224 259 339 347 348 418 495 526 553 568 593 601 647 683 

Test #191
31 59 140 147 202 224 259 339 347 348 418 495 526 553 568 593 601 647 683 

Test #192
31 59 140 147 202 224 259 339 347 348 418 495 526 553 568 593 601 647 683 

Test #193
31 59 140 147 202 224 259 339 347 348 418 495 526 553 568 593 601 647 683 

Test #194
31 59 140 147 202 224 259 339 347 348 418 495 526 553 568 593 601 647 683 

Test #195
31 59 140 147 202 224 259 339 347 348 418 495 526 553 568 593 601 647 683 

Test #196
31 59 140 147 202 224 259 339 347 348 418 495 526 553 568 593 601 647 683 

Test #197
31 59 140 147 202 224 259 339 347 348 418 495 526 553 568 593 601 647 683 

Test #198
31 59 140 147 202 224 259 339 347 348 418 495 526 553 568 593 601 647 683 

Test #199
31 59 140 147 202 224 259 339 347 348 418 495 526 553 568 593 601 647 683 

Test #200
31 59 140 147 202 224 259 339 347 348 418 495 526 553 568 593 601 647 683 

Test #201
31 59 140 147 202 224 259 339 347 348 418 495 526 553 568 593 601 647 683 

Test #202
31 59 140 147 202 224 259 339 347 348 418 495 526 553 568 593 601 647 683 

Test #203
31 59 140 147 202 224 259 339 347 348 418 495 526 553 568 593 601 647 683 

Test #204
31 59 140 147 202 224 259 339 347 348 418 495 526 553 568 593 601 647 683 

Test #205
31 59 140 147 202 224 259 339 347 348 418 495 526 553 568 593 601 647 683 

Test #206
31 59 140 147 202 224 259 339 347 348 418 495 526 553 568 593 601 647 683 

Test #207
31 59 140 147 202 224 259 339 347 348 418 495 526 553 568 593 601 647 683 

Test #208
31 59 140 147 202 224 259 339 347 348 418 495 526 553 568 593 601 647 683 

Test #209
31 59 140 147 202 224 259 339 347 348 418 495 526 553 568 593 601 647 683 

Test #210
31 59 140 147 202 224 259 339 347 348 418 495 526 553 568 593 601 647 683 

Test #211
31 59 140 147 202 224 259 339 347 348 418 495 526 553 568 593 601 647 683 

Test #212
31 59 140 147 202 224 259 339 347 348 418 495 526 553 568 593 601 647 683 

Test #213
31 59 140 147 202 224 259 339 347 348 418 495 526 553 568 593 601 647 683 

Test #214
31 59 140 147 202 224 259 339 347 348 418 495 526 553 568 593 601 647 683 

Test #215
31 59 140 147 202 224 259 339 347 348 418 495 526 553 568 593 601 647 683 

Test #216
31 59 140 147 202 224 259 339 347 348 418 495 526 553 568 593 601 647 683 

Test #217
31 59 140 147 202 224 259 339 347 348 418 495 526 553 568 593 601 647 683 

Test #218
31 59 140 147 202 224 259 339 347 348 418 495 526 553 568 593 601 647 683 

Test #219
31 59 140 147 202 224 259 339 347 348 418 495 526 553 568 593 601 647 683 

Test #220
31 59 140 147 202 224 259 339 347 348 418 495 526 553 568 593 601 647 683 

Test #221
31 59 140 147 202 224 259 339 347 348 418 495 526 553 568 593 601 647 683 

Test #222
31 59 140 147 202 224 259 339 347 348 418 495 526 553 568 593 601 647 683 

Test #223
31 59 140 147 202 224 259 339 347 348 418 495 526 553 568 593 601 647 683 

Test #224
31 59 140 147 202 224 259 339 347 348 418 495 526 553 568 593 601 647 683 

Test #225
31 59 140 147 202 224 259 339 347 348 418 495 526 553 568 593 601 647 683 

Test #226
31 59 140 147 202 224 259 339 347 348 418 495 526 553 568 593 601 647 683 

Test #227
31 59 140 147 202 224 259 339 347 348 418 495 526 553 568 593 601 647 683 

Test #228
31 59 140 147 202 224 259 339 347 348 418 495 526 553 568 593 601 647 683 

Test #229
31 59 140 147 202 224 259 339 347 348 418 495 526 553 568 593 601 647 683 

Test #230
31 59 140 147 202 224 259 339 347 348 418 495 526 553 568 593 601 647 683 

Test #231
31 59 140 147 202 224 259 339 347 348 418 495 526 553 568 593 601 647 683 

Test #232
31 59 140 147 202 224 259 339 347 348 418 495 526 553 568 593 601 647 683 

Test #233
31 59 140 147 202 224 259 339 347 348 418 495 526 553 568 593 601 647 683 

Test #234
31 59 140 147 202 224 259 339 347 348 418 495 526 553 568 593 601 647 683 

Test #235
31 59 140 147 202 224 259 339 347 348 418 495 526 553 568 593 601 647 683 

Test #236
31 59 140 147 202 224 259 339 347 348 418 495 526 553 568 593 601 647 683 

Test #237
31 59 140 147 202 224 259 339 347 348 418 495 526 553 568 593 601 647 683 

Test #238
31 59 140 147 202 224 259 339 347 348 418 495 526 553 568 593 601 647 683 

Test #239
31 59 140 147 202 224 259 339 347 348 418 495 526 553 568 593 601 647 683 

Test #240
31 59 140 147 202 224 259 339 347 348 418 495 526 553 568 593 601 647 683 

Test #241
31 59 140 147 202 224 259 339 347 348 418 495 526 553 568 593 601 647 683 

Test #242
31 59 140 147 202 224 259 339 347 348 418 495 526 553 568 593 601 647 683 

Test #243
31 59 140 147 202 224 259 339 347 348 418 495 526 553 568 593 601 647 683 

Test #244
31 59 140 147 202 224 259 339 347 348 418 495 526 553 568 593 601 647 683 

Test #245
31 59 140 147 202 224 259 339 347 348 418 495 526 553 568 593 601 647 683 

Test #246
31 59 140 147 202 224 259 339 347 348 418 495 526 553 568 593 601 647 683 

Test #247
31 59 140 147 202 224 259 339 347 348 418 495 526 553 568 593 601 647 683 

Test #248
31 59 140 147 202 224 259 339 347 348 418 495 526 553 568 593 601 647 683 

Test #249
31 59 140 147 202 224 259 339 347 348 418 495 526 553 568 593 601 647 683 

Test #250
31 59 140 147 202 224 259 339 347 348 418 495 526 553 568 593 601 647 683 

Test #251
31 59 140 147 202 224 259 339 347 348 418 495 526 553 568 593 601 647 683 

Test #252
31 59 140 147 202 224 259 339 347 348 418 495 526 553 568 593 601 647 683 

Test #253
31 59 140 147 202 224 259 339 347 348 418 495 526 553 568 593 601 647 683 

Test #254
31 59 140 147 202 224 259 339 347 348 418 495 526 553 568 593 601 647 683 

Test #255
31 59 140 147 202 224 259 339 347 348 418 495 526 553 568 593 601 647 683 

Test #256
31 59 140 147 202 224 259 339 347 348 418 495 526 553 568 593 601 647 683 

Test #257
31 59 140 147 202 224 259 339 347 348 418 495 526 553 568 593 601 647 683 

Test #258
31 59 140 147 202 224 259 339 347 348 418 495 526 553 568 593 601 647 683 

Test #259
31 59 140 147 202 224 259 339 347 348 418 495 526 553 568 593 601 647 683 

Test #260
31 59 140 147 202 224 259 339 347 348 418 495 526 553 568 593 601 647 683 

Test #261
31 59 140 147 202 224 259 339 347 348 418 495 526 553 568 593 601 647 683 

Test #262
31 59 140 147 202 224 259 339 347 348 418 495 526 553 568 593 601 647 683 

Test #263
31 59 140 147 202 224 259 339 347 348 418 495 526 553 568 593 601 647 683 

Test #264
31 59 140 147 202 224 259 339 347 348 418 495 526 553 568 593 601 647 683 

Test #265
31 59 140 147 202 224 259 339 347 348 418 495 526 553 568 593 601 647 683 

Test #266
31 59 140 147 202 224 259 339 347 348 418 495 526 553 568 593 601 647 683 

Test #267
31 59 140 147 202 224 259 339 347 348 418 495 526 553 568 593 601 647 683 

Test #268
31 59 140 147 202 224 259 339 347 348 418 495 526 553 568 593 601 647 683 

Test #269
31 59 140 147 202 224 259 339 347 348 418 495 526 553 568 593 601 647 683 

Test #270
31 59 140 147 202 224 259 339 347 348 418 495 526 553 568 593 601 647 683 

Test #271
31 59 140 147 202 224 259 339 347 348 418 495 526 553 568 593 601 647 683 

Test #272
31 59 140 147 202 224 259 339 347 348 418 495 526 553 568 593 601 647 683 

Test #273
31 59 140 147 202 224 259 339 347 348 418 495 526 553 568 593 601 647 683 

Test #274
31 59 140 147 202 224 259 339 347 348 418 495 526 553 568 593 601 647 683 

Test #275
31 59 140 147 202 224 259 339 347 348 418 495 526 553 568 593 601 647 683 

Test #276
31 59 140 147 202 224 259 339 347 348 418 495 526 553 568 593 601 647 683 

Test #277
31 59 140 147 202 224 259 339 347 348 418 495 526 553 568 593 601 647 683 

Test #278
31 59 140 147 202 224 259 339 347 348 418 495 526 553 568 593 601 647 683 

Test #279
31 59 140 147 202 224 259 339 347 348 418 495 526 553 568 593 601 647 683 

Test #280
31 59 140 147 202 224 259 339 347 348 418 495 526 553 568 593 601 647 683 

Test #281
31 59 140 147 202 224 259 339 347 348 418 495 526 553 568 593 601 647 683 

Test #282
31 59 140 147 202 224 259 339 347 348 418 495 526 553 568 593 601 647 683 

Test #283
31 59 140 147 202 224 259 339 347 348 418 495 526 553 568 593 601 647 683 

Test #284
31 59 140 147 202 224 259 339 347 348 418 495 526 553 568 593 601 647 683 

Test #285
31 59 140 147 202 224 259 339 347 348 418 495 526 553 568 593 601 647 683 

Test #286
31 59 140 147 202 224 259 339 347 348 418 495 526 553 568 593 601 647 683 

Test #287
31 59 140 147 202 224 259 339 347 348 418 495 526 553 568 593 601 647 683 

Test #288
31 59 140 147 202 224 259 339 347 348 418 495 526 553 568 593 601 647 683 

Test #289
31 59 140 147 202 224 259 339 347 348 418 495 526 553 568 593 601 647 683 

Test #290
31 59 140 147 202 224 259 339 347 348 418 495 526 553 568 593 601 647 683 

Test #291
31 59 140 147 202 224 259 339 347 348 418 495 526 553 568 593 601 647 683 

Test #292
31 59 140 147 202 224 259 339 347 348 418 495 526 553 568 593 601 647 683 

Test #293
31 59 140 147 202 224 259 339 347 348 418 495 526 553 568 593 601 647 683 

Test #294
31 59 140 147 202 224 259 339 347 348 418 495 526 553 568 593 601 647 683 

Test #295
31 59 140 147 202 224 259 339 347 348 418 495 526 553 568 593 601 647 683 

Test #296
31 59 140 147 202 224 259 339 347 348 418 495 526 553 568 593 601 647 683 

Test #297
31 59 140 147 202 224 259 339 347 348 418 495 526 553 568 593 601 647 683 

Test #298
31 59 140 147 202 224 259 339 347 348 418 495 526 553 568 593 601 647 683 

Test #299
31 59 140 147 202 224 259 339 347 348 418 495 526 553 568 593 601 647 683 

Test #300
31 59 140 147 202 224 259 339 347 348 418 495 526 553 568 593 601 647 683 

Test #301
31 59 140 147 202 224 259 339 347 348 418 495 526 553 568 593 601 647 683 

Test #302
31 59 140 147 202 224 259 339 347 348 418 495 526 553 568 593 601 647 683 

Test #303
31 59 140 147 202 224 259 339 347 348 418 495 526 553 568 593 601 647 683 

Test #304
31 59 140 147 202 224 259 339 347 348 418 495 526 553 568 593 601 647 683 

Test #305
31 59 140 147 202 224 259 339 347 348 418 495 526 553 568 593 601 647 683 

Test #306
31 59 140 147 202 224 259 339 347 348 418 495 526 553 568 593 601 647 683 

Test #307
31 59 140 147 202 224 259 339 347 348 418 495 526 553 568 593 601 647 683 

Test #308
31 59 140 147 202 224 259 339 347 348 418 495 526 553 568 593 601 647 683 

Test #309
31 59 140 147 202 224 259 339 347 348 418 495 526 553 568 593 601 647 683 

Test #310
31 59 140 147 202 224 259 339 347 348 418 495 526 553 568 593 601 647 683 

Test #311
31 59 140 147 202 224 259 339 347 348 418 495 526 553 568 593 601 647 683 

Test #312
31 59 140 147 202 224 259 339 347 348 418 495 526 553 568 593 601 647 683 

Test #313
31 59 140 147 202 224 259 339 347 348 418 495 526 553 568 593 601 647 683 

Test #314
31 59 140 147 202 224 259 339 347 348 418 495 526 553 568 593 601 647 683 

Test #315
31 59 140 147 202 224 259 339 347 348 418 495 526 553 568 593 601 647 683 

Test #316
31 59 140 147 202 224 259 339 347 348 418 495 526 553 568 593 601 647 683 

Test #317
31 59 140 147 202 224 259 339 347 348 418 495 526 553 568 593 601 647 683 

Test #318
31 59 140 147 202 224 259 339 347 348 418 495 526 553 568 593 601 647 683 

Test #319
31 59 140 147 202 224 259 339 347 348 418 495 526 553 568 593 601 647 683 

Test #320
31 59 140 147 202 224 259 339 347 348 418 495 526 553 568 593 601 647 683 

Test #321
31 59 140 147 202 224 259 339 347 348 418 495 526 553 568 593 601 647 683 

Test #322
31 59 140 147 202 224 259 339 347 348 418 495 526 553 568 593 601 647 683 

Test #323
31 59 140 147 202 224 259 339 347 348 418 495 526 553 568 593 601 647 683 

Test #324
31 59 140 147 202 224 259 339 347 348 418 495 526 553 568 593 601 647 683 

Test #325
31 59 140 147 202 224 259 339 347 348 418 495 526 553 568 593 601 647 683 

Test #326
31 59 140 147 202 224 259 339 347 348 418 495 526 553 568 593 601 647 683 

Test #327
31 59 140 147 202 224 259 339 347 348 418 495 526 553 568 593 601 647 683 

Test #328
31 59 140 147 202 224 259 339 347 348 418 495 526 553 568 593 601 647 683 

Test #329
31 59 140 147 202 224 259 339 347 348 418 495 526 553 568 593 601 647 683 

Test #330
31 59 140 147 202 224 259 339 347 348 418 495 526 553 568 593 601 647 683 

Test #331
31 59 140 147 202 224 259 339 347 348 418 495 526 553 568 593 601 647 683 

Test #332
31 59 140 147 202 224 259 339 347 348 418 495 526 553 568 593 601 647 683 

Test #333
31 59 140 147 202 224 259 339 347 348 418 495 526 553 568 593 601 647 683 

Test #334
31 59 140 147 202 224 259 339 347 348 418 495 526 553 568 593 601 647 683 

Test #335
31 59 140 147 202 224 259 339 347 348 418 495 526 553 568 593 601 647 683 

Test #336
31 59 140 147 202 224 259 339 347 348 418 495 526 553 568 593 601 647 683 

Test #337
31 59 140 147 202 224 259 339 347 348 418 495 526 553 568 593 601 647 683 

Test #338
31 59 140 147 202 224 259 339 347 348 418 495 526 553 568 593 601 647 683 

Test #339
31 59 140 147 202 224 259 339 347 348 418 495 526 553 568 593 601 647 683 

Test #340
31 59 140 147 202 224 259 339 347 348 418 495 526 553 568 593 601 647 683 

Test #341
31 59 140 147 202 224 259 339 347 348 418 495 526 553 568 593 601 647 683 

Test #342
31 59 140 147 202 224 259 339 347 348 418 495 526 553 568 593 601 647 683 

Test #343
31 59 140 147 202 224 259 339 347 348 418 495 526 553 568 593 601 647 683 

Test #344
31 59 140 147 202 224 259 339 347 348 418 495 526 553 568 593 601 647 683 

Test #345
31 59 140 147 202 224 259 339 347 348 418 495 526 553 568 593 601 647 683 

Test #346
31 59 140 147 202 224 259 339 347 348 418 495 526 553 568 593 601 647 683 

Test #347
31 59 140 147 202 224 259 339 347 348 418 495 526 553 568 593 601 647 683 

Test #348
31 59 140 147 202 224 259 339 347 348 418 495 526 553 568 593 601 647 683 

Test #349
31 59 140 147 202 224 259 339 347 348 418 495 526 553 568 593 601 647 683 

Test #350
31 59 140 147 202 224 259 339 347 348 418 495 526 553 568 593 601 647 683 

Test #351
31 59 140 147 202 224 259 339 347 348 418 495 526 553 568 593 601 647 683 

Test #352
31 59 140 147 202 224 259 339 347 348 418 495 526 553 568 593 601 647 683 

Test #353
31 59 140 147 202 224 259 339 347 348 418 495 526 553 568 593 601 647 683 

Test #354
31 59 140 147 202 224 259 339 347 348 418 495 526 553 568 593 601 647 683 

Test #355
31 59 140 147 202 224 259 339 347 348 418 495 526 553 568 593 601 647 683 

Test #356
31 59 140 147 202 224 259 339 347 348 418 495 526 553 568 593 601 647 683 

Test #357
31 59 140 147 202 224 259 339 347 348 418 495 526 553 568 593 601 647 683 

Test #358
31 59 140 147 202 224 259 339 347 348 418 495 526 553 568 593 601 647 683 

Test #359
31 59 140 147 202 224 259 339 347 348 418 495 526 553 568 593 601 647 683 

Test #360
31 59 140 147 202 224 259 339 347 348 418 495 526 553 568 593 601 647 683 

Test #361
31 59 140 147 202 224 259 339 347 348 418 495 526 553 568 593 601 647 683 

Test #362
31 59 140 147 202 224 259 339 347 348 418 495 526 553 568 593 601 647 683 

Test #363
31 59 140 147 202 224 259 339 347 348 418 495 526 553 568 593 601 647 683 

Test #364
31 59 140 147 202 224 259 339 347 348 418 495 526 553 568 593 601 647 683 

Test #365
31 59 140 147 202 224 259 339 347 348 418 495 526 553 568 593 601 647 683 

Test #366
31 59 140 147 202 224 259 339 347 348 418 495 526 553 568 593 601 647 683 

Test #367
31 59 140 147 202 224 259 339 347 348 418 495 526 553 568 593 601 647 683 

Test #368
31 59 140 147 202 224 259 339 347 348 418 495 526 553 568 593 601 647 683 

Test #369
31 59 140 147 202 224 259 339 347 348 418 495 526 553 568 593 601 647 683 

Test #370
31 59 140 147 202 224 259 339 347 348 418 495 526 553 568 593 601 647 683 

Test #371
31 59 140 147 202 224 259 339 347 348 418 495 526 553 568 593 601 647 683 

Test #372
31 59 140 147 202 224 259 339 347 348 418 495 526 553 568 593 601 647 683 

Test #373
31 59 140 147 202 224 259 339 347 348 418 495 526 553 568 593 601 647 683 

Test #374
31 59 140 147 202 224 259 339 347 348 418 495 526 553 568 593 601 647 683 

Test #375
31 59 140 147 202 224 259 339 347 348 418 495 526 553 568 593 601 647 683 

Test #376
31 59 140 147 202 224 259 339 347 348 418 495 526 553 568 593 601 647 683 

Test #377
31 59 140 147 202 224 259 339 347 348 418 495 526 553 568 593 601 647 683 

Test #378
31 59 140 147 202 224 259 339 347 348 418 495 526 553 568 593 601 647 683 

Test #379
31 59 140 147 202 224 259 339 347 348 418 495 526 553 568 593 601 647 683 

Test #380
31 59 140 147 202 224 259 339 347 348 418 495 526 553 568 593 601 647 683 

Test #381
31 59 140 147 202 224 259 339 347 348 418 495 526 553 568 593 601 647 683 

Test #382
31 59 140 147 202 224 259 339 347 348 418 495 526 553 568 593 601 647 683 

Test #383
31 59 140 147 202 224 259 339 347 348 418 495 526 553 568 593 601 647 683 

Test #384
31 59 140 147 202 224 259 339 347 348 418 495 526 553 568 593 601 647 683 

Test #385
31 59 140 147 202 224 259 339 347 348 418 495 526 553 568 593 601 647 683 

Test #386
31 59 140 147 202 224 259 339 347 348 418 495 526 553 568 593 601 647 683 

Test #387
31 59 140 147 202 224 259 339 347 348 418 495 526 553 568 593 601 647 683 

Test #388
31 59 140 147 202 224 259 339 347 348 418 495 526 553 568 593 601 647 683 

Test #389
31 59 140 147 202 224 259 339 347 348 418 495 526 553 568 593 601 647 683 

Test #390
31 59 140 147 202 224 259 339 347 348 418 495 526 553 568 593 601 647 683 

Test #391
31 59 140 147 202 224 259 339 347 348 418 495 526 553 568 593 601 647 683 

Test #392
31 59 140 147 202 224 259 339 347 348 418 495 526 553 568 593 601 647 683 

Test #393
31 59 140 147 202 224 259 339 347 348 418 495 526 553 568 593 601 647 683 

Test #394
31 59 140 147 202 224 259 339 347 348 418 495 526 553 568 593 601 647 683 

Test #395
31 59 140 147 202 224 259 339 347 348 418 495 526 553 568 593 601 647 683 

Test #396
31 59 140 147 202 224 259 339 347 348 418 495 526 553 568 593 601 647 683 

Test #397
31 59 140 147 202 224 259 339 347 348 418 495 526 553 568 593 601 647 683 

Test #398
31 59 140 147 202 224 259 339 347 348 418 495 526 553 568 593 601 647 683 

Test #399
31 59 140 147 202 224 259 339 347 348 418 495 526 553 568 593 601 647 683 

Test #400
31 59 140 147 202 224 259 339 347 348 418 495 526 553 568 593 601 647 683 

Test #401
31 59 140 147 202 224 259 339 347 348 418 495 526 553 568 593 601 647 683 

Test #402
31 59 140 147 202 224 259 339 347 348 418 495 526 553 568 593 601 647 683 

Test #403
31 59 140 147 202 224 259 339 347 348 418 495 526 553 568 593 601 647 683 

Test #404
31 59 140 147 202 224 259 339 347 348 418 495 526 553 568 593 601 647 683 

Test #405
31 59 140 147 202 224 259 339 347 348 418 495 526 553 568 593 601 647 683 

Test #406
31 59 140 147 202 224 259 339 347 348 418 495 526 553 568 593 601 647 683 

Test #407
31 59 140 147 202 224 259 339 347 348 418 495 526 553 568 593 601 647 683 

Test #408
31 59 140 147 202 224 259 339 347 348 418 495 526 553 568 593 601 647 683 

Test #409
31 59 140 147 202 224 259 339 347 348 418 495 526 553 568 593 601 647 683 

Test #410
31 59 140 147 202 224 259 339 347 348 418 495 526 553 568 593 601 647 683 

Test #411
31 59 140 147 202 224 259 339 347 348 418 495 526 553 568 593 601 647 683 

Test #412
31 59 140 147 202 224 259 339 347 348 418 495 526 553 568 593 601 647 683 

Test #413
31 59 140 147 202 224 259 339 347 348 418 495 526 553 568 593 601 647 683 

Test #414
31 59 140 147 202 224 259 339 347 348 418 495 526 553 568 593 601 647 683 

Test #415
31 59 140 147 202 224 259 339 347 348 418 495 526 553 568 593 601 647 683 

Test #416
31 59 140 147 202 224 259 339 347 348 418 495 526 553 568 593 601 647 683 

Test #417
31 59 140 147 202 224 259 339 347 348 418 495 526 553 568 593 601 647 683 

Test #418
31 59 140 147 202 224 259 339 347 348 418 495 526 553 568 593 601 647 683 

Test #419
31 59 140 147 202 224 259 339 347 348 418 495 526 553 568 593 601 647 683 

Test #420
31 59 140 147 202 224 259 339 347 348 418 495 526 553 568 593 601 647 683 

Test #421
31 59 140 147 202 224 259 339 347 348 418 495 526 553 568 593 601 647 683 

Test #422
31 59 140 147 202 224 259 339 347 348 418 495 526 553 568 593 601 647 683 

Test #423
31 59 140 147 202 224 259 339 347 348 418 495 526 553 568 593 601 647 683 

Test #424
31 59 140 147 202 224 259 339 347 348 418 495 526 553 568 593 601 647 683 

Test #425
31 59 140 147 202 224 259 339 347 348 418 495 526 553 568 593 601 647 683 

Test #426
31 59 140 147 202 224 259 339 347 348 418 495 526 553 568 593 601 647 683 

Test #427
31 59 140 147 202 224 259 339 347 348 418 495 526 553 568 593 601 647 683 

Test #428
31 59 140 147 202 224 259 339 347 348 418 495 526 553 568 593 601 647 683 

Test #429
31 59 140 147 202 224 259 339 347 348 418 495 526 553 568 593 601 647 683 

Test #430
31 59 140 147 202 224 259 339 347 348 418 495 526 553 568 593 601 647 683 

Test #431
31 59 140 147 202 224 259 339 347 348 418 495 526 553 568 593 601 647 683 

Test #432
31 59 140 147 202 224 259 339 347 348 418 495 526 553 568 593 601 647 683 

Test #433
31 59 140 147 202 224 259 339 347 348 418 495 526 553 568 593 601 647 683 

Test #434
31 59 140 147 202 224 259 339 347 348 418 495 526 553 568 593 601 647 683 

Test #435
31 59 140 147 202 224 259 339 347 348 418 495 526 553 568 593 601 647 683 

Test #436
31 59 140 147 202 224 259 339 347 348 418 495 526 553 568 593 601 647 683 

Test #437
31 59 140 147 202 224 259 339 347 348 418 495 526 553 568 593 601 647 683 

Test #438
31 59 140 147 202 224 259 339 347 348 418 495 526 553 568 593 601 647 683 

Test #439
31 59 140 147 202 224 259 339 347 348 418 495 526 553 568 593 601 647 683 

Test #440
31 59 140 147 202 224 259 339 347 348 418 495 526 553 568 593 601 647 683 

Test #441
31 59 140 147 202 224 259 339 347 348 418 495 526 553 568 593 601 647 683 

Test #442
31 59 140 147 202 224 259 339 347 348 418 495 526 553 568 593 601 647 683 

Test #443
31 59 140 147 202 224 259 339 347 348 418 495 526 553 568 593 601 647 683 

Test #444
31 59 140 147 202 224 259 339 347 348 418 495 526 553 568 593 601 647 683 

Test #445
31 59 140 147 202 224 259 339 347 348 418 495 526 553 568 593 601 647 683 

Test #446
31 59 140 147 202 224 259 339 347 348 418 495 526 553 568 593 601 647 683 

Test #447
31 59 140 147 202 224 259 339 347 348 418 495 526 553 568 593 601 647 683 

Test #448
31 59 140 147 202 224 259 339 347 348 418 495 526 553 568 593 601 647 683 

Test #449
31 59 140 147 202 224 259 339 347 348 418 495 526 553 568 593 601 647 683 

Test #450
31 59 140 147 202 224 259 339 347 348 418 495 526 553 568 593 601 647 683 

Test #451
31 59 140 147 202 224 259 339 347 348 418 495 526 553 568 593 601 647 683 

Test #452
31 59 140 147 202 224 259 339 347 348 418 495 526 553 568 593 601 647 683 

Test #453
31 59 140 147 202 224 259 339 347 348 418 495 526 553 568 593 601 647 683 

Test #454
31 59 140 147 202 224 259 339 347 348 418 495 526 553 568 593 601 647 683 

Test #455
31 59 140 147 202 224 259 339 347 348 418 495 526 553 568 593 601 647 683 

Test #456
31 59 140 147 202 224 259 339 347 348 418 495 526 553 568 593 601 647 683 

Test #457
31 59 140 147 202 224 259 339 347 348 418 495 526 553 568 593 601 647 683 

Test #458
31 59 140 147 202 224 259 339 347 348 418 495 526 553 568 593 601 647 683 

Test #459
31 59 140 147 202 224 259 339 347 348 418 495 526 553 568 593 601 647 683 

Test #460
31 59 140 147 202 224 259 339 347 348 418 495 526 553 568 593 601 647 683 

Test #461
31 59 140 147 202 224 259 339 347 348 418 495 526 553 568 593 601 647 683 

Test #462
31 59 140 147 202 224 259 339 347 348 418 495 526 553 568 593 601 647 683 

Test #463
31 59 140 147 202 224 259 339 347 348 418 495 526 553 568 593 601 647 683 

Test #464
31 59 140 147 202 224 259 339 347 348 418 495 526 553 568 593 601 647 683 

Test #465
31 59 140 147 202 224 259 339 347 348 418 495 526 553 568 593 601 647 683 

Test #466
31 59 140 147 202 224 259 339 347 348 418 495 526 553 568 593 601 647 683 

Test #467
31 59 140 147 202 224 259 339 347 348 418 495 526 553 568 593 601 647 683 

Test #468
31 59 140 147 202 224 259 339 347 348 418 495 526 553 568 593 601 647 683 

Test #469
31 59 140 147 202 224 259 339 347 348 418 495 526 553 568 593 601 647 683 

Test #470
31 59 140 147 202 224 259 339 347 348 418 495 526 553 568 593 601 647 683 

Test #471
31 59 140 147 202 224 259 339 347 348 418 495 526 553 568 593 601 647 683 

Test #472
31 59 140 147 202 224 259 339 347 348 418 495 526 553 568 593 601 647 683 

Test #473
31 59 140 147 202 224 259 339 347 348 418 495 526 553 568 593 601 647 683 

Test #474
31 59 140 147 202 224 259 339 347 348 418 495 526 553 568 593 601 647 683 

Test #475
31 59 140 147 202 224 259 339 347 348 418 495 526 553 568 593 601 647 683 

Test #476
31 59 140 147 202 224 259 339 347 348 418 495 526 553 568 593 601 647 683 

Test #477
31 59 140 147 202 224 259 339 347 348 418 495 526 553 568 593 601 647 683 

Test #478
31 59 140 147 202 224 259 339 347 348 418 495 526 553 568 593 601 647 683 

Test #479
31 59 140 147 202 224 259 339 347 348 418 495 526 553 568 593 601 647 683 

Test #480
31 59 140 147 202 224 259 339 347 348 418 495 526 553 568 593 601 647 683 

Test #481
31 59 140 147 202 224 259 339 347 348 418 495 526 553 568 593 601 647 683 

Test #482
31 59 140 147 202 224 259 339 347 348 418 495 526 553 568 593 601 647 683 

Test #483
31 59 140 147 202 224 259 339 347 348 418 495 526 553 568 593 601 647 683 

Test #484
31 59 140 147 202 224 259 339 347 348 418 495 526 553 568 593 601 647 683 

Test #485
31 59 140 147 202 224 259 339 347 348 418 495 526 553 568 593 601 647 683 

Test #486
31 59 140 147 202 224 259 339 347 348 418 495 526 553 568 593 601 647 683 

Test #487
31 59 140 147 202 224 259 339 347 348 418 495 526 553 568 593 601 647 683 

Test #488
31 59 140 147 202 224 259 339 347 348 418 495 526 553 568 593 601 647 683 

Test #489
31 59 140 147 202 224 259 339 347 348 418 495 526 553 568 593 601 647 683 

Test #490
31 59 140 147 202 224 259 339 347 348 418 495 526 553 568 593 601 647 683 

Test #491
31 59 140 147 202 224 259 339 347 348 418 495 526 553 568 593 601 647 683 

Test #492
31 59 140 147 202 224 259 339 347 348 418 495 526 553 568 593 601 647 683 

Test #493
31 59 140 147 202 224 259 339 347 348 418 495 526 553 568 593 601 647 683 

Test #494
31 59 140 147 202 224 259 339 347 348 418 495 526 553 568 593 601 647 683 

Test #495
31 59 140 147 202 224 259 339 347 348 418 495 526 553 568 593 601 647 683 

Test #496
31 59 140 147 202 224 259 339 347 348 418 495 526 553 568 593 601 647 683 

Test #497
31 59 140 147 202 224 259 339 347 348 418 495 526 553 568 593 601 647 683 

Test #498
31 59 140 147 202 224 259 339 347 348 418 495 526 553 568 593 601 647 683 

Test #499
31 59 140 147 202 224 259 339 347 348 418 495 526 553 568 593 601 647 683 

Test #500
31 59 140 147 202 224 259 339 347 348 418 495 526 553 568 593 601 647 683 

